4.45337
4.56851
4.41662
4.37665
4.35777
4.30946
4.45928
4.07887
3.95570
4.05645
4.04056
4.20440
3.73217
3.72056
3.83494
3.72041
5.32939
5.63636
5.74466
5.72534
5.65605
5.60107
6.05522
6.62704
6.66085
2.94497
2.49231
2.64479
2.94607
2.70566
2.72711
2.70556
2.68751
2.71596
2.69261
2.71611
3.09988
3.20031
3.21159
2.79047
1.93157
1.44684
1.39853
1.36545
1.40450
1.45496
1.47496
1.54655
1.74344
1.60729
1.53661
1.45593
1.58412
1.64810
1.97246
2.44177
2.36019
2.14970
1.95372
1.83197
1.90267
1.90701
1.88734
1.77702
1.86238
1.91412
1.90697
1.93460
2.09176
2.02877
1.94961
1.97535
2.15434
1.78245
1.59455
1.66932
1.57903
1.32593
1.27641
1.28481
1.32265
1.57320
1.78517
1.72309
2.27262
2.15667
2.19588
2.31275
2.44055
2.44971
2.38561
2.55094
2.49969
2.41079
2.35242
2.36525
2.47691
2.19943
2.19567
2.20158
2.29781
2.39093
2.11815
1.77109
1.75179
1.68747
1.73305
1.82518
1.89935
1.94257
2.09229
1.96182
1.88591
1.87798
2.15974
2.19976
2.06198
1.95807
2.08423
2.35384
2.31187
2.09241
1.94191
1.76350
1.80317
1.73452
3.53521
4.67628
4.81567
4.64147
5.36372
1.64009
1.44426
0.98391
1.17110
0.92085
0.87645
0.92524
0.92831
1.47778
1.38777
1.36411
1.46942
1.53506
1.42592
1.37981
1.65407
1.90501
1.75608
1.60464
1.65278
1.77832
1.62337
1.69688
1.66075
1.57378
2.18088
2.61561
3.44864
3.70893
3.67636
3.40220
3.52950
3.60617
3.49410
3.28574
3.37204
3.40788
2.54189
2.31151
1.59396
1.56173
1.56943
1.54822
1.71837
1.71496
1.64950
1.29933
1.82288
1.64848
1.53413
1.84755
1.49934
1.50259
1.54042
1.68617
1.77224
1.58922
1.59244
1.61265
1.71400
1.56908
1.65138
1.74933
1.83740
1.69024
0.95459
1.43069
1.44530
1.50742
1.42927
1.58439
1.61605
1.62239
1.51659
1.51558
1.60521
1.61761
1.67114
1.67553
1.73608
1.79952
1.68672
1.67213
1.55559
1.30265
1.36989
1.65148
1.71560
1.78934
1.81059
1.60972
1.70435
1.63523
1.68684
1.62393
1.49116
2.26244
2.19225
1.97876
1.59210
1.68039
1.63710
1.58731
1.36538
1.36797
1.82945
1.69796
1.61282
1.73685
1.66431
1.73890
1.71343
1.88444
1.86506
1.96716
1.89245
1.85775
1.79539
1.82080
2.03993
1.97684
2.28336
2.41813
1.98138
2.19619
2.16580
2.20869
2.35034
2.29237
2.22510
2.20147
2.15706
2.09184
2.22211
2.40270
2.29480
2.31871
2.39560
2.51297
2.32298
2.34806
2.36776
2.15658
2.08402
2.72626
2.88699
3.43939
3.53024
3.52353
3.47221
3.47595
3.51657
4.07656
4.04118
3.97780
4.20264
3.92527
