0.58593
0.58733
0.54934
0.57316
0.58842
0.55930
0.55611
0.49211
0.57487
0.65536
0.69429
0.61763
0.62022
0.49470
0.49382
0.51316
0.57337
0.82876
1.32845
1.31598
1.37350
1.11449
1.37483
1.23957
0.98305
1.07824
0.96777
0.82928
1.07039
1.59356
1.15354
0.73459
0.56776
0.58111
0.58166
0.66014
0.64053
0.54711
0.53160
0.46105
0.37262
0.41407
0.54034
0.55158
0.61261
0.41049
0.37098
0.37659
0.45100
0.46516
0.49706
0.67013
0.67029
0.66975
0.72066
0.80735
0.84108
0.78454
0.74421
0.67025
0.68619
0.74911
0.76208
0.67049
0.67131
0.67211
0.67101
0.73331
0.83471
0.82673
0.78738
0.72664
0.66969
0.71200
0.84150
0.83499
0.76276
0.76300
0.76186
0.76255
0.85456
0.96436
0.80984
0.77968
0.77062
0.84166
0.67587
0.46187
0.42960
0.37690
0.37577
0.37805
0.52214
0.46083
0.56354
0.49160
0.49688
0.40327
0.49584
0.46002
0.46649
0.40837
0.38023
0.37855
0.37768
0.52743
0.45630
0.54427
0.48999
0.49338
0.41836
0.50194
0.45632
0.46816
0.37759
0.37795
0.45617
0.52515
0.60708
0.58978
0.58268
0.57700
0.56522
0.47616
0.56839
0.46658
0.40415
0.37866
0.37918
0.37938
0.53756
0.47608
0.41401
0.48509
0.49088
0.49626
0.42924
0.58393
0.43096
0.37585
0.37512
0.37539
0.39330
0.58012
0.45050
0.37516
0.45059
0.48854
0.49142
0.55035
0.54199
0.37988
0.37401
0.37512
0.37578
0.42348
0.58507
0.46790
0.48963
0.61034
0.57233
0.93635
2.47700
1.28341
1.12859
1.28962
1.62113
2.34276
2.68862
3.50391
1.86717
1.61738
1.46874
0.68064
1.36117
0.79510
0.60362
0.53610
0.53949
0.54187
0.55675
0.67206
0.76013
0.55239
0.93669
0.90948
2.54997
4.04291
3.34852
0.63865
0.41214
0.38621
0.37578
0.39872
0.56280
0.73211
0.71983
0.75770
0.83067
0.86595
0.94215
0.89868
0.76170
0.75658
0.67063
0.67104
0.72231
0.75461
0.70816
0.67009
0.67021
0.70915
0.79891
0.86618
0.82880
0.67065
0.67045
0.71274
0.79378
0.86223
0.89228
0.79406
0.79423
0.79792
0.80875
0.96012
0.99399
0.93727
0.79147
0.79413
0.74854
0.52955
0.58291
0.68134
0.50374
0.49981
0.50025
0.56250
0.75567
3.17621
5.07830
4.99705
2.28819
0.61271
0.66968
0.67074
0.57482
0.49947
0.49940
0.62573
0.60881
0.69664
0.61322
0.59539
0.49889
0.62466
0.56590
0.59282
0.49849
0.49801
0.49813
0.54871
0.64115
0.60039
0.60928
0.61119
0.61420
0.50010
0.69138
0.59596
0.50718
0.50088
0.51392
0.50025
0.66379
0.61121
0.56989
0.61242
0.61562
0.64882
0.64651
0.80589
0.60102
0.58977
0.58763
0.58840
0.64965
0.75315
