13.61325
5.17390
13.64932
4.97007
6.75095
11.72177
4.11013
12.37213
4.66345
6.53205
12.75048
6.74708
15.15828
7.01457
7.70120
15.25367
5.87878
4.47240
13.06078
4.80817
4.24092
11.59713
2.09425
2.66383
12.77797
4.38515
8.59898
6.36632
3.12695
4.43523
8.78253
2.06795
2.16807
10.49053
2.90448
3.10478
11.69857
3.07698
2.11930
10.48722
1.95470
1.95225
5.78153
7.81622
3.38338
2.92800
11.54070
1.86955
1.86820
8.18510
4.05297
1.94592
2.93878
11.29833
2.93635
2.79362
1.88005
10.24682
1.88463
1.89032
2.24750
11.17415
2.95230
2.94533
2.63688
10.10687
1.89688
1.90883
10.05952
2.68728
2.94867
3.22145
11.22378
2.42895
1.89832
1.97265
9.99775
1.89487
2.40455
11.44848
2.97528
2.97960
2.10740
10.30935
1.91633
1.92120
1.92665
11.31413
2.96522
2.97330
2.96645
9.86700
1.89613
1.92140
10.25923
2.13945
2.97543
2.98093
6.49487
8.63372
2.29252
2.80990
2.15803
13.42363
6.08208
3.58833
5.47597
12.92483
4.73922
4.68452
3.66978
11.16568
2.71883
4.54815
7.25223
9.85920
1.94983
1.96365
10.09845
1.90803
2.19055
3.19418
11.39592
3.71633
1.21483
9.74170
1.07937
1.06873
1.00007
9.79797
2.00980
2.02127
9.73393
2.44148
2.26853
9.97390
5.42933
3.93415
4.73282
11.00020
2.93697
6.30663
6.38517
2.30067
15.68128
3.14240
2.13353
11.36203
2.92257
11.25142
1.89237
10.60367
1.87367
10.19070
2.89132
5.65050
8.19617
6.37628
7.46582
7.98988
4.46535
8.50958
4.14550
10.75838
2.65145
11.78903
2.90085
10.99157
1.93572
11.06160
2.01597
11.26430
3.98150
10.51162
9.21395
6.64218
12.27245
2.36107
11.61310
1.88212
10.75638
1.68810
12.03363
6.96585
6.76410
10.98715
1.13393
11.71317
1.23053
11.12435
2.01008
12.16782
6.71248
6.95617
11.38332
1.12640
11.44990
1.12792
11.79053
2.21992
12.78187
2.23208
11.95565
6.24463
7.21395
11.77173
1.84675
13.15035
2.18702
14.39598
1.81403
13.85283
1.14700
14.49033
1.28272
16.53740
3.24662
18.40218
3.51875
20.73055
3.30795
28.96852
19.25128
4.47975
12.76608
3.49653
13.55573
4.35503
11.33798
1.55295
10.71310
1.53032
10.63102
1.53297
12.34552
2.60122
13.05212
3.33982
12.65178
2.85458
15.75313
6.76525
15.70193
7.06637
13.53297
8.25463
16.01055
5.09643
17.09233
8.02283
9.25730
13.58648
6.87952
15.77492
9.15097
14.71455
7.59777
16.10860
2.54910
10.78973
1.46282
10.64058
1.46828
8.86363
3.86595
3.94308
10.17242
2.92945
11.18357
3.48817
13.41448
4.36227
13.85313
6.27755
15.24860
6.16572
14.81837
5.56782
10.66152
10.26555
5.58752
15.38820
7.85133
15.79680
6.20002
14.77187
5.64743
14.53113
