2.27245
2.11518
2.25772
2.35083
2.44312
2.11426
2.13686
2.14850
2.14666
2.03648
2.08246
2.34769
2.38462
2.42866
1.98413
2.23641
2.49578
2.51486
2.63766
2.77604
2.90297
2.87637
2.85919
2.72368
2.74261
2.68967
2.45142
2.25760
2.35097
2.46478
2.26152
2.34555
2.17764
2.10748
2.06037
1.99131
1.95442
1.42053
1.53122
1.60272
1.68944
1.87747
2.58040
1.54386
1.53008
1.52813
1.58965
1.65527
1.64907
1.72554
1.60006
1.51578
1.51860
1.51970
1.36608
1.37743
1.62086
1.45152
1.56600
1.43453
1.30831
1.39142
1.32560
1.29356
1.36006
1.47718
1.51349
1.45492
1.45191
1.56313
1.46535
1.43107
1.45217
1.46609
1.40533
1.28437
1.40518
1.35823
1.89473
1.97190
1.86813
1.60778
1.66495
1.55619
1.43059
1.41383
1.39942
1.39166
1.39677
1.44417
1.57005
1.61619
1.68310
2.36706
1.45686
1.45749
1.40599
1.31399
1.18848
1.30618
1.26408
1.24106
1.77804
1.95629
1.90027
1.26394
1.25811
1.38272
1.26960
1.36514
1.41598
1.43219
1.41759
1.14393
1.05338
0.81453
0.97543
1.04307
1.04382
1.10148
1.28451
1.29028
1.32225
1.23155
1.00755
1.56524
1.01505
0.86258
0.86483
1.00599
1.02662
0.97412
1.04194
1.04401
1.04725
0.88347
0.99471
1.01901
0.81830
0.86462
1.62233
1.06385
1.04805
1.18534
1.05576
0.88512
0.87711
0.87819
0.97093
1.08046
1.19818
1.26832
0.89429
0.82520
0.83211
0.83030
0.90409
1.10937
1.33660
1.58755
1.03907
0.88812
1.22342
1.33102
1.37744
2.08706
1.87350
1.45244
1.29541
1.24194
1.64700
2.02476
2.12739
1.73572
1.62172
1.62036
1.48015
1.26634
0.88938
0.93830
0.84330
0.95517
0.95582
0.96229
0.80030
0.82944
0.93780
0.83176
0.79877
0.95155
0.95677
0.95902
0.84389
0.93778
0.83314
0.77115
0.81772
0.95404
0.95717
1.03138
0.95035
0.82802
0.77257
0.76823
0.82720
0.95618
1.03139
1.13727
0.82803
0.76952
0.76936
0.76791
0.83274
1.03103
1.13431
1.01584
0.78913
0.76809
0.76786
0.77081
0.90402
1.12591
1.00158
0.95870
0.85125
0.78445
0.82348
0.86148
0.96916
0.98890
0.95494
0.95994
0.85702
0.76741
0.86586
0.93967
0.79822
0.94259
0.95586
0.95702
0.92168
0.86998
0.98793
0.89403
0.86901
1.05129
1.06230
1.06354
1.17898
1.18207
0.89157
0.87703
0.87534
0.97713
1.06015
1.18791
1.24303
1.06250
1.06487
0.92058
0.95184
0.87682
1.06749
1.30070
1.12659
1.12653
1.12861
1.11222
0.99226
1.31257
1.33684
1.24334
1.35586
1.43447
1.44333
1.54820
1.66526
1.86974
2.11424
1.92550
1.92702
1.92364
1.98449
2.27077
2.27772
2.12432
2.12723
2.13294
