12.00947
12.22580
12.79848
12.49237
12.35720
14.90387
14.90343
14.96235
13.95578
12.56945
12.79323
12.74733
12.66687
12.55720
12.67263
13.00708
11.86890
11.91468
11.97733
13.00675
12.79410
12.64902
11.93258
12.01520
12.03825
13.16327
12.23587
13.19068
13.02858
12.82865
12.60622
11.35380
10.36497
9.79330
9.97977
10.75863
9.58208
9.35022
11.82487
12.07652
10.08415
10.15125
8.41553
8.06083
8.41790
9.36103
8.42970
9.18845
9.63593
9.55878
8.43005
8.76385
8.97398
8.77538
9.06513
10.41283
9.43113
8.35868
8.31412
9.10953
9.72837
10.26927
10.32572
10.27620
9.88065
11.49338
10.93245
11.28345
11.23730
11.29725
11.32470
10.57358
10.49595
10.47055
10.24768
12.39015
11.97102
11.08513
11.09998
10.74543
10.24083
10.29048
10.48467
11.22983
12.32768
11.02672
10.71928
10.74483
10.64612
10.84550
11.55447
11.56385
11.81007
11.28358
12.42158
11.23953
11.26943
11.19178
11.53553
11.06807
10.61425
10.74143
9.85275
9.75397
10.98263
10.90647
10.88537
10.77807
10.39592
10.58560
10.60397
10.48590
10.91868
10.69600
11.17848
10.26975
10.12470
10.16005
10.42732
10.39422
10.94605
10.80295
11.81793
10.45012
11.37900
11.13733
11.14405
11.37433
12.11093
11.53692
11.25723
10.87633
11.31335
10.62667
11.35313
10.12155
10.59202
10.41562
10.18407
9.66065
9.61777
10.17255
10.23578
10.53685
13.32427
12.58800
12.30142
11.26390
11.84312
11.92193
12.20325
21.19322
17.88955
12.89068
12.04937
11.27352
11.98715
12.12747
12.09317
11.69640
11.29252
11.13607
10.29352
11.04578
10.07800
10.49307
19.85052
16.17388
12.86458
12.77612
21.88917
24.03722
12.14935
13.81302
10.41635
23.43947
18.31920
11.91875
11.71697
11.70970
11.74103
11.34772
11.02377
12.57365
13.50203
12.77082
12.53077
11.70572
11.73522
11.84753
12.18935
10.25277
11.05495
16.77125
16.05460
9.35000
8.21210
8.41767
8.15257
8.06953
8.68615
8.98067
10.75120
9.40443
9.05260
9.25073
9.72285
9.54863
9.84627
10.10847
9.45590
8.91257
9.36358
8.23585
8.46260
8.65817
8.86455
8.97457
9.00028
8.26290
8.33385
9.20303
10.45718
10.01737
10.46225
10.53687
10.29827
9.93997
9.93245
9.15622
9.08952
9.97775
11.51350
10.16925
9.49467
9.48217
9.46942
9.23892
9.04942
9.65238
10.14132
10.15097
10.63063
9.57067
9.59692
9.67613
10.44767
10.56107
10.63327
9.20382
8.95843
9.31017
10.11460
9.31640
9.72808
9.69210
9.15612
9.42085
9.20472
9.09117
9.72837
10.30253
11.16037
9.88660
8.98052
9.20522
8.98483
8.65477
8.70062
8.57093
8.85102
8.42848
8.79573
7.68245
8.07587
8.62400
8.81508
8.79893
8.16108
8.28160
8.89018
8.78907
10.52232
9.92655
9.79610
9.50790
11.56983
11.70192
