3.97815
4.45147
4.45508
4.49720
4.16838
4.13253
4.68958
4.70535
5.32080
5.90548
5.94653
5.93343
5.94567
5.99750
6.20158
6.27220
5.68492
5.25858
4.50245
3.84858
3.88120
3.93470
4.16612
4.78565
5.58153
5.67427
5.71253
5.65023
5.69782
5.94862
6.30252
6.51282
6.66580
6.70887
5.66482
5.26732
4.87783
4.69313
5.40317
6.02980
5.83430
5.29295
5.30990
5.03023
4.87397
3.60460
3.28390
3.33657
3.40050
3.38735
3.29168
3.32473
3.35970
3.47325
3.29800
2.68223
2.71607
2.29365
2.21787
2.86877
2.99283
3.15835
3.03122
3.27340
3.26532
3.26910
2.48815
2.45618
2.49255
2.87182
3.95262
4.09238
4.10788
5.28340
7.04393
6.87420
6.67893
6.20990
5.65438
5.65752
5.42467
3.59767
2.97435
3.03712
3.07723
3.11395
3.19387
2.47977
2.35195
2.21102
2.28760
4.55175
5.24477
4.93518
5.55998
5.72158
4.94432
3.55412
4.79283
9.08223
8.78420
9.08057
5.87465
4.80022
4.82807
9.53133
9.09550
8.60798
3.43743
3.14748
3.83640
5.16970
5.41207
5.29300
3.90942
3.07928
4.84188
3.77233
1.68947
1.90928
1.89978
2.21302
2.72213
2.74447
2.80460
2.57115
2.21367
1.66647
1.41583
1.14755
1.13747
1.72668
2.01053
2.48457
3.52722
2.35797
1.49128
1.45460
2.08250
3.49125
3.84110
4.35080
4.46185
3.98992
3.91222
3.09682
2.12675
2.17538
1.93393
3.56752
3.37513
2.28742
2.32238
3.87747
2.49107
1.51882
2.43610
2.70002
1.92137
4.67368
4.89090
3.94365
4.78900
3.11898
4.19760
4.61145
3.62972
5.88867
4.29248
6.90542
5.07028
11.78738
13.55105
11.46753
1.59450
3.34913
2.02838
2.79763
3.04960
3.02115
3.70025
2.80162
5.48615
2.46080
1.71698
1.72998
1.73605
2.19350
2.46387
2.51580
2.43658
2.14298
1.47155
2.72097
1.45160
1.31963
1.50398
2.02567
2.04835
2.07225
2.13962
1.88952
1.31622
1.43430
1.80693
1.80575
2.42325
2.55278
2.59083
2.65160
2.70615
1.44787
1.35520
1.33830
1.33385
1.67755
2.27298
2.05853
2.08533
2.19573
1.93905
1.32938
1.32798
1.50578
1.81838
2.40220
2.55875
2.58908
2.69108
2.72545
2.06852
1.37077
1.37990
1.38590
1.57507
2.10947
2.12213
2.14283
2.24910
2.25413
1.41098
1.42512
1.43362
1.58410
2.34552
2.66770
2.70562
2.77978
2.89582
2.76067
2.12788
1.69658
1.63282
1.65568
2.26703
2.42135
2.45075
2.52218
2.62035
2.35688
1.79183
1.80755
1.83035
1.84833
2.78650
3.06172
3.10133
3.18487
3.24650
2.94313
2.51172
2.77912
2.77905
2.08548
2.74525
3.24215
3.41325
4.16710
4.80190
4.53997
3.76743
4.34682
4.32452
4.40450
5.02802
5.21855
5.56332
5.43067
