6.84427
6.02223
5.99648
6.01442
6.01213
6.02540
6.01133
5.99533
6.00448
6.01027
6.02605
6.02243
5.96273
5.89762
6.00765
5.91995
5.83798
5.95545
5.90308
5.88955
5.93988
5.86118
6.04260
6.83463
6.20967
2.32635
1.65642
1.64187
1.66138
1.65893
1.65217
1.66652
1.66297
1.68030
1.61840
1.61115
1.69715
1.63898
1.59053
1.67432
1.61345
1.59400
1.67232
1.60248
1.58718
2.28388
2.22530
1.65398
1.65265
1.66090
1.65435
1.65088
1.63947
1.89662
2.33632
2.34072
2.33592
2.24708
2.35327
2.37050
1.56508
1.62568
1.67787
1.57442
1.60607
1.64760
1.53632
1.73532
2.53965
1.87543
1.64818
1.64442
1.62518
1.61512
1.61358
1.62462
1.62313
1.63352
1.63465
1.63197
1.52372
1.66358
1.65002
1.49685
1.63333
1.61953
1.49120
1.61263
1.59567
1.46917
1.83672
2.49362
1.70198
1.65377
2.10393
2.09248
2.11107
2.11522
2.13412
2.15097
2.17030
2.18780
2.20988
1.74987
1.63530
1.64068
1.53947
1.60915
1.62533
1.50853
1.62710
1.62470
1.51223
1.59067
2.44745
2.05522
1.63308
1.92273
2.28528
2.29115
2.30680
2.31477
2.33448
2.38247
1.63868
1.63058
1.53798
1.66390
1.64392
1.49003
1.59803
1.61857
1.51727
1.60252
1.63175
1.50565
1.68770
2.50733
1.76830
1.62148
1.62025
1.61828
1.61852
1.62017
1.60768
1.59893
1.51112
1.56580
1.82167
1.57003
1.54910
1.64070
1.60368
1.55063
2.13385
2.55417
1.67763
1.69323
1.70148
1.71892
1.64663
1.68422
1.69813
1.58455
1.71435
1.68717
1.60620
1.72778
1.65842
1.64513
2.60650
2.77948
2.61102
2.63112
2.06640
1.74273
1.73845
1.74685
1.74233
1.73910
1.74443
2.08177
2.50378
2.60022
2.55407
2.54585
2.06805
1.69268
1.65558
1.74260
1.67323
1.67567
2.48270
2.82122
2.64533
2.67250
2.15152
1.75062
1.75092
1.75388
1.75455
1.75587
1.75092
1.72433
1.63958
1.75175
3.44425
5.79525
5.90098
5.80685
5.82137
5.88768
5.80783
5.94383
6.79680
6.11283
5.92038
5.92643
5.92248
5.93185
5.90967
5.91990
5.93468
5.93095
5.94095
5.90050
5.80548
5.92435
5.86008
5.82948
5.92440
5.85467
5.87393
5.92297
5.80870
5.99902
6.81025
6.08522
6.45980
6.57587
6.58578
6.61052
6.65328
6.67262
4.14408
1.72520
1.73048
1.63888
1.68208
1.72602
1.61650
1.68382
1.73108
1.61462
1.69033
1.72015
1.58670
1.96425
2.62328
1.75147
1.71570
1.71947
1.71713
1.71760
1.71640
1.90890
1.70517
1.70617
1.67532
1.59303
1.70332
1.69265
1.58195
1.69937
1.67563
1.57030
1.70072
1.68102
1.56472
1.95792
2.57840
1.70528
1.69272
1.69942
1.70748
1.70477
1.70195
1.69955
