5.25683
5.91270
6.16437
5.57960
4.93915
5.08092
5.08853
5.12885
5.18980
5.71925
6.10250
5.71577
5.19370
5.28322
5.36445
7.28905
8.08415
9.27357
6.41530
6.07605
5.87095
5.82970
5.64838
5.69245
5.61087
5.77980
6.46807
6.45542
5.63057
5.50302
5.64877
5.70893
5.39685
5.62750
6.31422
6.34543
14.02230
23.74642
17.35467
5.37042
5.43795
6.11570
6.22458
7.19930
10.81017
11.14505
7.06655
6.05517
6.02203
5.22317
5.15943
5.21832
7.33973
8.10187
8.41373
7.55337
8.44077
7.97250
7.63973
7.73580
7.50257
7.62988
7.60947
7.27532
8.04277
8.03035
8.04412
8.24675
7.55208
7.22377
6.78725
6.83720
6.63032
6.16753
5.83065
5.70737
6.06693
6.50693
6.67233
5.89170
6.10472
6.34668
6.18103
5.71147
5.69662
5.67987
5.66590
6.44975
6.57010
5.86848
5.69078
5.68390
5.70147
5.74720
5.75417
5.75817
5.76430
6.16303
6.64620
6.32513
5.81772
5.84952
5.84727
5.84673
5.85555
5.85072
5.84853
5.89302
6.66468
6.97395
6.49808
6.94497
5.81075
5.82065
5.82442
5.82845
5.81800
5.81275
6.62052
6.68860
5.83448
5.82688
5.82862
6.04883
6.87117
5.78960
7.46048
12.83297
10.28633
8.63680
5.75003
6.33712
5.96955
3.14500
1.76753
1.78050
1.83707
5.43085
7.51608
6.02505
1.77720
1.76310
1.76090
1.79233
1.79237
1.76953
1.76090
1.79247
9.89225
25.82000
14.93350
2.64395
2.50068
2.85343
1.76680
1.79857
1.79738
2.46358
1.76362
2.59837
3.24198
6.91198
6.31347
1.77678
1.78748
1.75595
1.76200
1.77862
1.77967
2.08330
2.58803
2.48153
1.78255
1.83005
6.51918
6.77877
1.80217
1.81892
2.30522
3.19777
3.60112
2.58855
2.14362
1.76900
1.77152
1.74483
1.76020
2.71912
6.74425
4.78942
2.22438
2.61528
2.25478
1.74957
1.74532
1.77252
1.76682
1.75273
1.74750
1.77213
2.27257
2.60272
3.24957
6.74760
4.15460
1.75432
1.74618
1.76982
1.76800
1.75380
2.43890
2.61378
2.04005
1.74653
1.75067
1.76682
1.77760
1.79062
7.91760
24.99098
14.55888
2.60588
1.82412
1.76427
1.77498
1.74752
1.75525
1.78188
1.77955
2.09865
2.57922
2.40557
1.77688
1.76020
1.76358
2.60333
10.63032
11.48018
8.28863
15.22953
11.89862
15.33115
14.79687
14.99780
16.76295
32.89552
37.48623
38.27250
26.80172
28.53083
5.80323
5.06925
6.28415
4.88757
7.02630
4.89780
4.88090
5.46473
5.38908
4.62538
4.59355
4.90943
5.37187
5.36775
5.36560
5.35147
6.05572
6.21928
5.66760
5.45245
5.42400
5.56763
5.33703
5.35463
5.37385
5.94677
6.22835
5.93952
8.65873
5.47942
5.37693
5.36160
5.19767
5.86665
10.15280
24.67788
14.83167
5.57608
