1.16287
2.14303
2.62478
2.82448
2.34792
2.15907
2.19258
2.83053
2.84603
2.89788
2.37040
2.87672
3.41275
3.22508
2.83305
2.68112
4.93268
18.25947
2.67520
2.80933
3.77012
3.30365
3.03737
2.03708
2.23215
2.75545
2.95203
2.82203
2.83400
2.82693
3.32402
7.18398
11.03305
8.82538
11.50968
12.03777
26.84647
6.46545
0.59287
0.81190
0.81928
1.27518
1.87872
2.26763
2.51772
2.05625
4.39000
5.47085
5.67922
6.06278
5.80805
7.31950
9.25093
9.97473
8.87713
10.71052
11.93493
12.39272
6.67405
13.00065
13.24452
13.41530
14.41907
16.02058
14.96923
16.91215
16.80992
17.52522
17.51903
18.49822
18.24577
18.65098
19.27867
18.50507
17.23930
16.89303
16.93910
17.97038
20.06933
21.53463
12.84057
17.79827
15.68843
22.34295
11.21997
6.39425
6.01212
5.73502
6.34622
6.88657
11.35973
21.02508
17.40998
23.81607
25.79687
14.73670
17.84138
22.89992
22.32197
22.07670
21.86077
21.16008
20.93522
21.41837
22.56167
23.05915
22.23333
20.94893
20.84295
20.47158
19.83857
19.99988
19.44905
19.11815
18.91932
18.46962
6.88200
6.56618
3.51515
5.29492
5.71147
5.35213
4.52832
5.93558
4.33317
6.44637
13.55818
15.40242
12.82897
12.55825
10.73923
3.99465
10.62958
4.49025
4.55825
6.51453
6.44755
9.23580
10.33792
9.91537
6.75803
8.57425
8.98872
7.57168
7.20875
7.43072
7.00135
5.60213
5.05543
3.72395
3.88195
2.77278
10.33877
9.99485
13.31642
13.00253
13.04060
14.91822
15.05503
15.82477
13.96523
15.79660
16.52197
8.78520
12.74807
1.04270
1.43900
1.56927
1.85452
1.25963
7.23450
7.61732
6.74947
2.16063
0.76278
0.61268
0.65418
1.49165
2.02485
1.47623
0.66283
0.65190
0.65165
0.89620
1.32258
1.34895
0.73390
1.18025
1.41362
0.81748
1.31973
1.33463
0.86138
0.65048
0.65105
0.72890
1.32042
2.03925
1.53935
0.65320
0.65342
0.69598
1.32432
1.33387
0.97617
0.65685
0.80257
1.43263
1.78075
1.33517
0.98788
0.65843
0.65830
0.70738
1.32658
1.33650
1.27260
1.40042
0.99250
0.73878
1.32883
1.33648
0.97097
0.65825
0.65893
0.79117
1.75878
2.08588
1.10003
0.65902
0.65932
0.87963
1.32680
1.34525
0.82353
0.65872
1.24278
1.76755
1.32892
1.36347
0.69260
0.65577
0.65383
1.12042
1.33043
1.26167
1.40030
1.29067
0.65995
1.31195
1.34098
1.07453
0.65992
0.65980
0.82445
1.50277
2.08553
1.37037
0.65950
0.65952
1.02057
1.33372
1.36878
0.68535
0.65438
0.99015
1.93983
1.65482
1.24832
0.66940
0.66875
0.70695
1.33920
1.34812
1.08673
1.18210
1.42095
1.01492
1.47662
1.40578
0.95870
0.70140
0.70430
1.11007
1.63800
2.71912
2.75018
2.69693
