0.19183
0.19357
0.19802
0.19804
0.20681
0.21722
0.23350
0.40197
0.40657
0.34600
0.67129
0.68183
0.49169
0.31610
0.32115
0.32449
0.32630
0.31978
0.28411
0.24144
0.24501
0.20228
0.19607
0.16253
0.18493
0.37069
0.39673
0.40207
0.40714
0.33500
0.30996
0.30925
0.30966
0.30859
0.33687
0.38385
0.37912
0.40072
0.45311
0.39021
0.37350
0.38205
0.39623
0.41836
0.48774
0.41427
0.31236
0.32659
0.30399
0.22038
0.23708
0.25022
0.26747
0.28359
0.29389
0.31314
0.37639
0.42603
0.46098
0.47018
0.44246
0.49247
0.40877
0.42519
0.41900
0.54653
0.49250
0.41983
0.45611
0.51150
0.51898
0.52037
0.53144
0.57327
0.60560
0.48269
0.46082
0.46685
0.56056
0.56281
0.57304
0.58165
0.50920
0.52815
0.56944
0.37974
0.22551
0.21369
0.21933
0.27265
0.26848
0.34120
0.56881
0.31409
0.24614
0.29729
0.26063
0.39819
0.44751
0.50221
0.49272
0.48474
0.54981
0.57524
0.57901
0.57439
0.57099
0.57268
0.48616
0.48186
0.47672
0.47232
0.47221
0.39224
0.47776
0.53687
0.54004
0.53721
0.53352
0.44089
0.43715
0.43478
0.42922
0.41914
0.41395
0.40986
0.45603
0.48170
0.47831
0.47564
0.46665
0.37573
0.36909
0.36118
0.35394
0.34539
0.33739
0.33506
0.32604
0.32119
0.35985
0.38791
0.38046
0.36176
0.36366
0.29756
0.23563
0.24348
0.24275
0.22385
0.21475
0.17937
0.16021
0.21055
0.21770
0.21225
0.21205
0.12818
0.11753
0.11597
0.11056
0.10733
0.10545
0.10452
0.14789
0.18618
0.18623
0.18740
0.33994
0.42172
0.09910
0.09378
0.09133
0.09461
0.40285
0.29545
0.12685
0.20076
0.17732
0.26892
0.56972
0.25378
0.19059
0.22463
0.22844
0.22015
0.35716
0.50898
0.30647
0.22309
0.13796
0.19474
0.47731
0.41391
0.31907
0.05709
0.05638
0.05648
0.05678
0.08036
0.13678
0.13868
0.14143
0.12513
0.05529
0.05649
0.05692
0.05683
0.05647
0.08268
0.13825
0.13966
0.14186
0.14370
0.14917
0.15118
0.15247
0.15309
0.14426
0.16195
0.06580
0.29697
0.40771
0.40938
0.15012
0.13656
0.13823
0.14076
0.14582
0.08107
0.05688
0.05694
0.05598
0.05528
0.05516
0.05507
0.05528
0.05495
0.10827
0.14150
0.14084
0.13839
0.14036
0.14835
0.05450
0.05410
0.05407
0.05783
0.05813
0.05857
0.05642
0.13549
0.13771
0.14021
0.14496
0.07722
0.05535
0.05544
0.05560
0.05496
0.05446
0.05451
0.08004
0.13609
0.13765
0.14161
0.14518
0.13800
0.05476
0.05580
0.05589
0.05588
0.05561
0.05576
0.05807
0.08021
0.14248
0.14271
0.14225
0.14784
0.07047
0.05505
0.05705
0.05769
0.05773
0.05676
0.05688
0.14073
