1.27118
1.31202
1.40403
1.26078
1.21048
1.74335
1.74995
1.74528
1.64120
1.64027
1.64723
1.65245
1.65193
1.92932
2.00972
2.01488
2.01857
1.27867
1.06905
1.24068
1.68918
1.24230
1.14112
1.14008
2.11812
2.62542
2.25552
1.34597
1.30853
1.64172
1.66218
1.37468
2.72382
1.73490
1.69895
2.14343
3.33623
4.90312
5.85867
4.30712
1.63122
1.55895
1.57283
1.69312
1.44885
1.43557
1.46372
1.48428
1.53527
1.54138
1.59727
1.57085
1.52138
1.89005
1.92928
1.89782
1.54255
1.51883
1.49953
1.47717
1.45123
1.45597
1.46018
1.38690
1.50110
1.25738
1.13413
1.17885
1.18167
1.18098
2.37582
2.57363
7.30070
3.09465
1.63748
1.67657
1.69747
1.36913
0.86147
0.85130
0.82780
0.82342
0.82362
1.25685
1.30365
0.90903
0.90370
0.90468
1.17127
1.45560
1.27430
0.94608
0.95607
0.95823
0.96695
1.02318
1.01683
1.02622
1.03728
1.00385
0.85015
0.92108
0.91992
0.90825
0.93685
0.95903
1.25377
1.40560
1.37108
1.50060
1.29257
1.22798
1.18230
0.68867
0.68678
0.71342
1.16930
2.71915
1.36438
2.75682
1.36385
1.33442
0.79942
0.73047
0.75292
0.79203
0.70602
1.07750
2.04095
1.97187
1.99435
12.24142
12.72840
3.51808
15.96515
11.43540
19.69043
17.48070
16.55158
19.72400
20.03943
19.01988
18.42302
23.56265
4.90813
1.06438
1.18010
0.99120
1.38600
10.19213
10.82495
2.06207
3.54188
4.13162
3.43853
4.71062
4.04320
1.34505
1.23140
1.10443
0.87930
1.49997
4.09638
0.78672
1.08883
0.69355
0.62037
0.61340
1.92510
2.03170
8.60578
11.19367
13.46180
15.52720
16.54662
19.30893
17.63410
18.01220
20.62518
19.79685
18.29838
21.41715
22.90393
21.29382
4.75657
0.76125
0.82742
0.82810
0.82703
0.82818
0.83052
0.82882
0.82955
0.82953
0.83050
0.83062
0.83153
0.83070
0.83088
0.83133
0.83065
0.83133
0.83628
0.84712
0.84783
0.84720
0.84968
0.84923
0.85050
0.85285
0.85438
0.85433
0.85440
0.85457
0.85543
0.85395
0.85317
0.85405
0.85368
0.85285
0.85313
0.85362
0.85373
0.85443
0.85590
0.85568
0.85545
0.85343
0.85393
0.85413
0.85538
0.85498
0.85553
0.85595
0.85558
0.85388
0.85550
0.85282
0.85372
0.85410
0.84943
0.84912
0.85238
0.85027
0.85400
0.85485
0.85692
0.84977
0.85020
0.85107
0.85292
0.85947
0.87080
0.87220
0.88088
0.88498
0.88653
0.88140
0.88208
0.88335
0.88137
0.88312
0.88090
0.88438
0.88563
0.88378
0.92362
2.28163
2.29095
2.28462
12.28448
12.23632
17.61508
17.70448
20.80035
20.37315
18.35670
19.46602
22.24228
21.22170
19.52035
20.63278
21.49258
10.36407
1.28028
1.27555
1.27157
1.27480
