1.14202
0.31965
0.31034
0.30000
0.29964
0.29948
0.29921
0.30037
0.30003
0.30198
0.30063
1.06553
1.84541
1.86626
1.66074
1.54502
0.11806
0.23885
0.23912
0.23943
0.24021
0.24075
0.24129
0.24244
0.24422
0.24680
0.18099
0.14712
0.14707
0.14773
0.14755
0.14703
0.14690
1.13349
1.63514
1.63459
1.64217
0.75765
0.14448
0.14369
0.14351
0.14351
0.14318
0.14217
0.14059
0.13937
0.13817
0.21987
0.22828
0.22724
0.22719
0.22678
0.22554
3.46772
1.74461
0.22682
0.22757
0.20632
0.12744
0.12557
0.12305
0.12012
0.11861
0.11660
0.11518
0.22801
0.11344
0.11244
0.32816
1.44308
4.85768
1.28175
0.11241
0.34137
0.50217
0.50019
0.47331
0.34777
0.30283
0.29543
1.55887
3.81721
2.02240
3.70687
3.74294
2.70651
3.32470
4.25353
5.22343
4.31925
4.38142
5.90064
4.40851
0.12860
0.14392
0.13541
0.12501
0.11607
0.17368
0.57031
3.13819
4.84241
5.14994
5.09672
4.93554
5.41575
2.80719
0.09228
0.09251
0.13203
0.38660
3.38554
6.32079
3.65252
0.31208
0.54530
0.76057
0.44407
0.44275
0.44520
0.42454
0.43852
1.23185
1.63014
4.21698
4.32922
4.43502
4.42662
4.42252
4.54318
5.64465
9.95322
1.62863
3.16254
5.23344
5.23623
4.75984
6.26669
6.75392
6.25160
1.65031
1.75564
0.57783
0.15839
0.15903
0.15953
0.17162
0.25293
0.25830
0.31715
1.73968
1.74012
1.74033
1.74673
3.14311
5.23949
0.31525
0.31899
0.32350
0.32720
0.33083
0.47255
1.00598
2.23206
1.94162
1.94358
1.94550
1.95567
1.08282
0.60500
0.65697
0.65814
0.65998
0.66091
0.64061
2.04118
6.59959
3.73711
3.76629
3.91171
3.66619
2.61829
2.39389
1.01597
0.49861
0.42201
0.42159
0.42216
0.42283
1.22080
2.56784
2.58594
2.65528
2.68524
1.70406
1.17572
1.17756
2.13503
2.42194
2.42622
2.42795
2.43140
3.43982
3.86043
2.66225
2.34306
1.69004
0.81660
0.81730
0.81618
0.81607
0.81595
0.81607
0.81750
0.81840
2.27387
2.34335
3.35964
3.86880
3.25467
4.22800
6.31500
2.34768
2.34969
1.26415
0.81655
0.81551
0.81546
2.21876
2.33811
2.34268
2.41087
2.31725
0.90548
0.90492
0.90573
0.90665
0.90607
0.90661
2.09992
2.42878
2.85456
3.85529
3.85704
3.85993
3.12166
2.09070
0.81352
0.81317
0.81264
0.81942
0.81854
0.81837
0.81875
0.81898
1.94737
2.34497
2.34151
2.34394
2.13891
0.81562
0.81421
0.81441
0.81478
0.81463
0.81369
0.81440
0.81407
1.52169
2.40507
1.75178
1.75166
1.75199
1.75558
0.82133
0.24371
0.24540
0.24802
0.18174
0.14830
0.14825
0.14804
0.75315
4.11434
4.50360
1.70358
1.70269
1.69966
