12.72810
9.26420
3.35202
3.37138
3.97332
3.97673
3.98272
4.00083
4.00453
11.74125
20.08852
20.13608
20.12222
4.25023
3.36732
3.35252
3.35485
3.80543
3.97360
3.99150
4.00518
4.01953
3.95482
3.37160
3.37752
3.37082
3.33478
3.30897
3.30422
3.30662
3.48980
3.94603
3.93912
3.74297
3.46648
3.47983
3.18268
2.87697
2.94093
2.96118
3.00230
3.07392
3.16627
3.27558
3.83803
4.74823
8.45015
8.87770
19.65125
26.95345
6.25713
7.41007
7.17588
6.58088
7.04075
7.75832
8.29260
9.09382
10.24810
10.49260
10.57170
10.22702
8.48922
6.79085
6.94503
7.06667
7.26125
7.42563
7.59813
7.87663
8.48747
9.07835
8.38573
6.70667
7.80018
9.00190
8.83337
10.54843
9.73505
8.36813
8.76817
7.93520
8.11020
8.17372
14.81748
19.24115
20.87618
20.35518
20.76225
22.97502
44.21380
36.95180
22.90288
24.07592
25.40227
24.36845
25.81912
26.03588
25.87890
26.42480
25.90292
26.10970
26.29407
27.49738
29.31362
30.42630
77.31528
81.55468
46.93388
24.04095
20.77117
27.60755
27.73697
27.94470
28.48352
29.30090
28.10892
30.13562
54.96790
53.27183
34.44002
12.39058
16.53713
16.85133
17.26023
17.90678
20.17752
18.28317
17.44205
17.29258
17.21990
17.26933
17.63013
18.12998
17.93475
17.69950
17.20630
16.89613
16.77082
16.20132
24.97367
28.95730
37.13232
46.76045
40.82823
40.21118
40.34173
15.38393
14.50437
14.23712
14.24377
13.88043
12.01693
11.91008
11.85243
11.93558
11.17473
11.28050
15.28300
18.52337
22.83098
24.72345
11.67830
11.99648
22.15418
38.52838
38.90575
38.63190
23.51315
21.78905
22.43567
11.98370
5.06670
8.12352
6.54700
10.46952
11.61213
10.14223
15.03113
33.19218
58.22058
27.15635
4.37182
5.08907
5.47432
3.73745
3.24612
2.89270
2.90360
2.93545
2.93638
2.91455
2.89835
2.90585
2.90827
3.42060
3.53748
3.54273
3.52697
2.90093
2.92572
2.92973
2.93257
3.07128
2.92372
2.90305
2.90393
3.13288
3.54172
3.54395
3.56480
3.20708
2.90815
2.92998
2.93282
2.91657
2.90673
2.90810
2.91303
2.91327
3.48702
3.53688
3.55608
3.55968
3.01387
7.95158
19.84237
19.82512
10.59248
3.53522
4.23415
4.23390
4.52268
4.87968
4.88385
4.90037
4.56348
4.25468
4.24198
4.24097
4.24097
4.22988
4.23137
4.23123
4.23490
4.85450
4.87283
4.89988
4.89308
4.23742
4.23465
4.23143
4.24853
3.60893
2.91383
2.90070
2.89843
3.22062
3.53865
3.55172
3.58452
3.24657
2.92553
2.93343
2.92323
2.93328
2.94975
2.96353
2.96962
3.50293
5.95290
10.89252
10.88032
10.92782
33.24700
13.52102
15.39922
18.32020
18.50922
18.60178
18.62725
18.76990
18.99565
17.61168
21.27000
18.47652
21.68780
21.10338
