3.11988
2.67797
2.68108
2.17598
2.65482
2.22220
2.00020
2.13048
2.23375
2.12818
2.02732
1.97965
2.04247
2.03758
2.07467
1.60418
2.10147
2.09788
2.17650
2.31133
2.23112
2.29043
2.36992
2.47253
2.02978
2.04005
2.02400
2.17452
1.94380
2.51002
1.48718
0.22292
0.75140
1.47632
3.77487
6.24285
10.14093
7.68327
11.04718
15.19302
9.28503
1.54105
1.06703
1.36798
1.05580
0.95748
0.91807
0.49472
0.73445
1.43708
2.03325
1.91883
2.15280
2.76628
3.31935
4.21880
5.35963
6.04782
5.62590
6.24248
6.20848
6.43780
6.50687
7.07895
7.76692
5.55815
8.17852
7.79448
8.14458
8.38298
8.75987
11.64477
13.14390
13.49763
13.75938
13.70763
10.60908
10.80713
12.65870
13.71805
14.68805
14.56393
12.29160
14.55428
14.32852
7.71362
4.87108
4.70370
3.87388
4.62357
4.79853
10.28537
9.90165
6.79132
6.14305
7.70085
6.04773
8.40595
11.42627
8.99280
4.49912
11.95425
15.04638
14.22577
15.76368
17.02950
17.03072
12.79172
16.92772
16.60043
15.28278
16.34675
15.84108
16.37177
16.39492
16.28498
16.71792
16.95863
16.81405
16.67472
16.26938
15.89527
15.77463
15.70682
15.98082
14.85033
12.42642
11.29218
11.08492
10.92318
10.74677
10.49760
10.43768
10.67730
10.47997
10.34157
9.94022
9.31212
9.13122
7.67118
8.51175
8.95625
8.79975
7.97140
7.39525
7.14338
5.45960
6.29310
6.29085
5.47607
6.99888
6.67492
6.04662
5.74915
3.54497
2.33810
1.82125
1.93590
2.34638
2.07345
2.18675
1.58125
1.45705
1.10633
0.65873
0.63393
0.52417
0.47283
0.87425
0.81220
0.66663
0.23997
0.09222
0.32490
0.68502
0.77940
0.84438
0.40975
0.39505
0.45372
0.56977
1.27053
1.30052
1.31928
0.88177
0.69907
0.73113
0.30858
0.31777
0.31920
0.34182
0.33785
0.33785
0.32035
0.29465
0.29598
0.30400
0.29647
0.35210
0.34283
0.28955
0.32880
0.33357
0.31605
0.31485
0.32863
0.33560
0.33028
0.20812
0.41545
0.38122
0.98563
1.78573
1.87860
1.03388
0.37477
0.37180
0.36495
0.33923
0.34587
0.35472
0.32925
0.27573
0.27352
0.27160
0.31102
0.30148
0.35067
1.15668
2.27358
2.27010
2.28503
2.28647
2.31978
2.32338
2.30725
1.85423
2.30797
2.29608
2.28368
2.29432
2.26833
2.22815
2.23590
2.46985
2.90307
2.92670
2.90778
2.44178
2.51805
2.29802
2.28522
2.29008
2.27803
2.26490
2.26203
2.20305
2.14782
2.59152
3.20402
3.16813
3.01558
3.47902
3.70605
3.70947
3.67283
4.07247
4.47492
4.46833
4.46010
4.47273
4.37948
4.56512
4.79293
4.83772
4.57607
4.19840
4.16907
3.87475
2.79915
2.80583
2.75052
2.76280
2.29343
2.53862
2.72885
3.36852
3.44048
