0.28931
0.33195
0.41043
0.37763
0.29024
0.28965
0.29049
0.36178
0.41198
0.35062
0.29047
3.02673
0.28907
0.39048
0.41230
0.29468
0.29249
0.34998
0.40971
0.29429
0.28898
0.34492
0.40496
0.31939
0.28748
0.28768
0.33559
0.39953
0.36290
0.28038
0.28108
0.28117
0.38340
0.40572
0.31701
0.28272
0.28250
0.30494
0.40171
0.40230
0.28458
2.68139
0.83504
0.34149
0.58804
3.28822
1.05410
0.16934
0.25481
0.26629
0.30224
0.34815
3.69892
0.18257
0.13892
0.13904
0.99864
4.75183
4.81278
5.27460
1.80020
0.13916
0.13891
0.13883
0.13874
0.19358
0.25654
0.26265
0.26631
2.84185
0.14019
0.14023
0.14065
0.14146
0.14175
0.16615
0.25543
0.26104
0.27068
0.27411
0.25504
0.25162
0.24216
0.19364
0.57415
0.57568
0.36611
0.25261
0.26062
0.24164
0.14323
0.14152
0.14290
0.17000
0.25805
0.19778
0.14828
0.16318
0.25879
0.16686
0.14435
0.22985
3.10549
0.38611
0.49222
2.61980
2.47490
3.96717
1.34383
3.18585
3.39899
3.55774
5.27924
5.72885
4.45524
5.15319
4.41012
4.75544
1.31447
0.68181
3.84006
2.80224
1.74396
4.93807
6.12259
5.84442
5.20313
4.96175
5.69412
7.13436
2.96001
0.13592
1.28393
4.62256
2.26932
0.15866
0.16821
0.16794
0.23643
0.28977
0.14137
0.13060
0.13056
0.13115
0.24254
0.20270
0.13583
0.13248
1.79290
1.63430
0.13131
0.12980
0.12915
0.19425
0.25090
0.16181
0.12779
0.12747
0.12729
0.20633
0.22451
0.12894
0.13292
0.23210
0.17771
0.12696
3.07737
0.12688
0.21025
0.25028
0.13288
0.12885
0.12684
0.19093
0.23449
0.12660
0.12657
0.13359
0.24298
0.19074
0.12707
0.12682
0.12708
0.20178
0.25140
0.13884
0.13127
0.13691
0.22410
0.22220
0.13649
0.13649
0.16043
0.25258
0.19073
0.13610
0.13575
0.13602
0.23249
0.25423
0.14193
0.13804
0.13684
0.22881
0.22222
0.13658
0.13829
0.20629
0.25192
0.13621
0.13592
0.13649
0.18129
0.25524
0.20308
0.13966
0.13646
0.13617
0.24627
2.98602
0.14006
0.17721
0.25335
0.15344
0.13989
0.13678
0.18067
0.25744
0.21516
0.13710
0.13652
0.13623
0.22150
0.25749
0.14211
0.14120
0.22944
0.22111
0.13610
0.13613
0.15121
0.25591
0.22526
0.13656
0.13757
0.13792
0.23714
0.26278
0.16889
0.13749
0.13773
0.17546
0.25423
0.19772
0.14294
0.22271
0.22449
0.13654
0.13691
0.16373
0.25744
0.24605
0.14976
0.14969
3.10164
0.24745
0.27617
0.20099
0.15374
0.17983
0.45263
1.70705
1.16373
3.38446
0.48209
0.46794
0.41154
0.42323
0.47192
0.54275
0.54541
0.40084
0.34784
0.44854
4.17349
3.88746
1.15094
1.45040
