20.49393
9.68003
14.01108
22.16455
18.13857
8.13342
22.43955
23.84423
20.83792
8.20043
17.17655
22.63698
23.30823
23.94585
23.67307
22.99800
22.67088
22.54223
22.67758
24.10975
23.34703
8.58353
8.26617
8.38128
8.22420
9.55837
9.67802
8.14998
8.10168
7.95268
7.21615
8.74887
8.07168
7.03058
6.55418
6.35493
6.34078
7.88505
7.55622
6.24513
6.30642
6.46707
6.59182
8.64635
8.12732
7.33800
6.48183
6.74313
6.78233
8.44932
8.73600
7.77808
9.27672
13.03955
15.16348
11.98782
17.64573
15.76585
5.38567
4.39830
4.01613
8.02770
5.27668
4.59243
3.40942
3.41558
4.09340
5.64422
3.98990
6.29057
5.13087
14.74130
16.87717
12.39058
14.07693
15.62063
15.14108
14.91443
18.28105
14.61127
18.16830
9.91873
2.33997
2.86507
3.25178
9.10672
12.53138
11.89322
11.68985
14.52317
12.72118
13.37445
17.89723
18.34652
12.09757
20.03538
7.38985
8.93137
22.13850
17.66542
13.88100
2.42170
2.90013
2.81840
4.03008
4.26880
2.67278
2.23438
2.23752
2.65927
3.90350
4.20223
2.95242
2.72867
2.25617
2.56213
3.92045
3.74840
2.35163
2.68365
2.71745
2.69942
3.92255
3.86917
2.25968
2.26048
4.13740
5.11223
6.91787
4.09943
4.38328
5.84190
7.52495
7.08685
5.39603
4.71203
3.05943
2.37383
2.77098
2.25577
3.79263
4.25638
3.18830
2.68103
2.24767
2.25270
3.67353
3.94158
3.01865
2.69723
2.75497
2.24520
3.25785
3.62810
2.87292
1.91572
2.32633
2.37327
3.38538
3.60710
2.97878
1.91037
2.17422
2.52385
3.75463
4.36587
3.64775
4.90952
3.27028
3.32247
4.65738
5.94363
6.54630
4.56320
4.49707
7.04547
6.14472
5.40763
4.84703
3.40417
3.37198
3.35750
3.68410
4.69480
4.81137
3.81337
3.87778
3.63958
4.22313
5.05278
4.42775
3.36465
3.36752
3.70043
4.34293
5.54608
4.73058
3.37573
3.37525
3.38357
3.81567
5.45737
5.28627
3.57508
3.30462
3.05563
3.37160
4.75175
4.77818
3.53635
3.50140
3.52747
3.72995
5.04972
5.07613
3.86883
3.37238
3.53630
3.88702
5.50202
5.55885
4.18488
3.40130
3.40402
3.40922
5.22437
6.07378
4.71397
3.81238
3.46987
3.08482
4.63570
4.79202
3.58147
3.15443
3.50757
3.50833
4.94073
5.21808
4.64323
3.88617
3.40655
3.38293
4.70633
5.08058
4.48505
3.80535
3.80865
3.81600
5.04620
5.37890
3.87812
3.38157
3.38135
3.39007
4.65493
5.24232
4.68395
3.94425
3.54267
3.53317
4.06055
4.77447
4.48615
3.07390
3.17980
3.37652
4.41173
5.48358
5.31618
3.78553
3.78675
3.78225
4.53665
5.48325
4.62432
3.77518
3.77305
3.77642
4.49965
5.68258
5.14903
5.05305
4.85487
6.08117
8.64405
7.90578
8.86098
