2.69755
3.18563
2.70838
2.67472
2.66535
2.68430
2.70050
2.70557
2.68595
2.89045
3.92195
4.03035
4.25643
4.24878
4.22322
4.25247
3.97603
3.97613
3.96192
4.02132
4.47223
4.45878
4.59738
4.58213
4.55777
4.56027
4.54053
5.32915
6.02873
4.97742
5.70615
5.62740
5.62612
5.52058
5.47383
5.43617
5.45258
5.45442
6.06518
5.80357
6.18907
6.30287
6.79612
6.18180
5.69632
5.67992
5.70570
5.21265
6.33310
4.90615
4.90028
5.49270
9.61145
9.61768
13.23062
11.79452
9.30460
20.35705
9.43095
5.55623
4.65987
4.12653
3.79025
3.82597
4.68223
5.57308
5.60138
4.65712
4.00298
3.98170
3.78305
4.36288
4.41598
3.30388
3.74748
2.22905
2.16813
2.15498
2.16087
2.18045
2.05603
2.14957
2.07715
1.99780
1.96352
1.98203
2.03927
2.39170
2.15283
2.66178
2.54760
2.74238
2.86275
2.94565
3.05538
2.35702
2.35497
2.36055
2.33008
2.36775
2.46218
2.85443
2.36327
3.48618
4.14150
4.19865
4.27635
4.41735
4.65987
4.37895
4.42555
4.65082
4.62167
5.33608
4.79015
12.02815
11.44077
5.88095
4.70488
5.92268
6.30492
6.01812
5.59412
3.18818
3.44495
3.48072
3.41523
3.87332
3.84527
3.76605
4.27407
3.66153
7.69633
7.82118
6.32763
5.04212
7.73402
5.83080
3.94112
3.47040
5.19680
8.65877
7.85818
7.20703
6.90412
5.64915
6.16068
11.83982
5.64577
4.27367
2.89695
2.97328
2.64218
2.15842
2.16598
2.16995
2.11538
2.12537
1.86412
2.12590
2.83407
3.37907
4.33222
3.67518
3.42987
4.84908
3.09427
3.20432
2.88138
2.80955
2.75247
2.76472
2.63558
1.92662
1.93173
1.95102
2.03455
2.69557
2.65617
4.40857
4.94462
3.59313
2.57715
2.74972
2.79598
2.71835
2.69073
2.33297
2.33330
2.36828
1.65707
1.72420
2.30503
2.07498
2.41823
1.93975
1.52142
1.85742
2.26825
2.31823
2.33812
2.25107
2.31582
2.26802
2.32880
2.28905
2.43477
1.79733
1.48692
1.51137
1.50128
1.52028
1.50618
1.56438
1.70592
2.29857
2.29315
2.35895
2.25407
2.33432
2.29983
2.29472
2.28353
2.22395
2.35860
1.69462
1.60108
1.52518
1.51550
1.56518
1.58403
1.57888
1.92237
2.27502
2.31443
2.32030
2.33392
2.28957
2.21997
2.38673
2.27262
2.25768
2.27075
2.11775
1.91070
1.96815
1.89983
2.01317
1.86607
2.01823
2.11800
2.60880
2.61067
2.67230
2.77130
2.60897
2.66505
2.62517
2.61655
2.62508
2.66667
2.65158
2.09010
2.11948
2.10093
1.98002
1.97087
2.02797
2.03793
2.48353
3.40572
3.33435
3.61527
2.92945
2.74163
2.75537
2.75883
2.73897
2.73853
2.75228
2.80640
2.75417
2.80920
2.82863
2.84783
2.86015
2.83963
2.85910
