0.32076
0.32010
0.17708
0.24138
0.27223
0.23011
0.18073
0.22952
0.35464
0.36161
0.21325
0.21447
0.21576
0.21756
0.21857
0.25251
0.36101
0.36704
0.19601
0.14200
0.14638
0.13845
0.15251
0.20968
0.27600
0.25716
0.14348
0.11022
0.11055
0.13164
0.17286
0.18757
0.31968
0.32205
0.22693
0.17630
0.17698
0.18891
0.12638
0.13906
0.27905
0.28096
0.19694
0.14000
0.17209
0.14439
0.14580
0.14544
0.28619
0.42431
0.46277
0.37520
0.38000
0.37622
0.33967
0.20051
0.30315
0.30844
0.20934
0.07653
0.07701
0.07681
0.07675
0.13823
0.27126
0.28298
0.45319
0.26413
0.09086
0.07071
0.07022
0.09714
0.21622
0.14585
0.07076
0.07108
0.07122
0.07080
0.09409
0.15517
0.28262
0.23574
0.13663
0.13784
0.13816
0.13716
0.13751
0.13761
0.27665
0.25933
0.14152
0.14278
0.14471
0.14664
0.14954
0.15350
0.25947
0.19880
0.06944
0.07188
0.07188
0.07091
0.07189
0.07097
0.18650
0.20015
0.07082
0.07097
0.07089
0.07088
0.07091
0.07081
0.20236
0.17130
0.07098
0.07108
0.13072
0.13570
0.13647
0.13643
0.25783
0.26123
0.13799
0.13927
0.13988
0.14055
0.14201
0.14377
0.24716
0.28587
0.15098
0.15503
0.12093
0.07108
0.07104
0.07041
0.18410
0.18166
0.07052
0.07028
0.07032
0.07014
0.06991
0.06962
0.17444
0.20406
0.06914
0.06927
0.06873
0.06789
0.06807
0.06790
0.19376
0.28266
0.13718
0.13574
0.13634
0.13699
0.14460
0.14599
0.22204
0.29365
0.16362
0.15159
0.15155
0.14998
0.15412
0.12031
0.15915
0.20082
0.06830
0.06885
0.06813
0.06781
0.06817
0.06822
0.15068
0.21445
0.07867
0.06755
0.06983
0.07010
0.06993
0.06908
0.13134
0.21183
0.09872
0.06900
0.13385
0.13427
0.13451
0.13504
0.19292
0.28115
0.17479
0.13804
0.13917
0.14059
0.14262
0.14480
0.22174
0.29914
0.15617
0.06711
0.06742
0.06720
0.06704
0.06710
0.13170
0.21210
0.10345
0.06734
0.06727
0.06709
0.06712
0.06713
0.11322
0.21195
0.12311
0.06711
0.06723
0.06705
0.06705
0.13015
0.17099
0.27933
0.19762
0.13572
0.13642
0.13699
0.13788
0.13884
0.19851
0.28735
0.17185
0.14577
0.14885
0.15281
0.11476
0.06705
0.12902
0.21218
0.10860
0.06714
0.06708
0.06713
0.06714
0.06707
0.11817
0.21182
0.12023
0.06707
0.06701
0.06708
0.06705
0.06702
0.11663
0.21194
0.15252
0.13413
0.13432
0.13517
0.13560
0.13623
0.21043
0.28553
0.15257
0.13982
0.14117
0.14316
0.14536
0.14818
0.23000
0.28051
0.09321
0.06703
0.06701
0.06700
0.06702
0.06701
0.13702
0.21184
0.09958
0.06701
0.06702
0.06701
0.06700
0.06701
