3.17958
3.17737
3.17637
3.17975
4.93797
5.07830
6.38425
6.63807
10.61912
7.98042
10.15860
10.02668
9.70000
8.87722
8.87223
8.86317
8.84058
9.36213
9.50290
9.67697
10.13747
14.20682
9.59295
9.59043
9.59868
10.15182
9.43043
8.75645
9.14617
9.42835
9.43060
9.59265
9.38368
11.94743
12.72235
10.13687
9.17093
9.19102
9.19772
9.68795
9.84248
8.95118
8.49822
7.88093
7.78765
7.90933
12.19068
8.49213
8.53487
8.55828
7.26582
6.43693
6.49282
6.15500
5.74640
5.69615
5.18430
6.22262
8.93157
5.28432
5.73530
4.59173
4.53370
4.56943
4.60278
4.27882
3.89865
3.17067
3.19180
7.88803
4.38897
3.16915
3.17515
3.87220
4.56570
4.59495
4.95380
4.52255
4.53540
4.60075
7.73767
5.39098
3.79890
3.85642
4.87883
4.30335
3.86883
4.26560
3.90358
3.91028
4.01907
9.20822
4.46670
3.51742
3.17782
3.43293
3.82600
3.83593
3.98080
3.92470
3.81105
6.66707
7.98720
3.96513
3.99118
4.05763
3.50707
20.87010
26.25028
26.33008
19.20497
4.11658
9.12195
4.62005
4.53987
3.96073
3.95817
3.97900
4.60188
4.78250
5.24100
4.71472
9.34240
8.20202
4.62622
4.68330
4.45958
6.28825
7.81842
6.92752
4.57000
4.76265
9.63620
6.41308
3.92355
3.92943
3.93623
3.95050
7.19352
3.29892
4.32800
9.17475
6.94595
4.94235
4.38963
6.27758
4.88058
5.56718
10.59032
10.46055
9.74255
8.83440
5.45897
3.84215
6.07332
4.15402
3.16857
6.06312
7.31857
9.68852
13.15300
6.72903
7.47352
5.47763
6.70553
7.51070
4.23245
7.63197
6.48768
11.23422
10.26745
6.98257
10.80858
9.18660
10.30720
13.02182
8.60638
3.65323
7.33075
8.74632
8.57372
4.26382
6.86602
5.33603
4.86045
5.23353
5.85960
7.32028
7.75658
9.93123
5.02155
6.98787
5.20570
3.40598
3.19545
3.19745
4.20712
11.56608
7.85440
5.55497
5.61463
4.81512
6.26780
6.41650
4.07040
3.38967
8.39303
9.64810
7.65625
7.28210
5.41855
7.09637
5.60767
4.59877
5.60212
4.63997
8.66103
5.20003
3.29348
4.16013
4.90357
5.55497
5.42423
4.08963
4.57622
5.66117
9.36825
5.17635
3.98533
3.77723
3.47113
3.87693
3.88998
3.77925
4.23047
5.18463
9.34673
5.33073
3.95008
3.95385
3.97700
4.85890
4.64910
4.23720
3.84785
3.23632
7.52365
6.87073
3.67225
4.97177
4.78735
4.52747
4.67703
5.18252
5.21462
5.29488
5.84297
9.20065
3.87650
3.62325
4.20285
3.95888
3.96043
4.06733
5.16142
4.93860
4.68018
7.67202
5.84600
3.21600
3.21923
3.21140
3.29738
3.92818
4.00352
4.57493
4.58733
5.15115
7.62152
7.20033
4.24662
3.93508
4.01630
3.37273
3.20252
3.24448
3.84382
3.85623
