5.41993
5.23143
6.87622
8.42473
6.59257
5.24527
5.10450
4.92175
7.12587
8.27593
6.24810
5.19668
5.19120
5.40623
7.74965
8.58473
6.44453
5.53915
4.98798
4.95112
8.50958
8.42633
5.79383
5.62092
5.31378
4.88648
7.52623
7.51027
4.39448
3.51340
3.58233
3.80892
8.31162
8.59163
5.70547
5.66773
3.17660
3.45030
6.46345
5.68450
3.02613
3.03297
3.00142
3.93882
6.55705
5.88637
3.31453
3.19237
3.19797
4.17053
6.24168
4.87422
3.09947
3.08975
2.89420
3.96097
5.69500
3.40257
1.55545
1.52285
2.18250
5.64555
6.92845
5.07938
3.62298
3.62768
3.61698
5.38832
6.92902
5.28980
7.53130
3.88485
3.55018
5.06997
4.97707
2.94153
1.89568
2.04938
2.09260
4.19075
4.57823
1.87305
1.43592
1.47877
1.27877
4.01740
4.73983
1.95838
1.65683
1.32447
1.31015
4.33277
4.77443
1.66563
1.67945
1.99888
2.23282
4.90272
4.30442
2.31018
2.07842
1.99413
2.55378
5.84255
5.06595
2.61323
2.69863
2.30165
2.16355
4.66328
5.57078
3.29547
1.71468
1.70283
2.76883
5.03112
3.91985
1.89828
1.49995
1.39462
2.75708
4.46745
3.18610
1.66517
1.66725
1.89138
3.65678
5.07895
3.16973
1.67300
1.67702
1.68338
3.64200
4.82537
2.76748
1.85322
2.05170
2.05295
4.32255
5.08725
2.75160
2.39390
2.25633
2.39363
4.81257
5.56435
3.34750
3.21393
3.33013
2.74413
5.54002
5.55072
3.96962
2.35850
2.43588
2.49497
5.92750
5.81263
3.17833
2.94712
2.01650
2.47540
5.38960
8.13367
6.69297
3.46122
4.52990
6.14102
8.42565
6.37512
3.57163
1.57878
1.56602
3.87510
5.79325
4.28242
5.06640
2.97025
2.17567
2.10465
1.85103
4.35345
4.95223
2.94985
2.84152
2.84008
3.30852
6.79840
5.09220
2.86288
2.65625
2.81570
3.43085
5.90828
5.21810
2.82765
2.82767
3.04698
4.06315
6.26428
5.10367
2.82145
2.55305
2.55370
3.73858
5.62038
4.34317
2.97030
3.13938
3.14243
4.50932
5.90707
4.33188
2.82087
2.82347
2.82567
4.61005
6.03413
4.39943
3.00427
2.83952
2.56337
4.66613
5.70188
3.74545
2.85542
2.85865
2.96065
5.53708
6.28147
3.73580
2.84375
2.85508
2.86332
5.53407
5.95110
2.91200
2.71303
2.89090
2.89213
5.84775
5.95783
2.86403
2.50805
2.50883
2.66382
5.85760
6.09505
3.37690
3.37777
3.23123
3.50133
6.15425
5.60840
2.78007
2.79532
2.96560
4.61033
7.09807
6.28513
3.82420
3.99170
4.53967
5.41755
7.63893
6.44053
4.39965
4.72785
4.81027
6.11132
7.73352
6.07687
4.14625
4.17277
4.42507
5.83540
7.48607
5.87347
4.73372
4.76613
4.70255
6.29172
7.61080
5.59140
4.46413
4.52460
4.45210
6.73583
