0.38225
0.48371
0.65224
0.65129
0.65116
0.64745
0.65248
0.71786
0.72106
0.80195
0.60787
0.60554
0.60723
0.60789
0.60984
0.65854
0.78756
0.80526
0.81317
0.83097
0.73553
0.69768
0.64644
0.62466
0.67797
0.62335
0.59738
0.60957
0.61650
0.59613
0.59448
0.46976
0.42698
0.43256
0.41606
0.38767
0.41127
0.41534
0.41509
0.42299
0.51583
2.56012
3.98890
4.74753
4.50326
4.35795
4.59643
0.71734
0.28338
0.32031
0.35435
0.45524
0.45579
0.45734
0.45816
0.45882
0.45971
0.46091
0.46575
0.48073
0.48631
0.50005
0.49406
0.48487
0.38259
0.55774
0.59435
0.55591
0.54126
0.90374
2.97511
2.76936
3.58811
4.02892
4.54451
1.13474
0.99429
0.43131
0.47574
0.66647
0.86020
0.48916
0.49749
0.51611
0.49363
0.49429
0.50353
0.50673
0.50606
0.49578
0.36723
0.38963
0.45888
0.55288
0.95946
1.11095
0.74844
0.46616
0.42701
0.43730
0.72058
0.43791
0.44266
0.51608
0.76186
0.87284
0.32896
0.28374
0.14218
0.15398
0.15672
0.16945
0.16804
0.17630
0.33131
0.43874
0.52745
0.37254
0.40225
0.37814
0.35086
0.73154
0.28901
0.16830
0.16746
0.16879
0.16975
0.17017
0.18509
0.34089
0.36046
0.34208
0.33911
0.33525
0.32629
0.35487
0.38331
0.35351
1.08235
1.29143
1.11365
1.44033
1.13876
0.66636
1.61953
0.75526
0.64092
0.61189
0.96684
0.80477
0.50573
0.52438
0.70168
1.24771
0.83317
0.50826
0.68163
0.97643
0.58292
0.67573
0.96733
0.79332
0.53896
0.83824
2.11911
1.10352
0.13420
0.12037
0.12003
0.11965
0.22755
0.28326
0.28406
0.28474
0.28634
0.30526
0.36250
0.30311
0.19886
0.20002
0.20132
0.20230
0.20322
0.20568
0.24306
0.39991
0.40411
0.40959
0.41887
0.43594
0.35937
0.32006
0.21908
0.15082
0.15099
0.15094
0.15092
0.15156
0.15193
0.22619
0.31533
0.31629
0.31675
0.31763
0.31920
0.32108
0.32196
0.19703
0.15184
0.15082
0.15187
0.15126
0.15122
0.15119
0.27994
0.31638
0.31722
0.31774
0.31839
0.31974
0.32153
0.32391
0.18464
0.15055
0.16669
0.22398
0.22489
0.22525
0.23582
0.39260
0.39410
0.39571
0.39709
0.40053
0.47681
0.40925
0.41494
0.42382
0.28638
0.23383
0.15044
0.15063
0.15087
0.15032
0.16155
0.31704
0.31765
0.31730
0.31787
0.31882
0.32072
0.32183
0.32385
0.24417
0.15028
0.15023
0.15076
0.15105
0.15135
0.15110
0.27751
0.31864
0.31845
0.31952
0.31979
0.32047
0.32093
0.32279
0.32480
0.36598
0.25771
0.22478
0.22537
0.22675
0.22687
0.22751
0.25967
0.39805
0.40123
0.40369
0.40917
0.41595
0.42921
0.37336
0.32210
0.32270
0.41010
0.39456
