4.10522
7.47490
8.02502
6.89212
6.73212
6.35483
6.85522
8.80183
8.88785
9.20570
9.17260
9.25807
7.68835
6.33585
6.58917
7.16218
7.66775
7.84383
7.04805
6.90827
6.87647
6.65975
6.36002
6.37043
6.35785
2.80452
2.39168
2.38885
2.47492
3.19745
3.21717
3.22980
2.60340
2.65122
2.65305
2.66273
2.68868
2.70763
2.30872
2.35717
2.34148
2.33023
2.32935
2.34023
1.97065
1.88962
2.21317
2.33905
2.40513
3.03907
3.07878
2.89860
2.72537
2.72203
2.73723
2.37305
2.05813
2.40368
2.45262
2.49148
2.52845
2.60088
2.84328
2.90452
3.15637
2.89768
3.20017
3.19035
2.98647
2.88712
2.90767
2.67737
2.21520
1.82407
2.20883
2.17860
2.54918
2.77982
2.57245
2.46022
2.58597
2.35808
2.34727
2.32212
2.98287
3.08730
2.95118
2.96057
3.05042
3.08645
2.85950
2.88735
2.97235
2.37910
2.07662
2.91958
4.85170
4.42880
3.48323
3.32272
3.27127
3.30413
2.60333
2.47932
2.35347
2.26720
2.44907
2.44525
2.27005
2.21077
2.20932
2.19062
2.18073
2.03795
2.66137
3.26385
3.35657
3.24435
3.26198
2.86913
2.40303
2.71845
2.93613
2.42928
2.28697
2.15707
2.17060
2.16788
2.36545
2.40663
2.27628
2.25818
2.96592
3.16623
3.41718
3.45755
3.19162
2.09358
2.04407
2.24207
2.40708
2.36338
2.22415
2.08402
1.84377
2.04595
2.45718
3.08785
2.73402
2.39815
2.91557
3.09690
3.37467
3.53145
3.84422
3.01473
2.48035
2.20337
3.11247
2.63145
2.02523
1.74347
2.08232
4.25618
3.29125
2.80165
3.54637
3.05072
3.05965
3.35457
3.79047
3.62885
4.56177
4.94890
4.84343
4.46918
4.44410
4.25075
3.45625
3.38432
3.14943
3.13908
2.91007
2.69415
3.12895
3.63512
4.03198
4.18582
4.15610
4.18772
4.21573
3.68828
3.73745
3.75953
3.24750
3.14788
3.14945
3.15317
3.15978
3.35797
3.42357
3.41528
3.28608
3.42052
3.40878
3.75442
4.11648
4.48590
4.41960
3.71092
3.50048
3.50355
3.20002
3.38888
3.43468
3.19088
3.17367
3.17697
3.17242
3.16475
3.20525
3.70195
4.31287
4.28283
4.19332
4.16505
3.82068
3.11792
3.39790
3.78145
3.57695
3.17075
3.17103
3.17100
3.18262
3.17733
3.33823
3.43338
3.57275
3.70585
4.18483
4.17935
4.19877
4.23738
4.07585
3.74300
3.73475
3.59560
2.76610
2.69937
2.79428
3.14077
3.15100
3.26913
3.40492
3.36102
3.22222
4.11802
4.15568
4.17165
4.19305
4.33652
3.84435
3.70068
3.49367
3.49960
3.13722
3.11847
3.11502
3.20798
3.06803
2.91970
2.79590
3.39750
4.04088
4.17442
4.16215
4.19822
4.45062
4.02720
3.49742
3.77433
3.51040
3.38138
3.08170
3.07297
3.23455
3.31285
