0.74560
0.74892
0.75480
0.72063
0.65584
0.66577
1.03487
0.86130
0.87000
0.87389
0.83244
0.74174
0.73950
1.03462
0.85943
0.91960
0.95833
0.84092
0.84326
0.85201
0.93401
1.16775
0.87970
0.86175
0.75057
0.75172
0.75401
0.75356
0.93815
0.64232
0.64034
0.70446
0.73989
0.83813
0.86866
1.17142
0.86572
0.75700
0.64916
0.65039
0.64501
0.64955
0.64272
0.64348
1.02675
0.77977
0.73664
0.76671
0.86251
0.85233
0.74220
0.76040
1.12078
0.84040
0.75656
0.75175
0.75117
0.74328
0.73790
1.01964
0.89289
1.04236
1.15514
1.03313
0.75551
0.73301
0.82585
0.82706
1.12011
0.83332
0.83789
0.76127
0.90238
1.00639
0.86443
0.88042
1.01279
0.73244
0.73044
0.73331
0.72703
0.74372
0.82107
1.11490
0.82036
0.87651
0.95463
0.97005
0.78332
0.63560
0.62087
0.91169
0.61658
0.61611
0.61590
0.61681
0.62042
0.61528
0.76059
1.22483
0.89971
0.84090
0.73797
0.71044
0.70797
0.60702
0.60241
0.89547
0.59697
0.59776
0.59544
0.61480
0.72407
0.72960
1.02527
0.67813
0.68580
0.68444
0.68922
0.68887
0.69813
0.72288
0.96771
0.70684
0.60348
0.78937
0.80039
0.80479
0.74825
0.96585
0.67178
0.67296
0.72753
0.76465
0.76514
0.76534
0.76867
1.06981
0.80596
0.80266
0.81020
0.77806
0.67749
0.67838
0.97629
0.64158
0.59091
0.64401
0.66914
0.76252
0.74414
0.74847
1.09748
0.81113
0.78853
0.65359
0.58051
0.58374
0.57968
0.57521
0.86887
0.57693
0.58043
0.58380
0.63864
0.77893
0.80338
1.10748
0.67901
0.68216
0.69541
0.58365
0.58740
0.65539
0.68618
0.95195
0.59396
0.63234
0.71670
0.72398
0.76083
0.70841
0.90847
0.85302
0.85945
0.78474
0.79482
0.73350
0.69234
0.69914
1.00435
0.82521
0.82861
0.83604
0.76293
0.71380
0.71374
3.75600
2.18774
0.92163
0.85800
0.82315
0.83410
0.82991
3.83007
2.44190
1.06008
0.71607
0.63403
2.79830
3.70532
3.17794
0.64870
3.39514
4.90826
0.73719
0.73858
0.82976
2.17456
3.23930
0.78430
0.95280
0.65416
0.65639
0.72144
0.75845
0.78665
0.65895
0.66255
0.95502
0.73882
0.87792
0.88259
0.89286
0.75842
0.76057
0.73731
0.96433
0.66608
0.66410
0.66164
0.66370
0.66373
0.72894
0.87418
1.17533
0.88887
0.83997
0.84166
0.93108
0.96571
0.85858
0.85255
1.05649
0.75986
0.75440
0.77545
0.87757
0.88284
0.88885
0.82748
1.04891
0.75246
0.76194
0.85819
0.78767
0.74915
0.74866
0.75143
1.05247
0.78820
0.78555
0.84565
0.86577
0.71115
0.65077
0.65295
0.94962
0.65655
0.65641
0.66576
0.74642
0.74935
0.85559
0.87814
1.18278
0.89750
0.77769
