2.92963
2.93663
2.74668
2.86580
2.94212
2.79650
2.78053
2.46053
2.87437
3.27678
3.47145
3.08815
3.10108
2.47350
2.46912
2.56582
2.86685
4.14382
6.64225
6.57990
6.86752
5.57245
6.87417
6.19785
4.91525
5.39120
4.83887
4.14638
5.35197
7.96782
5.76770
3.67293
2.83878
2.90555
2.90828
3.30072
3.20267
2.73557
2.65798
2.30525
1.86310
2.07035
2.70170
2.75790
3.06307
2.05247
1.85490
1.88295
2.25500
2.32582
2.48528
3.35067
3.35147
3.34877
3.60328
4.03675
4.20542
3.92272
3.72105
3.35125
3.43095
3.74557
3.81040
3.35243
3.35655
3.36057
3.35507
3.66657
4.17355
4.13367
3.93690
3.63320
3.34845
3.56002
4.20748
4.17495
3.81382
3.81498
3.80930
3.81273
4.27282
4.82180
4.04918
3.89842
3.85310
4.20832
3.37937
2.30937
2.14802
1.88450
1.87887
1.89023
2.61072
2.30415
2.81768
2.45800
2.48442
2.01637
2.47920
2.30012
2.33243
2.04187
1.90117
1.89277
1.88840
2.63715
2.28150
2.72137
2.44997
2.46692
2.09180
2.50968
2.28162
2.34082
1.88797
1.88975
2.28085
2.62575
3.03542
2.94888
2.91340
2.88498
2.82612
2.38082
2.84195
2.33292
2.02073
1.89332
1.89592
1.89688
2.68778
2.38038
2.07007
2.42545
2.45438
2.48130
2.14618
2.91963
2.15480
1.87923
1.87562
1.87697
1.96652
2.90062
2.25250
1.87580
2.25293
2.44270
2.45708
2.75175
2.70997
1.89938
1.87005
1.87562
1.87888
2.11742
2.92537
2.33950
2.44817
3.05172
2.86163
4.68175
12.38502
6.41707
5.64293
6.44808
8.10567
11.71378
13.44310
17.51957
9.33583
8.08692
7.34368
3.40320
6.80583
3.97548
3.01810
2.68052
2.69743
2.70933
2.78377
3.36030
3.80067
2.76197
4.68345
4.54742
12.74987
20.21453
16.74262
3.19327
2.06070
1.93105
1.87888
1.99358
2.81402
3.66057
3.59913
3.78850
4.15335
4.32973
4.71077
4.49342
3.80850
3.78292
3.35313
3.35520
3.61153
3.77307
3.54082
3.35047
3.35103
3.54575
3.99455
4.33090
4.14398
3.35327
3.35225
3.56372
3.96892
4.31113
4.46140
3.97030
3.97113
3.98960
4.04375
4.80062
4.96997
4.68637
3.95733
3.97065
3.74272
2.64777
2.91453
3.40668
2.51868
2.49905
2.50123
2.81250
3.77835
15.88107
25.39150
24.98523
11.44097
3.06357
3.34838
3.35368
2.87412
2.49733
2.49702
3.12863
3.04407
3.48322
3.06612
2.97693
2.49443
3.12330
2.82948
2.96412
2.49245
2.49003
2.49067
2.74353
3.20577
3.00197
3.04642
3.05593
3.07102
2.50048
3.45692
2.97982
2.53590
2.50440
2.56960
2.50125
3.31895
3.05607
2.84943
3.06208
3.07808
3.24410
3.23257
4.02945
3.00508
2.94883
2.93815
2.94202
3.24825
3.76573
