1.69004
1.95589
1.68920
1.95238
1.69667
1.94820
1.73975
1.90988
1.79537
1.86093
1.83153
1.81991
1.87449
1.77894
1.92032
1.73518
1.96385
1.69780
1.96430
1.70021
1.96719
1.72143
1.96862
1.77737
1.92412
1.82932
1.88389
1.87693
1.84442
1.91009
1.82821
1.74536
1.71290
0.89443
0.56421
0.49471
0.52062
0.54316
0.47549
0.58418
0.43407
0.63570
0.38651
0.64326
0.37560
0.63889
0.37367
0.63720
0.41435
1.17229
1.38871
1.48936
1.41707
1.46206
1.41525
1.50575
1.41789
1.46259
1.44620
1.43648
1.48320
1.39736
1.51831
1.36240
1.55521
1.32805
1.57362
1.31130
1.57180
1.31119
1.57035
1.30992
1.57007
1.33708
1.54464
1.36693
1.51431
1.40413
1.47974
1.43483
1.44899
1.45991
1.42274
1.49034
1.39217
1.52785
1.35688
1.55389
4.43046
2.27312
1.31122
1.56704
1.31170
1.56850
1.31162
1.57077
1.31285
1.56860
1.31287
1.56938
1.32925
1.55510
1.35631
1.51851
1.36603
1.50357
1.38144
1.48637
1.40331
1.46549
1.42482
1.44576
1.43560
1.42814
1.45349
1.41393
1.47933
1.39295
1.49509
1.37805
1.50820
1.36406
1.51755
1.35425
1.53949
1.33357
1.55267
1.31578
1.55799
1.30587
1.55608
1.30498
1.55749
1.30549
1.55776
1.30530
1.55375
1.30188
1.55003
1.30135
1.54886
1.30020
1.54658
1.29073
1.59009
1.37523
1.55408
1.41342
1.51569
1.44758
1.45508
1.50942
1.38614
1.58636
1.37055
1.61033
1.37442
1.58590
1.40737
1.40637
0.87858
0.84010
0.98377
0.76027
0.72575
0.37600
0.61825
0.37605
0.51407
0.47842
0.41222
0.58138
0.37726
0.61529
0.37718
0.59417
0.39812
0.49893
1.65188
1.72569
1.90367
1.69638
1.93348
1.69388
1.90649
1.72489
1.81660
1.81435
1.72079
1.90928
1.69102
1.93445
1.68050
1.89466
3.60000
3.84077
1.82172
1.67712
1.97314
1.67814
1.85903
1.74420
1.77296
1.82985
1.68684
1.92004
1.68075
1.92770
1.68170
1.90633
1.69996
1.82725
1.77182
1.75070
1.85108
1.67624
1.92318
1.68061
1.86674
1.80982
1.71882
1.88828
1.67808
1.92541
1.67724
1.92535
1.67582
1.86679
1.73065
1.78913
1.79196
1.71225
1.87542
1.66816
1.91415
1.66794
1.91703
1.66561
1.91552
1.66281
1.84657
1.73277
1.78222
1.79231
1.71138
1.86554
1.66722
1.92893
1.67493
1.92840
1.66934
1.91290
1.67871
1.83872
1.74727
1.77541
1.81201
1.68553
1.90024
1.66568
1.91695
1.73791
1.80158
1.79997
1.74896
1.86388
1.69960
1.94321
1.68296
1.93713
1.68537
1.94482
1.68291
1.90151
1.71694
1.87634
1.74251
1.82542
1.79409
1.77571
1.84668
1.70569
1.91504
1.68473
1.98512
1.68273
1.92991
1.70053
