0.78298
0.73776
0.74929
0.80931
0.82668
0.81357
1.03354
0.81408
0.59771
0.55154
0.60519
0.54658
0.54866
0.56897
0.56571
0.55725
0.56105
0.60582
0.53498
0.55904
0.64782
0.55464
0.53962
0.57089
0.59278
0.69924
0.58060
0.62082
0.59668
0.59721
0.64382
0.61800
0.61331
0.63045
0.66198
0.57773
0.58798
0.65526
0.56609
0.56480
0.63719
0.58383
0.43427
0.45609
0.46104
0.27404
0.27649
0.32700
0.31056
0.31609
0.43414
0.63468
0.39240
0.37463
0.32099
0.31329
0.35781
0.34124
0.31625
0.34301
0.35858
0.32203
0.41386
0.49469
0.32478
0.32815
0.39819
0.30520
0.27380
0.32522
0.29523
0.27636
0.30519
0.35019
0.33427
0.34613
0.39354
0.34332
0.34241
0.39997
0.35195
0.34709
0.37896
0.38386
0.35134
0.34027
0.38305
0.32467
0.32398
0.41855
0.33489
0.28711
0.31418
0.31344
0.27341
0.27537
0.33518
0.33682
0.34303
0.37874
0.38154
0.34950
0.34688
0.59668
0.43864
0.35332
0.40029
0.42484
0.66304
0.67100
0.93364
0.68480
0.78212
0.79871
0.81528
0.45650
0.29024
0.28870
0.30363
0.33417
0.29399
0.34373
0.34204
0.40028
0.55662
0.85344
0.85077
0.85923
0.90447
0.86137
0.76742
1.15618
0.69991
0.75663
0.78427
0.79776
0.97142
0.36647
0.48839
0.52455
0.61293
0.61297
0.94400
0.61021
0.39656
0.44683
0.36832
0.34958
0.35129
0.34970
0.34988
0.77510
0.85490
0.69567
0.85464
1.11278
0.48763
0.82112
0.69778
0.99864
0.87588
0.64238
1.15539
0.89365
1.77284
0.66306
0.47304
0.49024
0.46653
0.89683
0.53375
0.49268
0.51964
0.52115
0.85353
0.52114
0.43561
0.43379
1.02803
0.88322
0.61225
0.52558
0.69332
0.96342
0.71462
0.59330
1.08701
0.84757
0.60781
0.35842
0.35619
0.35766
0.71372
0.50947
0.41030
0.41172
0.41170
0.63211
0.58925
0.43549
0.44208
0.41374
0.41454
0.67865
0.51979
0.38901
0.46476
0.41438
0.41297
0.37537
0.35769
0.38495
0.46496
0.41491
0.41466
0.41571
0.41479
0.41511
0.46621
0.41545
0.41619
0.41803
0.41708
0.36813
0.40909
0.35698
0.35738
0.35938
0.36215
0.39760
0.44556
0.41524
0.41505
0.41520
0.41541
0.46794
0.41568
0.41580
0.41682
0.42182
0.45283
0.44112
0.39339
0.35831
0.35797
0.37378
0.39948
0.35916
0.37537
0.41369
0.41713
0.46226
0.41558
0.41636
0.41664
0.41719
0.46728
0.41406
0.41421
0.41443
0.41684
0.46509
0.41568
0.41826
0.41989
0.43233
0.40487
0.35608
0.35748
0.35726
0.38851
0.40061
0.41152
0.41143
0.41186
0.46582
0.41485
0.41538
0.41216
0.42467
0.45113
0.41082
0.62444
0.91669
0.79675
0.78671
0.77627
0.77253
