3.67063
3.85247
4.15867
3.65017
3.50107
2.85938
3.16287
2.85490
3.30288
3.47667
3.53862
3.49992
3.34462
2.84557
2.87583
2.87260
3.51287
5.43365
5.15010
5.18755
4.62680
3.44767
3.62117
3.52115
3.94363
7.56860
3.95767
4.15242
3.58177
2.80330
2.69567
2.81233
2.59930
2.27633
2.28292
2.37088
3.03142
4.29908
3.19237
2.99642
2.52872
2.59387
2.60243
3.18005
3.28478
3.62337
3.71427
3.02645
2.65928
2.68573
3.35833
4.04248
4.11638
4.14403
4.14755
3.84990
3.41292
3.53922
3.20127
3.64130
3.69325
4.04355
4.18190
3.34520
3.09993
2.94880
3.28638
4.29958
3.60978
2.94978
2.95217
2.58063
2.33358
2.33393
2.72507
3.00565
3.00918
2.98973
3.08483
2.94742
2.41825
2.37212
2.65227
3.11435
3.25862
3.49983
4.53012
4.00723
3.47362
3.59882
4.49083
3.45520
3.53252
3.53672
3.41330
3.56695
3.41360
3.54185
3.65460
4.60880
3.57917
4.70197
4.53553
3.80297
3.87923
3.67288
3.88662
3.80130
4.24298
3.69360
3.55813
3.57268
3.96270
3.62682
3.69533
3.23117
4.75285
4.75088
6.10585
3.55642
3.91263
6.09157
3.56763
3.58535
3.58320
3.24768
2.68542
2.87735
2.53408
2.56032
3.51633
2.41013
3.49020
2.82897
2.08843
2.31463
2.45943
2.46470
2.46235
2.47622
2.76272
1.84692
1.82582
2.57602
2.88708
3.16877
3.33403
2.18535
2.38188
2.41297
2.76458
3.80333
3.43197
3.14262
6.76508
4.63743
3.35560
3.69302
7.34047
6.55132
3.93188
4.10658
6.58988
9.55202
8.23653
6.82882
4.50273
2.87892
4.53107
2.12092
2.10678
2.73028
5.46823
2.54623
2.46330
1.85488
1.86327
3.96770
3.15338
2.21182
2.48487
2.56390
5.24392
3.47593
2.35893
2.17307
2.78988
5.04233
2.29075
2.56927
2.74182
4.40822
4.47297
2.66823
1.79633
4.83655
5.73178
4.14960
2.12828
2.13937
3.03215
4.21102
4.23580
3.55705
2.52527
2.11823
2.13543
2.15605
1.50542
1.50872
1.96590
2.12183
2.36157
2.56245
2.12458
1.74720
1.48307
1.48927
1.91913
1.51462
2.11910
2.12735
2.12627
2.79892
2.22732
1.97573
1.52235
1.52543
1.65228
2.12833
2.13940
2.15883
1.59423
2.22215
1.52073
1.99395
2.13358
2.13950
2.15175
2.19833
2.17220
1.85745
2.05313
1.50080
1.49780
1.50597
1.75938
2.13813
2.14832
2.16363
2.47743
2.31023
2.25415
1.51820
1.64260
2.14310
2.15813
2.15135
3.90173
4.09340
3.64530
4.19105
3.54372
2.52373
2.49200
3.41512
4.45732
8.01358
4.63695
3.21857
3.79097
2.75502
4.70962
8.26388
9.77495
11.06453
10.76107
10.51410
9.93095
10.33870
5.93033
5.46408
6.12752
4.07278
3.69620
3.52490
3.48948
3.51228
