1.44653
1.65975
2.05213
1.88817
1.45118
1.44825
1.45243
1.80892
2.05990
1.75312
1.45237
15.13365
1.44533
1.95238
2.06150
1.47338
1.46247
1.74988
2.04855
1.47147
1.44492
1.72462
2.02482
1.59693
1.43742
1.43838
1.67795
1.99765
1.81450
1.40190
1.40538
1.40583
1.91702
2.02860
1.58507
1.41358
1.41252
1.52472
2.00855
2.01148
1.42290
13.40693
4.17522
1.70745
2.94020
16.44110
5.27048
0.84668
1.27403
1.33147
1.51122
1.74073
18.49462
0.91285
0.69460
0.69518
4.99320
23.75915
24.06392
26.37302
9.00100
0.69580
0.69455
0.69417
0.69372
0.96790
1.28270
1.31327
1.33155
14.20923
0.70095
0.70115
0.70323
0.70728
0.70877
0.83073
1.27715
1.30520
1.35340
1.37055
1.27522
1.25808
1.21080
0.96818
2.87075
2.87838
1.83057
1.26305
1.30312
1.20818
0.71617
0.70758
0.71448
0.85002
1.29027
0.98892
0.74140
0.81592
1.29395
0.83432
0.72177
1.14923
15.52743
1.93057
2.46108
13.09898
12.37450
19.83587
6.71917
15.92923
16.99495
17.78870
26.39618
28.64423
22.27622
25.76597
22.05058
23.77720
6.57233
3.40905
19.20030
14.01118
8.71980
24.69037
30.61293
29.22208
26.01563
24.80875
28.47058
35.67178
14.80005
0.67962
6.41967
23.11280
11.34662
0.79328
0.84105
0.83968
1.18215
1.44887
0.70683
0.65300
0.65282
0.65575
1.21268
1.01348
0.67915
0.66240
8.96448
8.17150
0.65653
0.64898
0.64577
0.97123
1.25452
0.80907
0.63895
0.63737
0.63643
1.03163
1.12257
0.64470
0.66458
1.16048
0.88857
0.63482
15.38687
0.63438
1.05123
1.25142
0.66438
0.64427
0.63420
0.95465
1.17247
0.63302
0.63283
0.66793
1.21492
0.95372
0.63533
0.63412
0.63542
1.00890
1.25698
0.69420
0.65635
0.68453
1.12052
1.11100
0.68243
0.68247
0.80215
1.26292
0.95367
0.68050
0.67877
0.68010
1.16245
1.27117
0.70967
0.69018
0.68418
1.14407
1.11108
0.68288
0.69145
1.03143
1.25958
0.68105
0.67958
0.68245
0.90647
1.27622
1.01540
0.69832
0.68230
0.68087
1.23135
14.93008
0.70028
0.88605
1.26677
0.76722
0.69943
0.68392
0.90333
1.28720
1.07582
0.68548
0.68260
0.68113
1.10748
1.28745
0.71057
0.70602
1.14720
1.10555
0.68052
0.68065
0.75607
1.27953
1.12632
0.68278
0.68783
0.68962
1.18572
1.31390
0.84443
0.68743
0.68863
0.87730
1.27115
0.98858
0.71468
1.11353
1.12243
0.68268
0.68457
0.81863
1.28718
1.23025
0.74882
0.74845
15.50818
1.23723
1.38087
1.00497
0.76872
0.89915
2.26313
8.53525
5.81863
16.92230
2.41045
2.33970
2.05770
2.11613
2.35960
2.71373
2.72703
2.00420
1.73920
2.24268
20.86747
19.43730
5.75468
7.25200
