4.00097
4.03708
4.09950
4.53658
4.93647
4.82450
4.17378
4.18032
4.19232
4.22292
5.16300
4.88017
5.14035
5.52163
5.71905
2.03600
1.32720
1.12690
0.73752
0.74157
0.75108
0.74965
0.75053
0.74468
0.71720
0.70338
0.71127
0.77118
1.33823
1.34520
1.36038
1.29748
0.76240
0.76498
0.76613
0.75867
0.75493
0.75518
0.76397
0.76478
0.76175
0.86145
1.33708
1.34813
1.36320
1.26467
0.71497
0.70477
0.70147
0.70312
0.70987
0.70860
0.70667
0.69808
0.69672
0.82958
1.29735
1.31048
1.33147
1.17810
0.69418
0.69030
0.69842
0.70047
0.69973
0.69135
0.68800
0.68700
0.69453
0.69520
1.24363
1.29620
1.31190
1.26618
0.68848
0.68998
0.69063
0.68297
0.68037
0.68070
0.69645
0.69928
0.72420
0.71865
0.86903
1.31237
1.34725
1.37063
0.99228
0.73788
0.73700
0.73883
0.74762
0.73832
0.73180
0.72265
0.73177
0.73415
0.73290
0.79288
1.32195
1.33185
1.34327
1.02825
0.71157
0.71407
0.71345
0.70578
0.70058
0.70032
0.71188
0.71738
0.72865
0.70528
0.70432
0.70850
1.10180
1.32572
1.34237
1.30218
0.70983
0.71073
0.71897
0.72212
0.72122
0.71403
0.71387
0.71402
0.72295
0.72413
0.72510
0.71653
0.71457
0.71493
1.16273
1.33323
1.34782
1.15205
0.71707
0.71570
0.72430
0.72725
0.72970
0.72195
0.72000
0.72005
0.72832
0.73363
0.73987
0.73150
0.74352
0.78980
0.79937
1.17970
1.46413
1.47923
1.41577
1.70757
4.03573
2.66232
2.50220
2.50807
1.28135
5.07468
6.31030
4.76478
5.01600
5.45038
5.23605
3.62165
2.28733
1.50450
1.51098
1.51327
1.51652
1.51817
1.52660
1.52593
2.05033
0.76990
0.77268
0.77263
0.77118
0.77310
0.77078
1.22902
1.38590
1.40115
1.27817
0.77808
0.77727
0.77810
0.78012
0.78032
0.77568
0.77497
0.77518
0.77567
0.77717
0.77530
0.77608
0.77928
0.77970
1.21888
1.38990
1.40627
1.26645
0.78037
0.78322
0.78227
0.78505
0.78390
0.78257
0.78165
0.78143
0.78207
0.78088
0.78173
0.78073
0.78108
1.06437
1.38395
1.39942
1.41937
0.84147
0.78148
0.78207
0.78152
0.78100
0.78103
0.78112
0.78020
0.78018
0.78035
0.78000
0.77962
0.77927
1.15203
1.38383
1.39905
1.38058
0.77860
0.77813
0.77975
0.77992
0.77833
0.77783
0.77687
0.79483
0.77935
0.78010
0.80360
0.87990
1.00858
1.45458
1.48080
1.50307
1.15335
0.85867
0.87048
0.87630
0.87597
0.85620
0.86662
0.87398
0.87320
0.85500
0.86385
0.87140
0.88947
1.43923
1.46993
1.54685
1.36992
0.91425
1.45733
1.23932
2.48125
3.54758
3.76133
3.78602
3.78072
3.76375
3.79373
3.82330
4.04810
4.37087
4.39887
