0.23589
0.24535
0.33658
0.37270
0.31517
0.31480
0.31575
0.32261
0.23320
0.26860
0.33572
0.34272
0.32223
0.24471
0.36552
0.64530
0.91337
0.51745
0.62191
0.91271
0.84496
0.72948
0.54133
0.54352
0.62679
0.61380
0.60827
0.67709
0.78246
0.78774
0.72687
0.64220
0.60405
0.60631
0.70802
0.71739
0.71516
0.71975
0.75323
0.70685
0.73686
0.88334
0.91181
0.83666
0.89034
0.60914
0.59345
0.60317
0.51808
0.64285
0.96239
1.12306
0.78949
0.59180
0.41718
0.33666
0.33749
0.34097
0.24869
0.22409
0.22483
0.22601
0.31068
0.31152
0.31121
0.39700
0.37212
0.34125
0.31465
0.23129
0.22670
0.22445
0.22450
0.29124
0.41761
0.39364
0.30720
0.30239
0.26633
0.33630
0.33625
0.33484
0.27264
0.22423
0.37649
2.18533
2.30335
2.56505
3.07516
3.94736
5.37050
4.97322
6.18995
4.36712
0.50678
0.41551
0.40825
0.60093
0.75322
2.86148
4.07479
6.01625
5.40689
9.34391
7.21533
1.55398
0.40571
0.39059
0.40312
0.52051
0.59588
0.60802
0.50815
0.45214
0.51264
0.51293
0.49025
0.40566
0.39895
0.42025
0.46070
0.53273
0.53372
0.53254
0.61893
0.56317
0.56349
0.49810
0.45219
0.44763
0.44397
0.55168
0.57679
0.54009
0.53331
0.53411
0.54173
0.46504
0.44859
0.51799
0.53571
0.60151
1.05566
1.02404
0.56970
1.51511
1.30239
2.04097
1.41153
1.23673
1.24272
1.25072
1.25632
1.07368
0.37185
0.43654
0.53314
0.59887
0.63599
0.53496
0.53875
0.67109
1.24224
1.24414
1.25046
1.32148
1.37802
1.40164
1.32869
1.32136
1.28813
0.77486
0.72230
0.60310
0.56446
0.31384
0.21170
0.21101
0.21173
0.21506
0.20983
0.29170
0.27260
0.33059
0.38592
0.33276
0.27948
0.19423
0.19782
0.29342
0.30309
0.18877
0.18800
0.25879
0.27315
0.27397
0.27723
0.24457
0.18900
0.27880
0.30022
0.30982
0.20802
0.19566
0.19608
0.34088
0.38915
0.29805
0.35644
0.34362
0.25567
0.18875
0.18901
0.18902
0.21502
0.29706
0.30292
0.32775
0.28158
0.28105
0.27391
0.33708
0.29483
0.23926
0.18925
0.18949
0.18936
0.18974
0.18982
0.22375
0.38232
0.38926
0.39549
0.31316
0.22974
0.18953
0.23690
0.29729
0.27337
0.18952
0.18967
0.18958
0.25139
0.30156
0.38310
0.39185
0.37068
0.22677
0.22723
0.18963
0.26873
0.29881
0.26222
0.19544
0.33484
0.27631
0.27678
0.32672
0.35416
0.30460
0.30704
0.23443
0.19156
0.18889
0.18900
0.18881
0.35399
0.38546
0.31291
0.26297
0.24043
0.24089
0.30268
0.30223
0.30081
0.27363
0.18954
0.18944
0.26115
0.31200
0.48083
0.39810
0.23465
0.21150
0.30226
0.30261
0.30072
0.23983
