1.60382
1.60050
0.88538
1.20690
1.36113
1.15057
0.90365
1.14760
1.77322
1.80807
1.06627
1.07237
1.07878
1.08780
1.09287
1.26257
1.80507
1.83522
0.98003
0.71000
0.73188
0.69227
0.76253
1.04842
1.38002
1.28578
0.71740
0.55110
0.55273
0.65822
0.86428
0.93787
1.59842
1.61027
1.13463
0.88152
0.88490
0.94457
0.63190
0.69528
1.39525
1.40480
0.98472
0.69998
0.86045
0.72197
0.72902
0.72718
1.43093
2.12155
2.31383
1.87600
1.90000
1.88108
1.69833
1.00255
1.51573
1.54218
1.04668
0.38267
0.38507
0.38403
0.38377
0.69113
1.35632
1.41490
2.26593
1.32065
0.45428
0.35355
0.35112
0.48568
1.08112
0.72925
0.35380
0.35538
0.35610
0.35402
0.47045
0.77585
1.41310
1.17870
0.68313
0.68918
0.69082
0.68582
0.68753
0.68803
1.38323
1.29665
0.70762
0.71388
0.72353
0.73318
0.74770
0.76748
1.29737
0.99402
0.34720
0.35940
0.35940
0.35453
0.35945
0.35483
0.93250
1.00077
0.35408
0.35485
0.35447
0.35438
0.35457
0.35403
1.01178
0.85650
0.35490
0.35542
0.65358
0.67850
0.68233
0.68215
1.28917
1.30613
0.68997
0.69633
0.69940
0.70275
0.71005
0.71885
1.23580
1.42935
0.75490
0.77513
0.60463
0.35542
0.35522
0.35205
0.92050
0.90832
0.35260
0.35142
0.35160
0.35070
0.34955
0.34812
0.87218
1.02028
0.34568
0.34633
0.34363
0.33947
0.34037
0.33952
0.96880
1.41328
0.68592
0.67868
0.68172
0.68495
0.72302
0.72995
1.11022
1.46823
0.81808
0.75793
0.75777
0.74988
0.77062
0.60157
0.79573
1.00412
0.34148
0.34427
0.34063
0.33905
0.34083
0.34110
0.75340
1.07223
0.39337
0.33777
0.34915
0.35050
0.34963
0.34538
0.65670
1.05913
0.49362
0.34498
0.66923
0.67135
0.67257
0.67518
0.96458
1.40573
0.87397
0.69018
0.69585
0.70293
0.71310
0.72400
1.10870
1.49572
0.78087
0.33557
0.33710
0.33598
0.33522
0.33548
0.65848
1.06052
0.51727
0.33672
0.33637
0.33545
0.33560
0.33567
0.56608
1.05975
0.61555
0.33555
0.33613
0.33527
0.33523
0.65075
0.85497
1.39667
0.98808
0.67862
0.68208
0.68493
0.68940
0.69420
0.99255
1.43675
0.85927
0.72883
0.74427
0.76407
0.57378
0.33527
0.64508
1.06088
0.54298
0.33572
0.33538
0.33565
0.33568
0.33537
0.59083
1.05910
0.60115
0.33535
0.33507
0.33538
0.33527
0.33510
0.58315
1.05972
0.76262
0.67067
0.67158
0.67583
0.67798
0.68117
1.05213
1.42765
0.76283
0.69912
0.70585
0.71582
0.72680
0.74092
1.15000
1.40255
0.46603
0.33517
0.33503
0.33502
0.33508
0.33505
0.68510
1.05922
0.49792
0.33505
0.33512
0.33503
0.33500
0.33503
