1.11513
1.29974
1.25984
1.04176
0.95134
1.20066
1.46107
1.46294
1.49819
1.22256
1.16353
1.17565
1.30461
1.35324
1.36618
1.32154
1.29339
1.64750
1.68291
1.70665
1.67325
1.61185
1.68794
2.04299
1.74659
1.76388
1.82684
1.77144
1.58698
1.42783
1.31437
1.24640
1.42879
1.66594
1.65978
1.69236
1.71793
1.85527
1.86556
1.85091
1.71169
1.71571
1.61160
1.59673
1.65046
1.65867
1.68273
1.71642
1.70950
1.69841
1.72187
1.95987
2.02013
1.63016
1.62236
1.65073
1.65487
1.36633
1.27424
1.27189
0.94814
0.93559
0.91356
0.72627
0.63796
0.63889
0.64723
0.64971
0.78200
0.67831
0.78496
0.76071
0.75029
0.76743
0.79816
0.68924
0.75580
0.76327
0.79167
0.80948
0.82262
1.03309
1.09910
1.10020
0.86165
0.82115
0.62549
0.62217
0.62276
0.62818
0.51754
0.57824
0.70668
0.80883
0.76636
0.73480
0.83469
0.75200
0.65305
0.75745
0.79147
0.80405
0.84035
0.90551
0.94955
1.13175
1.02359
0.93187
0.88401
0.78551
0.71792
0.64179
0.64400
0.71662
0.73581
1.97904
0.81557
0.95665
0.94812
0.99406
0.83962
0.75926
0.76949
0.87566
1.10526
2.15398
2.12228
2.23453
2.32980
1.79909
1.01968
0.91064
0.83943
0.72750
1.24060
2.04335
2.02973
2.02042
1.99015
1.36712
1.15745
1.12445
1.00024
0.86643
0.63192
1.54759
1.34691
1.57770
1.58078
1.22535
0.73715
0.73284
0.76759
1.47432
1.74144
0.76686
0.74806
0.77471
0.65915
0.60842
0.68953
0.68968
0.74968
0.79494
0.79779
0.80086
0.85555
0.77899
0.80669
0.78177
0.74961
0.81365
1.42301
0.91817
1.00240
1.01104
1.00209
0.90930
0.71336
0.71181
0.89580
0.89991
0.90609
0.90849
0.91640
0.98157
0.91855
0.97036
0.81758
0.87830
0.91226
0.91735
0.96948
0.90807
0.92543
0.98550
0.99085
1.14527
1.44900
1.04862
0.90883
0.74233
0.81313
0.89316
0.90232
0.92838
0.90054
0.89697
0.89740
0.89823
0.97360
1.00701
0.92553
0.83486
0.99680
0.92257
0.92997
0.98489
0.92729
0.95269
1.03121
1.15102
1.24134
1.11090
1.07539
0.88063
0.81244
0.77145
0.77487
0.76993
0.77093
0.77156
0.81912
0.89893
1.03026
1.01650
0.89185
0.92905
0.93402
0.89289
0.85662
0.86212
0.87066
0.80671
0.60811
0.75037
0.87696
0.93091
0.83980
0.75389
0.94477
0.97115
0.97675
0.87897
0.73512
0.73194
0.87662
0.87909
0.88583
0.89076
0.94878
0.73855
0.80004
1.26356
1.31952
1.21316
1.32516
1.31566
1.25723
1.35941
1.40652
1.40398
1.31801
1.10990
1.22904
1.30240
1.30463
1.30677
1.20072
1.03323
1.35946
1.42950
1.57074
1.43675
1.28057
1.38956
1.35934
1.24752
