9.49120
9.51330
12.48302
14.90437
13.88233
12.56828
13.06962
11.05052
11.68362
11.16663
10.91850
16.39640
26.90108
35.86980
23.71012
11.89432
11.58667
8.22713
6.58802
6.24212
6.63985
6.09545
6.01430
5.66003
5.68742
5.48025
5.52932
6.00623
5.63068
6.30453
5.65405
5.60445
6.50033
6.12985
5.43705
5.74453
5.61562
6.26155
5.16960
4.93348
5.14508
5.26800
5.13468
5.24603
4.91795
5.07340
6.54883
5.62248
5.65650
5.62475
5.61263
6.05997
5.17957
5.00300
5.98467
5.12952
5.30962
5.30558
5.31800
5.99767
6.16405
6.52912
6.86928
5.82322
6.01925
6.02597
5.46215
5.52010
5.44957
5.44848
6.60950
5.39687
5.47767
6.04908
6.07075
6.26293
6.02033
5.85282
7.16700
6.45700
5.99657
3.95908
3.36115
3.33825
4.64647
4.01020
3.65108
3.94222
6.08310
5.29505
5.43360
4.83497
4.41425
4.42253
4.68747
4.42087
4.92340
5.06563
5.22707
4.39073
4.48273
4.20620
4.47673
5.19790
5.02177
5.11413
5.74077
4.89140
5.10137
4.34592
4.14578
4.32553
4.29492
4.46710
4.70968
3.00072
3.32998
3.33590
3.46033
3.84365
3.54867
3.77142
5.45308
3.09938
2.83437
2.73695
2.81325
3.20733
2.60823
2.66827
3.59980
2.87238
3.01013
3.02608
3.25488
3.78180
3.72875
3.61688
4.35147
2.90245
3.17907
3.37358
2.98895
3.16598
3.50520
3.42292
4.16365
2.90448
3.00280
3.27728
6.21455
8.30813
18.54650
7.16492
10.47067
6.95023
6.85817
6.78672
3.91348
3.20458
3.32113
2.88208
3.87910
2.90528
3.16347
3.67805
3.39115
3.59687
3.68868
3.66368
3.96405
5.16242
7.07152
9.43472
7.19637
5.49348
4.73600
4.56232
5.16900
6.42507
6.73173
7.17783
6.43568
6.06908
5.29810
4.39095
4.80853
5.05715
5.28645
4.98363
4.62085
4.58330
4.63450
4.55463
4.57032
4.31220
5.54823
5.28955
5.02675
5.00490
4.64662
4.36502
4.91675
4.49145
5.11282
4.51155
4.42632
4.80088
4.49687
4.33122
4.62262
4.91678
5.56480
5.37402
4.84988
5.03625
4.59963
4.53283
4.57728
4.31685
4.63618
5.44365
4.42333
4.65263
4.32222
4.61262
5.14177
4.81862
5.05210
5.64290
5.02580
4.81617
4.30983
4.48430
4.56765
4.56538
4.78372
4.54678
4.87787
4.71695
4.58485
4.91288
4.89563
4.84877
5.33725
5.02943
5.20985
4.45185
4.48443
5.21778
4.85095
4.80158
4.87825
4.78882
5.99277
4.89638
5.14670
5.50765
5.42280
5.78977
7.19983
7.52417
7.33798
7.90052
7.29302
6.86885
6.79813
6.94688
6.99325
7.05725
7.01477
7.59452
7.44780
7.43477
7.32633
7.40120
6.84737
7.10392
7.23298
7.67350
7.60502
8.26077
8.53970
8.42507
7.87687
8.38982
8.00792
8.71650
