2.10833
0.96593
4.29686
3.51895
0.53737
0.52805
0.52550
0.52171
0.66176
0.53259
0.59446
0.61271
0.62943
0.65048
1.71958
5.21517
0.93486
0.55864
0.53051
0.51760
0.52879
0.52683
0.64829
0.53057
0.58798
0.62575
0.63259
0.64609
0.65120
5.09755
2.44736
0.57754
0.51998
0.53101
0.52322
0.51759
0.52575
0.85756
0.87867
0.96946
0.97118
0.96935
0.99768
1.13099
1.34466
1.37996
0.88481
0.84238
0.85185
0.87228
0.98454
1.11518
1.06974
1.05607
1.17843
1.18556
1.04846
1.04329
1.04512
1.05646
1.06961
1.08189
1.10198
1.09152
1.05198
1.04225
1.05098
1.04078
1.04781
1.14107
1.07098
1.07476
1.08282
1.04112
1.01738
1.01399
0.96524
1.05390
0.95059
1.07571
1.09883
1.38409
2.13544
1.89004
1.51111
1.67181
1.65397
1.65276
1.04844
1.01575
0.96250
0.93919
0.95941
0.90572
0.96496
0.99006
0.97476
0.94414
0.94417
0.96717
0.98132
0.96794
0.95852
0.92734
1.00169
1.04941
0.94555
0.93463
0.93123
0.98034
0.94353
0.93686
0.91534
0.92058
0.91962
0.92649
0.92606
1.01040
1.08116
1.19889
1.40461
1.12664
1.03503
1.07834
0.92614
1.02250
0.96636
0.96904
0.90075
0.83101
0.91406
0.91867
0.93170
0.93645
0.95119
0.93116
0.84869
0.83625
0.84048
0.83857
4.39458
2.55408
1.23226
1.67334
2.21545
1.98102
1.63024
1.67642
1.60534
1.56644
1.55620
1.52639
1.52791
1.53255
1.71158
1.72647
1.52716
1.63277
1.11769
1.09426
0.96310
0.94887
3.51893
3.65805
0.99389
1.02078
1.01929
1.04491
1.00006
0.94013
0.94058
0.93914
0.93116
0.92651
0.92191
0.96933
1.01626
1.01026
2.51558
4.82974
1.16012
1.04732
0.95227
0.96576
0.93734
0.94242
0.92982
0.93515
0.98814
1.04359
1.04016
1.05442
1.05935
1.82623
5.51062
1.20888
0.98333
0.96521
0.96376
0.96381
0.97851
1.00617
1.05955
1.05500
1.05584
1.06702
1.09816
5.68911
1.82293
1.08258
1.08376
1.08650
1.08989
0.98171
0.96054
1.15221
1.33289
1.34769
1.34962
1.16380
1.03497
2.50771
4.64967
1.12687
1.02977
0.95895
0.95932
0.98344
1.07933
1.07116
1.08214
1.09445
1.07259
1.08028
1.01602
0.94768
0.96379
4.24104
2.89135
0.97089
0.96436
1.02226
1.05926
1.06816
1.06746
1.06141
1.05661
1.05983
0.96353
0.96072
0.95754
0.94790
0.97255
0.97846
4.54267
2.77390
1.05549
1.05292
1.05484
1.06730
1.06402
1.06943
0.95032
0.98648
0.96362
0.96186
0.96072
0.98033
1.03895
1.05660
1.03636
1.05540
1.80964
5.59497
1.16982
0.98061
0.94948
0.97241
0.95824
1.24776
1.09219
1.04068
1.37213
1.11655
1.14500
1.15575
1.14984
1.15529
