0.68864
0.75247
0.72567
0.76719
0.69774
0.63850
0.61597
0.64447
0.63242
0.60132
0.60274
0.70257
0.54846
0.51945
0.66400
0.57345
0.60211
0.60326
0.58063
0.50916
0.50963
0.50923
0.55552
0.60100
0.60218
0.60755
0.51396
0.51103
0.51126
0.53318
0.60254
0.60377
0.60702
0.54098
0.51246
0.51698
0.51279
0.60611
0.60815
0.61541
0.58363
0.51367
0.51379
0.51404
0.56253
0.60497
0.60618
0.60933
0.51345
0.51357
0.51373
0.53579
0.60442
0.60547
0.60641
0.55068
0.51319
0.51307
0.51288
0.58902
0.60500
0.60669
0.58078
0.51282
0.51332
0.51339
0.56024
0.60463
0.60598
0.60912
0.51184
0.51288
0.51170
0.52468
0.60368
0.60448
0.60754
0.53193
0.51100
0.51128
0.51129
0.58244
0.60359
0.60470
0.56994
0.51132
0.51139
0.51131
0.54221
0.60147
0.60371
0.59873
0.50903
0.50922
0.50822
0.51110
0.60016
0.60165
0.60567
0.53490
0.51116
0.50994
0.51023
0.57209
0.60221
0.60358
0.56315
0.50855
0.50798
0.50844
0.54705
0.60191
0.60135
0.59314
0.50829
0.50926
0.51032
0.52973
0.60264
0.60616
0.61047
0.62371
0.55003
0.47047
0.44307
0.53888
0.55168
0.56415
0.61490
0.61657
0.59226
0.52356
0.52396
0.52412
0.53044
0.61613
0.61805
0.62333
0.52988
0.52439
0.52387
0.52392
0.58381
0.61640
0.61797
0.57516
0.52391
0.52423
0.52440
0.54985
0.61656
0.61793
0.61876
0.52365
0.52426
0.52414
0.52451
0.59911
0.61685
0.61845
0.57182
0.52417
0.52415
0.57766
0.65151
0.70597
0.70818
0.71215
0.61556
0.61674
0.58535
0.52587
0.61783
0.61900
0.62028
0.57389
0.52603
0.52541
0.52517
0.65507
0.72661
0.73233
0.72299
0.64234
0.62909
0.63165
0.61774
0.63093
0.63046
0.63474
0.63261
0.63449
0.63734
0.64186
0.65646
0.70838
0.63609
0.63427
0.97286
1.09623
1.09680
0.73718
0.55947
0.52651
0.52678
0.52680
0.60526
0.61835
0.62151
0.54500
0.52613
0.58073
0.61667
0.68518
0.70943
0.71097
0.65803
0.60902
0.52639
0.52636
0.58569
0.62043
0.62237
0.58412
0.53207
0.53747
0.53697
0.61500
0.68347
0.70905
0.68587
0.61711
0.62866
0.66908
0.62138
0.62248
0.62281
0.53301
0.53329
0.54078
0.55521
0.62307
0.62497
0.63024
0.53251
0.57353
0.62353
0.63810
0.71469
0.71696
0.67023
0.54651
0.54656
0.57964
0.53996
0.62045
0.62215
0.62842
0.54172
0.66629
0.52927
0.54802
0.71221
0.78196
0.73179
0.62401
0.62062
0.62167
0.65206
0.67901
0.62129
0.62563
0.52865
0.53937
0.68660
0.71806
0.61931
0.61984
0.62080
0.52833
0.52782
0.52833
0.57569
0.62058
0.62148
0.61957
0.52858
0.52907
