0.94651
0.69248
0.59489
0.57105
0.44755
0.45684
0.77469
1.82537
0.77283
0.86590
0.65404
0.66938
0.88764
0.70464
0.49275
0.39475
0.39472
0.39473
0.39890
0.37116
0.79689
0.82138
0.75279
0.68830
0.68479
0.71171
0.71833
0.79427
0.64468
0.68851
0.76301
0.58689
0.54974
0.59868
0.60212
0.56791
0.57258
0.53974
0.44355
0.30931
0.37485
0.77627
0.66398
0.60761
0.69470
0.43843
0.38252
0.39055
0.51772
0.53196
0.45489
0.36357
0.37752
0.39443
0.40195
0.45066
0.46718
0.55726
0.39131
0.34828
0.46233
0.47544
0.53771
0.44077
0.57197
0.70469
0.56183
0.35135
0.34869
0.35298
0.35528
0.34265
0.37104
0.48516
0.49367
0.43469
0.31362
0.31928
0.40278
0.31495
0.39056
0.49659
0.65432
0.56475
0.45445
0.58801
0.62384
0.46577
0.50960
0.43848
0.33165
0.30526
0.31243
0.37805
0.42740
0.37897
0.30639
0.30603
0.30456
0.39042
0.30395
0.44076
0.55245
0.62151
0.47169
0.42814
0.44953
0.57312
0.45619
0.38917
0.29939
0.30001
0.29839
0.33117
0.42469
0.42509
0.29842
0.29861
0.29511
0.29274
0.29205
0.37766
0.47686
0.54099
0.60541
0.42044
0.41744
0.49578
1.13813
0.41575
0.28306
0.28220
0.28219
0.29165
0.86396
0.43818
0.40798
0.38519
0.68846
0.58773
0.26892
0.53990
0.85370
0.48083
0.77771
1.03511
0.45234
1.01015
0.80942
0.45748
0.96396
0.86361
0.85114
0.90190
0.89438
0.79208
0.27348
0.37125
0.37314
0.24862
0.23591
0.23468
0.33438
0.36288
0.23173
0.23301
0.32448
0.45093
0.35331
0.38825
0.57889
0.49412
0.32329
0.23020
0.22913
0.22783
0.22717
0.22808
0.31636
0.35738
0.26946
0.31630
0.23220
0.26092
0.35479
0.33635
0.22878
0.23612
0.32236
0.40823
0.42073
0.43749
0.50739
0.57903
0.34637
0.24546
0.24210
0.24210
0.28214
0.36950
0.32907
0.24335
0.24328
0.24556
0.31362
0.41916
0.35909
0.24409
0.24228
0.24243
0.24317
0.35657
0.52473
0.53251
0.46713
0.39999
0.44759
0.29395
0.24356
0.24469
0.36418
0.37530
0.26088
0.24671
0.24672
0.32208
0.37186
0.36974
0.24628
0.24578
0.26908
0.31141
0.36026
0.42335
0.39085
0.44746
0.39161
0.37366
0.49246
0.55038
0.26714
0.24226
0.24262
0.24403
0.24213
0.28295
0.37084
0.37460
0.30922
0.24474
0.24197
0.24200
0.24249
0.24198
0.34462
0.59574
0.45903
0.36919
0.46901
0.40006
0.50330
0.38649
0.24119
0.24085
0.31529
0.25229
0.28279
0.37130
0.37320
0.28885
0.24276
0.24224
0.24211
0.24305
0.26862
0.37021
0.37481
0.41391
0.46661
0.36833
0.36647
0.53267
0.50350
0.38786
0.24278
0.24806
0.24592
0.37002
