1.68548
1.68648
1.68428
1.64097
1.59983
1.60001
1.59563
1.59566
1.59950
1.59977
1.61258
1.59623
1.59652
1.59754
1.59654
1.59970
1.63601
1.68878
1.59968
1.60071
1.60052
1.61151
1.61473
1.63488
1.61227
1.61171
1.61645
1.61184
1.61231
1.61143
1.61485
1.70234
1.63742
1.60990
1.60953
2.78762
6.09425
3.68846
1.92423
1.93238
1.93313
1.93932
1.93603
1.90374
1.83229
1.89604
1.86048
1.81123
1.85227
1.87259
1.88872
1.90676
1.95894
1.96181
1.93858
1.87577
1.87304
1.88508
1.87034
1.92602
1.93745
1.88037
1.86465
1.86753
1.87896
1.86658
1.85505
1.88142
1.87598
1.86593
1.88400
1.88267
1.82873
1.90318
1.94105
1.89850
1.95790
1.97734
2.00149
2.05146
2.10633
2.12073
1.92781
2.01472
2.22730
2.27939
2.33644
2.38228
2.47491
2.08653
2.40636
2.54618
3.00345
3.14348
5.68957
7.45347
7.52544
7.78868
8.05973
8.25946
7.98991
7.94106
8.07436
8.22887
9.04247
8.86889
8.88324
8.60930
8.68131
8.25318
8.23397
8.72006
8.91142
8.99173
9.11817
9.14950
9.47828
9.93486
10.22752
9.39989
10.81537
14.00425
11.42005
10.12171
9.61000
9.67527
10.73679
11.02991
9.61522
8.91668
8.79906
8.83359
9.09950
9.18152
9.38263
9.19795
8.96285
9.01720
9.03406
9.05322
9.35494
9.22787
9.18549
9.48122
9.76331
9.27493
8.87671
10.70968
10.14760
9.97168
9.77873
9.56945
9.80843
9.53746
9.25476
9.70846
9.82469
8.95054
9.04591
9.01782
9.39446
8.68924
8.47432
8.54360
9.87561
13.04978
13.00549
13.14153
12.15202
8.17628
7.80164
7.82319
8.79200
8.39274
7.92698
7.56304
7.55075
7.45573
7.51037
8.30537
11.41147
9.92928
11.73926
11.71431
11.99695
11.98319
12.83625
16.56406
12.80332
10.44577
12.32032
10.70259
8.42738
7.62598
2.92150
3.85857
6.57800
4.89293
4.26745
6.65983
6.64030
6.64598
5.51191
5.01544
5.32132
6.41802
6.47606
10.89159
11.55857
9.61468
6.30369
7.48253
5.22479
5.02265
6.54652
4.03241
4.87714
6.51015
6.53350
6.05229
2.41989
1.43719
1.42725
1.42774
1.42803
1.43923
1.42779
1.42799
4.80347
5.09178
6.16406
6.24203
6.35056
6.33092
6.35709
6.29486
6.29489
6.17475
5.02886
1.39804
1.36091
1.36269
1.36201
1.36159
1.36038
1.42553
1.45995
1.48944
1.59428
1.62707
1.51200
1.47606
1.42239
1.36009
1.36296
1.36324
1.36330
1.36438
1.37644
1.37034
1.36207
1.36055
1.37352
2.46948
2.69544
1.63566
1.45141
1.35973
1.36169
1.36388
1.36389
1.38053
1.35954
1.36239
1.36271
1.37332
1.35878
1.37981
1.40072
1.45424
1.45526
1.49842
1.55878
1.46289
1.47145
1.52108
1.52358
1.45470
