3.72802
3.74462
3.77398
3.60317
3.27920
3.32887
5.17433
4.30650
4.35000
4.36947
4.16222
3.70870
3.69748
5.17308
4.29717
4.59798
4.79165
4.20462
4.21628
4.26003
4.67005
5.83873
4.39850
4.30873
3.75285
3.75860
3.77003
3.76782
4.69077
3.21158
3.20170
3.52232
3.69943
4.19063
4.34332
5.85708
4.32860
3.78502
3.24582
3.25193
3.22507
3.24777
3.21362
3.21740
5.13375
3.89883
3.68318
3.83353
4.31257
4.26167
3.71102
3.80202
5.60390
4.20200
3.78280
3.75875
3.75585
3.71638
3.68948
5.09818
4.46443
5.21182
5.77572
5.16565
3.77757
3.66503
4.12927
4.13532
5.60055
4.16658
4.18943
3.80635
4.51192
5.03197
4.32213
4.40208
5.06397
3.66218
3.65218
3.66657
3.63515
3.71858
4.10535
5.57448
4.10180
4.38253
4.77313
4.85023
3.91662
3.17798
3.10433
4.55843
3.08290
3.08053
3.07950
3.08403
3.10208
3.07642
3.80297
6.12415
4.49855
4.20452
3.68985
3.55220
3.53985
3.03512
3.01205
4.47735
2.98487
2.98880
2.97722
3.07402
3.62037
3.64802
5.12637
3.39065
3.42900
3.42220
3.44608
3.44433
3.49063
3.61442
4.83853
3.53420
3.01740
3.94683
4.00197
4.02397
3.74125
4.82925
3.35890
3.36482
3.63765
3.82325
3.82568
3.82670
3.84333
5.34907
4.02978
4.01332
4.05098
3.89028
3.38747
3.39190
4.88145
3.20792
2.95453
3.22005
3.34568
3.81262
3.72070
3.74233
5.48738
4.05565
3.94263
3.26793
2.90257
2.91870
2.89838
2.87605
4.34437
2.88463
2.90217
2.91902
3.19322
3.89463
4.01692
5.53738
3.39503
3.41082
3.47703
2.91823
2.93700
3.27695
3.43088
4.75977
2.96978
3.16168
3.58348
3.61990
3.80417
3.54205
4.54233
4.26512
4.29727
3.92370
3.97410
3.66748
3.46168
3.49572
5.02173
4.12605
4.14307
4.18022
3.81465
3.56898
3.56870
18.78002
10.93872
4.60813
4.29000
4.11575
4.17050
4.14955
19.15035
12.20952
5.30038
3.58033
3.17013
13.99148
18.52658
15.88970
3.24348
16.97568
24.54128
3.68595
3.69288
4.14878
10.87280
16.19648
3.92150
4.76398
3.27078
3.28195
3.60722
3.79223
3.93327
3.29475
3.31277
4.77510
3.69408
4.38958
4.41295
4.46432
3.79212
3.80285
3.68657
4.82165
3.33042
3.32050
3.30822
3.31852
3.31865
3.64472
4.37088
5.87665
4.44435
4.19983
4.20832
4.65542
4.82857
4.29292
4.26277
5.28243
3.79932
3.77200
3.87725
4.38787
4.41422
4.44425
4.13742
5.24453
3.76228
3.80970
4.29097
3.93837
3.74573
3.74328
3.75713
5.26237
3.94102
3.92777
4.22825
4.32885
3.55577
3.25383
3.26477
4.74812
3.28275
3.28203
3.32878
3.73212
3.74673
4.27797
4.39072
5.91392
4.48752
3.88843
