0.51341
0.81969
0.85990
0.86817
0.57780
0.48570
0.37893
0.46039
0.67377
0.82412
0.41204
0.45507
0.45956
0.74644
0.89873
0.85339
0.61601
0.64525
0.40077
0.48933
0.73324
0.67538
0.31362
0.45042
0.48911
0.70680
0.84198
0.78294
0.44534
0.47339
0.38977
0.37508
0.68948
0.84879
0.33210
0.47050
0.50121
0.47083
0.77318
0.77868
0.43943
0.51043
0.23909
0.17124
0.52786
0.54581
0.46263
0.40580
0.48445
0.63183
0.82785
0.85469
0.74192
0.50228
0.31382
0.19432
0.48450
0.68251
0.39149
0.30278
0.34610
0.36687
0.74331
0.84666
0.85470
0.50684
0.38921
0.31786
0.58876
0.63233
0.37595
0.30103
0.49101
0.34471
0.58796
0.73033
0.58287
0.41386
0.31568
0.30562
0.67864
0.67819
0.53643
0.37493
0.42324
0.42677
0.62072
0.70821
0.73529
0.37538
0.31138
0.23867
0.41026
0.60219
0.58348
0.56629
0.48026
0.42074
0.56827
0.78735
0.79594
0.43177
0.37039
0.45550
0.44661
0.69008
0.65224
0.46230
0.47508
0.41209
0.47196
0.91325
0.75817
0.41787
0.32522
0.24857
0.32621
0.66087
0.59871
0.62221
0.41044
0.41054
0.46005
0.77229
0.71617
0.48949
0.28901
0.38572
0.26935
0.60613
0.62591
0.51099
0.45700
0.40872
0.40998
0.92159
0.79784
0.64159
0.25058
0.16873
0.16956
0.57795
0.74957
0.46359
0.45113
0.48627
0.48784
0.67339
0.67114
0.38714
0.45406
0.21315
0.17181
0.56499
0.54496
0.54535
0.37837
0.59086
0.46303
0.65406
0.68588
0.64543
0.27757
0.23344
0.27802
0.56228
0.56288
0.57077
0.34876
0.33951
0.36347
0.60171
0.76810
0.53352
0.47584
0.66953
0.32891
0.45690
0.63037
0.64209
0.57459
0.38404
0.38921
0.48436
0.79384
0.65453
0.37047
0.45255
0.50766
0.53362
0.67371
0.51685
0.33674
0.34141
0.37535
0.46944
0.84624
0.62375
0.30828
0.35025
0.35223
0.45766
0.81336
0.82030
0.62174
0.46657
0.46672
0.53989
0.83007
0.77399
0.33001
0.36007
0.51273
0.56293
0.80140
0.87416
0.61496
0.59906
0.56196
0.63593
0.83009
0.81287
0.38506
0.29786
0.34658
0.36336
0.73008
1.03254
0.68714
0.61312
0.61603
0.58436
0.89138
0.88111
0.48510
0.44333
0.29780
0.29730
0.67542
0.83901
0.71087
0.53780
0.58946
0.76194
0.90336
0.93503
0.66429
0.38106
0.34017
0.29744
0.56220
0.93584
0.77972
0.53394
0.53821
0.53897
0.78619
0.98019
0.80621
0.54554
0.37898
0.38784
0.59896
0.80365
0.76712
0.50335
0.61574
0.78356
0.73523
0.90514
0.78226
0.37127
0.44488
0.38155
0.63854
0.89275
0.74677
0.55294
0.52848
0.50808
0.67769
0.89703
0.82537
0.37146
0.37223
0.37336
0.49473
0.87946
