0.85743
0.91550
0.93022
0.87673
0.92529
0.97914
0.92725
0.84553
0.83660
0.85944
0.89097
0.87576
0.82257
0.92607
0.90524
0.63725
0.63664
0.63591
0.63508
0.63679
0.63706
0.63703
0.63762
0.64554
0.72613
0.59269
0.59243
0.59221
0.59391
0.58417
0.47293
0.45911
0.45753
0.45961
0.45809
0.46617
0.56810
0.56647
0.56664
0.56654
0.56920
0.56830
0.56860
0.56727
0.56913
0.56980
0.57203
0.56964
0.65242
0.65605
0.65438
0.67008
0.65738
0.66930
0.65994
0.68836
0.68235
0.69947
0.76522
1.04919
1.07141
1.11685
1.28133
1.69927
1.64301
1.33436
2.00642
1.75382
1.47916
1.29435
0.73519
0.69782
0.69633
0.63837
0.69798
0.65273
0.74444
0.76518
0.77413
0.70742
0.82779
0.78598
0.75503
0.77254
0.94835
1.54307
0.96679
0.49595
0.43821
0.43901
0.43990
0.44166
0.44187
0.44366
0.44473
0.44719
0.45052
0.45200
0.45502
0.46112
0.47028
0.41736
0.32864
0.32760
0.32757
0.51536
0.74695
0.45405
0.32671
0.32683
0.32709
0.32745
0.32661
0.32722
0.32711
0.32672
0.32895
0.32780
0.32692
0.32672
0.33282
0.32682
0.32631
0.32499
0.32431
0.32392
0.32329
0.32268
0.32316
0.44426
0.43154
0.43155
0.43080
0.43153
0.43225
0.43250
0.43320
0.43347
0.43404
0.43353
0.43226
0.43404
0.43603
0.44049
0.43656
0.43906
0.44153
0.43655
0.31992
0.31974
0.32061
0.31921
0.31901
0.31986
0.32068
0.32101
0.32098
0.37137
0.37082
0.42171
0.45983
0.47549
0.49466
0.46982
0.50316
0.46744
0.50210
0.46961
0.45442
0.52115
0.45804
0.47372
0.53845
0.63343
0.56778
0.64983
0.65918
0.68035
0.71251
0.68098
0.70659
0.89954
1.69445
1.09569
0.70882
0.69254
0.67954
0.64999
0.53694
0.47440
0.47581
0.47660
0.47933
0.48262
0.41834
0.36213
0.36218
0.36252
0.36267
0.36272
0.36281
0.36295
0.36286
0.36308
0.36264
0.36356
0.36341
0.36501
0.36346
0.36337
0.36431
0.36461
0.36424
0.36471
0.36463
0.36529
0.40086
0.47499
0.47363
0.47419
0.47415
0.47492
0.47461
0.47482
0.47522
0.47519
0.47564
0.47590
0.47637
0.47670
0.47793
0.48524
0.48159
0.48090
0.48235
0.48495
0.44157
0.36467
0.36448
0.36403
0.36431
0.36430
0.36454
0.36587
0.36487
0.36553
0.36748
0.36696
0.36641
0.36694
0.36788
0.36603
0.36592
0.36582
0.36571
0.37199
0.38233
0.47625
0.47627
0.47706
0.47624
0.47605
0.47602
0.47575
0.47693
0.47748
0.47657
0.47786
0.47686
0.47719
0.47745
0.47767
0.47837
0.48079
0.48195
0.48324
0.48462
0.49077
0.37384
0.36600
0.36491
0.36451
0.36514
0.36542
0.36532
0.36470
0.36451
0.36447
