1.16410
1.63910
1.91862
2.00797
0.92182
1.88362
1.64865
1.22265
1.65310
1.68925
2.25843
1.68877
2.03327
1.19980
1.58270
2.37475
1.16530
1.21175
1.42218
0.81068
1.41727
1.60382
1.22583
0.62565
3.37895
3.40610
0.74450
2.92007
1.60658
2.16223
1.49805
2.34000
2.00210
3.27612
1.89097
1.59207
4.12833
2.94273
2.25365
2.36675
2.24493
2.49162
3.41887
2.79398
2.14885
1.81908
1.42967
2.22143
3.56537
3.71650
4.40840
1.95248
1.87630
2.66335
3.31725
3.88382
3.76605
3.82260
3.96372
2.81477
4.81195
6.78358
3.39243
3.01238
1.71407
2.32558
1.88200
1.70978
2.40070
2.89832
4.30947
3.39042
5.24430
4.69270
1.55300
1.02388
2.60418
1.60103
3.05932
1.37492
5.22355
2.54645
1.90153
2.26372
0.67588
2.12720
2.41917
2.42890
1.61528
0.90643
3.12740
3.00843
3.38808
1.09240
2.04947
2.35250
2.93540
2.60135
2.16235
1.80592
2.49755
1.24975
2.06922
2.97018
2.68202
2.89323
2.65773
2.38793
1.72488
4.80495
4.67122
1.72842
1.41910
2.87955
1.24622
4.49243
2.34875
2.23342
2.17127
4.01960
3.25328
2.34495
2.63292
2.80943
1.60540
4.94110
1.51968
1.10357
3.72683
2.55255
0.96490
1.44140
1.50932
1.18798
0.99222
1.05655
0.48057
2.39513
2.96723
2.76600
1.28760
1.41357
1.58612
1.73195
2.32517
2.36827
2.22020
2.77112
3.56272
2.48815
1.85607
2.18837
2.06512
1.26408
1.14497
1.01755
1.58465
0.64315
1.42613
1.28688
1.48943
1.44770
1.77462
2.54825
0.44718
0.73177
0.79325
2.43373
1.64142
1.77788
0.94230
2.06842
2.31557
0.74520
0.63448
0.74997
2.40297
1.39467
1.63338
1.84963
2.74090
4.46063
4.81550
3.37055
3.00325
3.44465
4.53693
7.51578
7.62283
7.71082
7.79700
8.04835
8.56422
4.96967
6.68732
4.51032
5.95712
6.21285
6.68615
5.52380
5.71583
7.03052
9.81083
9.97342
8.88630
9.65408
9.45673
8.62365
11.86562
11.61230
10.84095
13.21005
14.22795
9.96542
7.71212
6.66625
6.11828
8.53790
5.20997
6.94593
10.20437
8.90408
9.82900
8.78072
8.96097
5.53075
3.97645
2.70347
2.73458
2.79302
2.87452
2.37052
1.67623
1.51137
0.70015
0.70040
0.70213
0.70177
0.70143
0.70032
0.70033
0.70078
0.70007
0.70002
1.16837
1.45343
1.75853
1.84295
2.45605
2.78495
2.47282
2.18180
2.32128
2.32620
2.33220
2.33872
2.34787
2.34958
1.63810
1.46010
1.46293
1.46300
1.46513
1.46260
2.63080
1.70912
1.84827
1.88547
1.84105
1.30227
1.20062
1.35170
1.20168
1.24922
1.71582
2.24558
2.29975
2.36482
2.34902
2.27355
2.38437
2.39777
2.41817
2.43178
2.68320
2.11235
1.12268
1.17892
