3.87368
3.16163
2.42052
2.64912
3.06093
3.98148
3.43600
3.03802
2.47910
2.49180
2.48498
2.78587
4.25465
3.15760
4.11805
4.79142
4.53880
4.70985
5.57643
4.84718
4.71820
4.72557
4.41305
4.18068
4.31812
4.33878
3.52707
3.53083
3.82263
3.80427
4.59425
5.49277
3.18870
3.11192
2.57495
2.55025
2.54918
3.36098
3.42822
3.58145
3.83945
3.89498
3.51928
3.22023
4.32838
2.86510
2.51285
2.48883
2.48908
2.48270
3.82655
3.13137
3.10472
3.11883
3.10635
5.70033
2.63423
5.30545
5.31942
5.80177
6.00933
6.55930
6.61780
6.37755
5.91750
5.89212
5.52908
5.26515
5.31135
5.28613
6.20212
7.40453
7.42352
6.94982
6.81178
8.65012
12.27958
8.15970
7.32250
9.03340
7.58827
3.63748
2.60453
2.75413
2.81075
2.29842
1.75693
2.31357
1.87247
1.51418
1.51855
1.77588
2.18655
2.10755
2.68618
1.53188
1.90077
2.14888
1.67970
1.54182
2.65565
1.78407
2.14647
2.44278
2.79100
2.55923
1.76585
2.66090
1.55405
2.17570
2.17548
1.70072
1.63162
2.75588
1.70017
1.69437
2.00153
2.19157
2.12502
3.07688
1.97015
1.48365
1.47570
1.50665
2.10075
2.55003
3.91083
2.45880
1.63415
1.54220
1.95880
2.12875
2.67412
1.47977
1.48125
1.48242
1.48573
1.84113
2.36880
2.82612
1.51252
1.51353
1.55862
2.02122
2.05177
20.00763
30.52572
10.63170
2.43335
2.64558
3.96453
4.50992
4.59850
3.75723
3.35235
2.57248
2.53277
2.84453
2.67558
3.99622
5.44540
2.97155
3.12013
6.65198
3.14435
4.96013
4.20640
8.04957
2.11095
2.51457
3.25043
3.32798
2.76842
3.59053
2.04930
2.05128
2.05328
2.42892
3.77723
13.80390
32.75257
17.71978
4.40613
3.87503
3.40007
3.39527
3.39410
3.39640
4.55835
4.04202
4.00603
3.29228
3.60338
4.24207
5.68142
4.15982
3.82913
3.28790
3.29322
3.25495
3.63782
6.66513
6.59202
6.05440
6.05315
6.33217
6.66205
6.24132
6.03160
6.03017
6.03092
6.02577
6.21790
6.65670
6.66067
7.03792
6.83033
6.65002
6.67590
6.51127
6.01668
6.32385
6.64013
6.64482
8.37487
3.28207
3.76783
3.91490
3.28122
7.03780
32.36113
23.02835
4.20777
3.75233
3.89322
3.88680
3.85475
3.47217
4.99367
3.87247
3.89472
3.95078
3.84663
3.90028
4.61798
4.30790
3.25223
3.25437
3.25502
3.24967
3.25703
4.97645
3.89697
3.89735
3.76258
3.24422
3.24625
12.03710
33.20983
13.18748
4.59843
4.61950
4.64848
4.24892
3.37332
3.51233
4.36192
3.48477
4.10003
4.10940
4.10913
3.94302
4.58455
3.44185
3.87952
4.69915
5.19800
5.39745
6.10363
5.85962
4.98405
4.90523
4.96433
5.65262
6.09118
27.36318
34.44288
8.72508
