2.34055
1.84242
1.85537
1.87892
2.89332
2.86472
2.64568
3.37645
3.22180
3.28263
1.72265
1.04078
0.91513
2.21265
0.46175
0.34040
0.72042
1.27087
1.55927
1.57413
1.59023
1.60915
1.39465
1.04128
1.04952
0.81008
0.64387
0.80395
0.33960
0.33863
0.90892
1.55867
1.56978
1.57850
1.59445
1.24372
1.05227
1.26962
1.54897
1.02853
1.03807
1.07542
1.40673
2.83718
2.04738
2.03820
2.69533
2.23805
3.80370
0.78270
0.76610
0.85447
0.88127
0.89102
1.64122
2.12717
2.16330
3.70193
2.20322
2.17743
1.62552
3.83790
1.60035
1.51422
0.75665
0.78285
0.79533
1.17333
4.09962
2.54793
3.21535
3.03373
1.97607
1.67173
0.73482
0.59535
0.73600
0.54122
0.56528
0.91792
1.69500
1.79867
1.82977
1.76590
1.61453
0.52190
0.42320
0.41033
0.44642
0.69287
1.04708
1.48462
2.92720
1.99798
1.68648
1.49425
1.00647
0.58497
0.40868
0.47037
0.50698
0.91322
1.27248
1.28548
1.55470
1.91202
2.02213
1.23155
1.38617
0.65280
0.69607
1.14393
2.68555
1.26857
3.65893
1.96307
2.15657
1.97950
2.10100
1.56992
1.28213
0.60287
0.64010
0.59193
1.58780
0.75932
1.68188
1.85493
2.05980
1.92650
3.16780
1.25728
1.44872
2.58277
2.68040
4.11527
3.71288
4.12608
4.29227
4.24325
5.23455
3.86110
5.30073
7.90750
9.48450
7.80370
2.63502
6.45362
14.88505
2.57068
4.97323
6.54055
11.56177
12.19890
13.69537
12.78038
8.62192
4.26323
2.95472
2.50448
2.51533
1.56655
1.98007
2.47338
2.56360
2.20362
3.11502
4.77480
4.33055
1.97287
1.95498
1.94585
2.21653
9.03322
5.03128
1.57037
1.55978
1.57860
0.86075
0.31577
0.31162
0.31017
0.30512
0.31175
0.31282
0.98580
1.28650
1.53985
1.57362
0.93672
0.45680
0.31097
0.31220
0.31203
0.31202
0.75585
0.99103
0.99847
1.28877
1.18642
0.87255
0.88418
0.47407
0.31370
0.31417
0.55083
0.98917
0.99545
1.00653
0.90405
0.31397
0.79843
0.85818
0.87302
0.88707
0.43643
0.99130
0.99593
1.02763
1.02138
0.45105
0.31582
0.31517
0.51235
0.85333
0.86975
1.41180
1.25170
1.00582
1.01328
0.68117
0.31562
0.31608
0.31862
0.71090
0.85992
1.22173
1.56997
1.22093
1.00888
0.89990
0.31650
0.31707
0.31745
0.31755
0.31655
0.70997
1.52722
1.54565
1.57410
1.48313
0.40115
0.31937
0.31757
0.31772
0.31820
0.34877
0.99632
1.05157
1.54932
1.57227
1.20145
0.70237
0.31468
0.31362
0.31122
0.31393
0.85950
1.20957
1.54510
1.56767
1.41757
0.74968
0.30982
0.31072
0.31258
0.31270
0.70718
0.99873
2.17845
1.98593
2.35110
1.65263
1.88635
1.42755
1.07352
1.06623
1.29368
