1.17945
1.22673
1.68290
1.86350
1.57587
1.57400
1.57877
1.61303
1.16600
1.34298
1.67860
1.71358
1.61113
1.22353
1.82758
3.22648
4.56687
2.58723
3.10953
4.56357
4.22480
3.64738
2.70663
2.71760
3.13397
3.06900
3.04135
3.38543
3.91228
3.93868
3.63435
3.21100
3.02027
3.03155
3.54008
3.58693
3.57580
3.59877
3.76617
3.53425
3.68430
4.41672
4.55903
4.18330
4.45168
3.04568
2.96727
3.01583
2.59040
3.21425
4.81193
5.61530
3.94747
2.95898
2.08588
1.68332
1.68747
1.70487
1.24343
1.12047
1.12413
1.13005
1.55342
1.55758
1.55603
1.98502
1.86060
1.70625
1.57327
1.15645
1.13352
1.12227
1.12252
1.45622
2.08805
1.96818
1.53602
1.51195
1.33167
1.68152
1.68127
1.67422
1.36320
1.12117
1.88247
10.92665
11.51677
12.82523
15.37580
19.73682
26.85250
24.86608
30.94973
21.83562
2.53392
2.07753
2.04125
3.00467
3.76612
14.30742
20.37395
30.08123
27.03445
46.71955
36.07665
7.76988
2.02853
1.95297
2.01562
2.60257
2.97942
3.04008
2.54075
2.26072
2.56318
2.56465
2.45125
2.02830
1.99477
2.10123
2.30352
2.66367
2.66860
2.66270
3.09465
2.81585
2.81745
2.49052
2.26097
2.23817
2.21985
2.75842
2.88395
2.70043
2.66657
2.67055
2.70865
2.32522
2.24295
2.58997
2.67853
3.00757
5.27832
5.12020
2.84850
7.57557
6.51195
10.20485
7.05767
6.18365
6.21358
6.25358
6.28160
5.36838
1.85923
2.18270
2.66570
2.99437
3.17993
2.67482
2.69377
3.35545
6.21118
6.22070
6.25230
6.60738
6.89008
7.00820
6.64343
6.60682
6.44065
3.87428
3.61150
3.01552
2.82232
1.56922
1.05852
1.05507
1.05863
1.07528
1.04917
1.45848
1.36300
1.65293
1.92958
1.66378
1.39742
0.97113
0.98908
1.46708
1.51543
0.94387
0.94002
1.29395
1.36573
1.36985
1.38613
1.22287
0.94500
1.39400
1.50112
1.54908
1.04010
0.97830
0.98042
1.70440
1.94575
1.49027
1.78220
1.71808
1.27835
0.94373
0.94507
0.94510
1.07512
1.48530
1.51460
1.63873
1.40790
1.40527
1.36957
1.68542
1.47415
1.19630
0.94625
0.94745
0.94680
0.94872
0.94910
1.11875
1.91158
1.94632
1.97743
1.56582
1.14870
0.94767
1.18448
1.48645
1.36685
0.94762
0.94835
0.94792
1.25695
1.50782
1.91548
1.95927
1.85338
1.13385
1.13615
0.94813
1.34363
1.49407
1.31108
0.97718
1.67422
1.38155
1.38392
1.63362
1.77078
1.52298
1.53522
1.17217
0.95782
0.94443
0.94498
0.94403
1.76997
1.92730
1.56453
1.31483
1.20213
1.20443
1.51340
1.51117
1.50407
1.36817
0.94772
0.94722
1.30575
1.55998
2.40415
1.99052
1.17325
1.05750
1.51130
1.51305
1.50362
1.19915
