5.07737
4.95513
4.99527
4.93708
4.62117
4.53638
4.69710
5.60518
5.27080
5.20612
5.07367
5.02988
4.83068
4.64397
5.11632
5.54610
5.49515
5.61632
5.54008
6.42438
6.84662
7.10280
7.06213
6.64780
6.56115
6.72548
5.92383
5.40738
5.31238
5.15315
5.55080
4.59278
4.49687
4.37200
4.33270
4.55590
4.32982
3.90390
3.93252
3.90982
3.84615
3.31650
3.17405
3.59838
4.16737
3.82898
3.50045
3.27167
4.11040
3.94330
4.28497
8.96913
3.30792
3.30530
3.74400
3.12877
2.47508
2.28277
2.45938
2.68807
2.32637
2.26288
2.44808
3.26430
3.21918
2.93143
2.91817
3.16125
2.91067
1.32270
1.44652
2.67157
3.07092
3.11195
12.61842
6.50308
10.11367
13.87325
5.89727
13.18112
13.44450
15.22683
17.31842
17.36147
16.15467
17.02910
15.04467
3.15103
3.14897
3.17720
4.06638
4.32045
4.06517
4.00347
4.46003
3.85475
3.51245
3.50615
3.64152
3.90360
3.79042
2.79132
1.90413
2.29372
2.59638
2.25505
2.03092
1.58608
1.69110
2.03562
1.51607
1.42787
1.76402
2.06232
2.54972
2.68035
2.86442
3.32592
3.23130
3.31637
2.82005
2.66503
2.68747
2.55360
2.47402
2.39162
3.54558
3.97997
10.91630
10.93678
11.41477
10.33287
7.77282
11.42108
14.34578
19.59677
20.07768
19.65110
21.17465
21.25905
21.79928
13.15892
4.42000
4.34723
3.94075
4.07732
3.57535
3.59357
6.28177
3.27318
3.72105
3.51442
3.30863
3.38765
3.26373
4.84805
7.54313
3.22905
2.68802
2.60685
2.70773
2.99765
2.54347
4.14747
7.28823
5.04822
2.99747
2.09722
1.69888
1.67313
1.71252
2.11763
1.88807
1.72410
1.67652
1.89902
2.58803
2.55670
2.77042
2.40612
2.22770
2.49330
2.57793
2.25278
2.26217
2.27580
2.42113
2.83213
1.91310
1.76295
1.79592
1.30167
1.61017
1.20710
1.16843
1.16803
1.22513
1.60937
1.29035
2.03865
2.33418
2.37832
2.79753
2.03405
1.75352
1.76143
1.77288
2.18023
1.98912
1.81455
1.34540
1.75745
2.14587
2.01445
1.31865
1.16965
1.17038
1.52632
1.42012
1.16955
1.16862
1.52015
2.65683
2.58555
2.34967
1.94508
1.74810
2.09565
2.02173
1.77190
1.78752
1.79910
2.23815
2.01988
1.79068
1.80700
1.83307
1.58575
1.40582
1.16775
1.16777
1.16665
1.57510
1.37095
1.56948
2.28693
2.37972
2.77887
2.53958
2.39993
1.87060
1.82590
2.19855
1.90675
1.80052
1.70450
1.28762
1.61488
1.77593
1.79635
1.80463
1.98793
2.27050
1.54427
1.17798
1.18125
1.42797
2.04895
1.76470
1.77697
1.79425
2.56233
2.90478
2.61615
2.62655
2.64727
2.93432
2.25593
2.04743
1.94658
1.46715
1.83693
1.56592
1.41310
1.72768
2.25345
2.48922
2.10735
