4.61717
4.53922
4.57580
5.12250
6.70038
6.74203
6.72140
6.95128
7.12865
7.17177
7.10668
6.03750
5.73310
5.28712
4.98530
3.70845
4.39902
3.83642
3.72150
3.71993
3.91790
4.30302
4.19133
2.73790
2.79140
5.44178
4.12473
5.07912
5.91893
6.23710
6.08353
5.56247
5.17808
4.86977
5.38955
3.87578
4.33672
3.97653
3.98700
4.18717
4.71848
3.83832
3.75765
5.90322
6.21507
4.26623
3.55340
1.66317
1.69825
1.83370
1.82530
2.09733
3.97440
4.68898
4.21962
4.21238
4.24422
4.24250
5.57317
3.87917
4.26063
2.86478
3.05600
8.26558
17.97958
8.94157
8.15683
11.74247
21.70742
21.02248
21.86747
17.57960
11.18472
1.96253
2.44542
2.03042
3.50018
3.53108
3.52700
3.56230
3.41152
2.97138
2.92045
1.41007
1.57992
2.70068
4.66885
5.70018
9.20205
7.07707
7.12235
7.11883
7.06025
7.11598
7.10822
5.68263
2.99795
2.49615
1.96815
2.08060
3.52095
3.56198
3.44862
3.06475
4.90715
5.07107
5.72567
5.04013
4.95382
3.05000
1.87697
1.94850
3.62667
3.60575
5.00400
3.56163
5.46010
4.82317
2.78590
1.33960
1.63087
1.62212
1.62603
1.72125
3.71597
3.78470
4.17215
3.92555
3.80530
3.83377
3.86043
2.32190
1.34990
1.25388
1.25075
1.34438
2.81960
2.81087
2.81427
3.15623
3.41203
3.40573
3.38887
1.84587
1.84650
1.85007
1.82863
1.91862
2.99752
3.08908
3.54717
5.46862
17.82065
18.11212
18.88108
18.27970
18.34730
18.73837
21.68472
20.23047
26.64647
4.94117
6.95465
4.62967
3.34445
3.35103
3.39143
1.90572
1.51158
1.42352
1.42123
1.51238
3.36568
3.52008
3.54205
3.54955
3.55307
3.56672
3.48937
1.46343
1.47147
1.46295
1.45868
1.54692
2.99117
2.98768
3.15138
2.98273
2.98348
3.18025
3.50065
2.02148
2.02918
2.03535
2.03608
2.27150
3.71998
3.37727
3.37773
3.37203
3.38130
3.38153
3.38140
1.88010
1.92943
1.96023
1.87982
2.11340
3.59373
3.58390
3.59092
3.59940
3.47210
3.02027
2.97405
1.47672
1.48438
1.47707
1.47515
2.02915
3.53922
3.57067
3.01865
3.00778
3.04657
3.79677
3.53612
2.03827
2.03462
2.04258
2.03965
2.14503
3.69750
3.73177
3.38515
3.38530
3.38413
3.39215
3.34110
2.03550
2.44033
2.53558
2.57630
2.21325
3.62005
3.63025
3.62655
4.17507
3.26493
3.04043
2.99413
1.49008
1.48737
1.49490
1.48637
1.59877
5.26103
5.68915
5.72342
5.73892
6.18658
3.64643
4.23758
3.26012
5.75523
9.84688
10.96960
11.27093
10.09915
7.83255
7.72168
7.35545
8.91177
9.31435
9.62915
9.28570
11.55823
11.70013
11.77743
11.51432
13.49853
8.87017
9.39813
15.82872
4.35025
6.67030
7.65125
5.43558
