5.57563
6.49868
6.29918
5.20880
4.75670
6.00332
7.30535
7.31470
7.49097
6.11280
5.81767
5.87823
6.52305
6.76620
6.83092
6.60770
6.46695
8.23748
8.41455
8.53325
8.36625
8.05927
8.43970
10.21495
8.73295
8.81938
9.13422
8.85722
7.93488
7.13915
6.57187
6.23200
7.14393
8.32970
8.29888
8.46182
8.58965
9.27635
9.32780
9.25455
8.55843
8.57855
8.05800
7.98365
8.25230
8.29337
8.41365
8.58210
8.54752
8.49203
8.60933
9.79937
10.10065
8.15080
8.11180
8.25363
8.27433
6.83163
6.37118
6.35943
4.74072
4.67793
4.56780
3.63133
3.18980
3.19447
3.23615
3.24857
3.91002
3.39153
3.92482
3.80355
3.75147
3.83717
3.99078
3.44618
3.77898
3.81637
3.95835
4.04738
4.11312
5.16543
5.49552
5.50100
4.30825
4.10577
3.12747
3.11083
3.11382
3.14088
2.58770
2.89122
3.53340
4.04415
3.83178
3.67398
4.17347
3.76000
3.26523
3.78723
3.95735
4.02027
4.20175
4.52753
4.74775
5.65875
5.11793
4.65937
4.42003
3.92753
3.58962
3.20893
3.22000
3.58312
3.67907
9.89522
4.07787
4.78323
4.74062
4.97028
4.19810
3.79632
3.84745
4.37830
5.52632
10.76992
10.61138
11.17267
11.64902
8.99547
5.09840
4.55318
4.19715
3.63750
6.20302
10.21675
10.14867
10.10212
9.95073
6.83558
5.78725
5.62227
5.00118
4.33215
3.15962
7.73795
6.73457
7.88848
7.90392
6.12677
3.68575
3.66422
3.83793
7.37160
8.70718
3.83430
3.74028
3.87355
3.29577
3.04212
3.44767
3.44840
3.74840
3.97472
3.98893
4.00430
4.27773
3.89497
4.03343
3.90887
3.74805
4.06823
7.11503
4.59083
5.01198
5.05522
5.01043
4.54648
3.56682
3.55903
4.47900
4.49957
4.53045
4.54245
4.58202
4.90787
4.59277
4.85182
4.08790
4.39152
4.56132
4.58677
4.84742
4.54037
4.62717
4.92748
4.95427
5.72637
7.24502
5.24312
4.54417
3.71167
4.06563
4.46578
4.51160
4.64188
4.50268
4.48487
4.48702
4.49117
4.86802
5.03503
4.62767
4.17430
4.98402
4.61283
4.64985
4.92447
4.63643
4.76347
5.15603
5.75512
6.20670
5.55450
5.37695
4.40313
4.06222
3.85727
3.87437
3.84965
3.85465
3.85780
4.09562
4.49463
5.15128
5.08252
4.45925
4.64523
4.67008
4.46445
4.28310
4.31058
4.35332
4.03357
3.04053
3.75183
4.38478
4.65453
4.19900
3.76943
4.72383
4.85575
4.88377
4.39485
3.67562
3.65972
4.38312
4.39547
4.42915
4.45378
4.74390
3.69275
4.00018
6.31778
6.59760
6.06578
6.62578
6.57830
6.28617
6.79707
7.03260
7.01988
6.59007
5.54950
6.14520
6.51200
6.52315
6.53383
6.00362
5.16615
6.79732
7.14750
7.85370
7.18375
6.40287
6.94778
6.79670
6.23758
