1.06722
1.03877
1.19652
3.02638
4.85313
2.01631
0.77368
0.74097
2.62647
3.71266
1.01193
1.16538
1.57962
3.97746
2.43963
0.88565
0.97868
1.99380
3.85102
1.34619
0.90780
0.90651
2.94512
3.41351
0.89256
0.96286
1.09263
3.73397
2.28852
1.03279
1.11439
1.21140
4.03053
2.24054
1.05447
1.26999
1.35855
2.95814
3.98108
0.98165
0.93018
0.82778
0.97137
1.05137
3.42293
4.21627
0.87075
0.60711
0.81910
0.92778
1.00592
1.63905
2.43103
2.50965
1.39276
2.95535
5.11868
2.74037
1.42298
1.35204
1.12776
1.13078
1.13885
1.66546
0.99392
0.82338
0.77417
1.37164
4.66974
2.19093
2.31174
2.53883
2.48733
2.44144
2.45253
2.47649
2.86810
2.57393
2.58014
2.50315
2.28081
2.26449
4.88264
3.49044
2.37921
2.53935
2.40900
1.60410
1.44439
1.89057
1.00851
1.53190
1.62932
1.52535
1.91021
1.81238
3.48989
3.62997
1.66747
1.25591
1.19437
1.22288
1.13201
1.41619
1.63225
1.41716
1.33981
0.85721
1.12923
1.21520
2.01773
4.13152
1.20659
1.02564
1.16106
1.17267
1.11494
1.09603
1.13407
1.50416
1.01142
0.81118
0.96350
1.00526
0.96253
0.82011
0.93342
1.37968
1.09560
1.05146
1.25023
3.27224
2.12051
1.13594
1.38374
1.41875
1.46326
1.19426
0.89326
0.74598
0.72974
1.00720
1.17066
0.99726
1.05752
3.35136
3.59912
0.84022
0.62341
0.78062
0.84224
1.02433
3.94866
3.92584
0.83730
0.45245
0.50635
0.60742
1.04979
3.66066
3.72786
1.00907
0.71967
0.51699
0.53131
3.53021
3.22992
0.66019
0.85629
2.96459
3.87483
1.53089
0.83580
2.58681
3.62470
1.33039
0.60795
2.66633
3.97108
2.09699
1.06383
2.82290
4.64646
3.55502
0.71952
2.61103
3.40874
1.44033
0.70778
2.69367
3.65048
1.43376
0.44225
2.82216
3.77071
1.46865
0.62933
2.43518
3.61110
1.41931
0.82948
2.71509
3.62208
1.12787
0.68680
2.77415
3.65981
1.17548
0.63956
2.77221
3.77287
1.10661
0.80781
2.22449
3.48641
3.03594
0.51443
0.61808
3.64922
3.20260
0.70877
0.59150
3.38746
2.95986
0.64056
0.65968
3.67677
3.31448
0.77736
0.79092
3.28298
3.55530
1.13791
0.50157
2.21984
3.72109
1.24226
0.81130
2.44605
3.49895
0.80921
0.65422
2.24186
3.80313
2.38518
0.76661
1.05120
3.68003
2.61767
0.82177
0.72172
3.30268
3.59574
1.15336
0.76066
1.73333
3.45519
1.91800
0.50061
0.77598
3.75699
3.00073
0.67778
0.49445
2.96454
3.06618
0.74810
0.75647
3.09164
3.37874
0.68252
0.60266
2.71879
3.44555
0.61722
0.52009
2.43105
3.86288
1.49222
0.88586
0.49015
2.86417
3.46808
3.12904
0.77759
0.90766
0.78499
3.72209
