10.54167
4.82963
21.48432
17.59477
2.68685
2.64027
2.62748
2.60853
3.30882
2.66293
2.97228
3.06357
3.14715
3.25238
8.59792
26.07583
4.67432
2.79318
2.65253
2.58800
2.64397
2.63417
3.24145
2.65285
2.93990
3.12877
3.16295
3.23047
3.25598
25.48773
12.23680
2.88768
2.59992
2.65505
2.61608
2.58793
2.62877
4.28778
4.39337
4.84730
4.85592
4.84677
4.98838
5.65497
6.72328
6.89982
4.42407
4.21188
4.25923
4.36142
4.92272
5.57590
5.34868
5.28037
5.89215
5.92782
5.24230
5.21647
5.22562
5.28230
5.34807
5.40943
5.50988
5.45762
5.25988
5.21123
5.25490
5.20392
5.23907
5.70533
5.35492
5.37380
5.41410
5.20562
5.08692
5.06997
4.82618
5.26950
4.75295
5.37853
5.49413
6.92047
10.67722
9.45022
7.55557
8.35905
8.26985
8.26378
5.24220
5.07877
4.81250
4.69597
4.79703
4.52862
4.82478
4.95030
4.87378
4.72072
4.72083
4.83583
4.90658
4.83968
4.79260
4.63672
5.00845
5.24705
4.72773
4.67317
4.65617
4.90172
4.71763
4.68428
4.57670
4.60288
4.59812
4.63245
4.63028
5.05202
5.40582
5.99445
7.02305
5.63320
5.17517
5.39172
4.63068
5.11248
4.83178
4.84520
4.50377
4.15507
4.57028
4.59335
4.65848
4.68223
4.75593
4.65582
4.24343
4.18127
4.20240
4.19287
21.97292
12.77040
6.16132
8.36672
11.07727
9.90512
8.15118
8.38208
8.02670
7.83222
7.78102
7.63197
7.63955
7.66275
8.55788
8.63233
7.63582
8.16387
5.58843
5.47130
4.81550
4.74435
17.59467
18.29027
4.96943
5.10390
5.09643
5.22455
5.00028
4.70067
4.70290
4.69572
4.65582
4.63253
4.60957
4.84667
5.08132
5.05128
12.57790
24.14872
5.80058
5.23660
4.76135
4.82882
4.68672
4.71212
4.64912
4.67577
4.94072
5.21793
5.20078
5.27212
5.29677
9.13117
27.55310
6.04438
4.91667
4.82607
4.81880
4.81905
4.89257
5.03085
5.29777
5.27500
5.27918
5.33508
5.49082
28.44557
9.11463
5.41292
5.41882
5.43248
5.44945
4.90855
4.80272
5.76105
6.66445
6.73843
6.74812
5.81898
5.17485
12.53855
23.24833
5.63433
5.14887
4.79477
4.79660
4.91722
5.39663
5.35582
5.41072
5.47225
5.36293
5.40140
5.08008
4.73840
4.81897
21.20522
14.45677
4.85443
4.82180
5.11132
5.29630
5.34080
5.33730
5.30705
5.28303
5.29913
4.81767
4.80358
4.78768
4.73948
4.86277
4.89230
22.71335
13.86950
5.27745
5.26458
5.27422
5.33652
5.32008
5.34713
4.75160
4.93242
4.81812
4.80928
4.80362
4.90163
5.19477
5.28298
5.18182
5.27698
9.04822
27.97485
5.84912
4.90305
4.74738
4.86203
4.79120
6.23880
5.46097
5.20338
6.86065
5.58275
5.72502
5.77873
5.74920
5.77647
