0.00402
0.00400
0.00391
0.00208
0.00177
0.00197
0.00199
0.00199
0.00224
0.00200
0.00206
0.00236
0.00141
0.00149
0.00186
0.00175
0.00261
0.00256
0.00076
0.00020
0.00202
0.00298
0.00296
0.00146
0.00119
0.00200
0.00399
0.00260
0.00105
0.00119
0.00253
0.00551
0.00477
0.00402
0.00257
0.01226
0.02826
0.04385
0.06757
0.11985
0.19332
0.32698
0.40657
0.48814
0.57681
0.67101
0.77575
0.88501
1.00671
1.15822
1.38844
1.63097
1.72849
0.59736
0.34166
1.34088
1.90337
0.94347
1.80588
2.07190
2.15695
2.27246
2.31355
2.35687
2.51796
2.57211
2.61366
2.65185
2.73180
2.90986
2.96981
3.02037
3.21123
3.11312
3.03786
2.07845
3.49207
3.74783
3.22831
2.65140
2.09252
1.72564
1.44961
1.18948
1.01158
0.92662
1.12035
1.48075
1.57351
1.71046
2.43891
2.31552
2.48588
3.04128
3.95794
4.02546
4.03638
4.05917
4.08690
4.07342
4.08474
4.10212
4.11264
4.10811
4.09786
4.08880
4.10507
4.10947
4.06873
3.90509
4.04708
4.03259
4.06811
4.05799
4.06266
4.06445
4.04643
4.05410
4.06357
4.03211
4.00028
3.95253
3.90395
3.89161
3.85395
3.83345
3.79218
3.72506
3.69167
3.67326
3.64526
3.63022
3.58570
3.53807
3.49451
3.45480
3.39384
3.36228
3.31708
3.27997
3.20254
3.11397
2.80320
2.82076
2.52260
2.54178
2.50048
2.26763
2.21032
2.51494
2.43638
2.21368
2.07263
1.95719
2.06884
1.81633
1.72799
1.55866
1.46189
1.45100
1.34452
0.95891
0.63832
0.56676
0.53994
0.50478
0.52121
0.47085
0.48793
0.45266
0.38538
0.32323
0.27200
0.20444
0.15570
0.12542
0.10309
0.08097
0.05905
0.03815
0.00243
0.00200
0.00200
0.00173
0.00005
0.00000
0.00000
0.00000
0.00001
0.00002
0.00002
0.00001
0.00001
0.00000
0.00000
0.00000
0.00000
0.00004
0.00022
0.00042
0.00000
0.00000
0.00000
0.00000
0.00008
0.00003
0.00011
0.00017
0.00000
0.00000
0.00000
0.00000
0.00004
0.00002
0.00003
0.00012
0.00002
0.00001
0.00002
0.00008
0.00017
0.00018
0.00022
0.00010
0.00000
0.00000
0.00000
0.00002
0.00001
0.00000
0.00000
0.00001
0.00000
0.00000
0.00000
0.00017
0.00025
0.00016
0.00003
0.00001
0.00000
0.00000
0.00000
0.00016
0.00010
0.00014
0.00011
0.00000
0.00000
0.00000
0.00000
0.00000
0.00000
0.00016
0.00032
0.00000
0.00000
0.00000
0.00001
0.00006
0.00005
0.00005
0.00004
0.00000
0.00000
0.00000
0.00015
0.00005
0.00001
0.00001
0.00001
0.00000
0.00000
0.00000
0.00034
0.00038
0.00055
0.00012
0.00002
0.00000
0.00000
0.00000
0.00002
0.00000
0.00001
0.00004
0.00001
0.00000
