1.02403
0.97695
1.05848
1.05320
1.00591
1.00413
1.00261
0.99318
1.15045
1.00348
1.14011
0.91950
0.94478
0.83330
0.88434
0.90472
0.89822
0.90285
0.81713
0.80741
0.81310
0.77283
0.67144
0.71702
0.47840
0.39872
0.34004
0.34000
0.35271
0.42901
0.43125
0.40334
0.35036
0.30063
0.25712
0.25653
0.30509
0.34624
0.34589
0.34514
0.34352
0.34437
0.33812
0.33409
0.33050
0.32717
0.32966
0.27966
0.21199
0.21178
0.49524
0.62874
0.63066
0.52625
0.17111
0.15554
0.20100
0.42376
0.63054
0.76822
0.54355
0.99113
0.88787
0.62388
0.72690
0.80485
0.80719
0.76303
0.71874
0.23969
0.07366
0.09696
0.14610
0.13742
0.11018
0.02486
0.08871
0.12341
0.37592
0.50908
0.57397
0.36221
0.28982
0.30576
0.24433
0.31774
0.35957
0.43935
0.44371
0.42457
0.42226
0.46246
0.50480
0.33415
0.39342
0.39598
0.40437
0.36982
0.44813
0.32761
0.34232
0.31935
0.26067
0.25090
0.25058
0.31816
0.35779
0.41855
0.46734
0.37089
0.49956
0.48834
0.61299
0.57225
0.59758
0.47646
0.43784
0.45294
0.81776
0.49311
0.61895
0.61883
0.53224
0.45395
0.57695
0.58696
0.56286
0.56948
0.60065
0.59901
0.65345
1.16235
0.66149
0.61557
0.54627
0.46720
0.01869
0.02011
0.05452
0.11427
0.11847
0.10390
0.03419
0.06967
0.07850
0.11806
0.19683
0.18012
0.16110
0.09722
0.17839
0.32106
0.95446
1.02139
1.32255
0.81320
0.52675
0.59973
0.77205
1.13268
1.29775
0.77944
1.45572
0.82593
0.83380
0.84257
0.86162
0.92924
1.34820
0.79594
0.72049
0.62197
1.19529
0.69507
0.71707
0.72209
1.10307
0.37261
0.20273
0.20077
0.62543
0.56596
0.29049
0.20816
0.36540
0.69825
0.22803
0.29718
0.29833
0.88634
0.21088
0.20935
0.21055
0.70215
0.45448
0.29920
0.25898
0.48348
0.55127
0.21018
0.26893
0.29881
0.91934
0.23493
0.21084
0.21096
0.66127
0.46441
0.29979
0.29591
0.48051
0.55837
0.21132
0.24950
0.29916
0.91594
0.25884
0.21121
0.21115
0.65851
0.46275
0.30196
0.30528
0.48161
0.57058
0.21211
0.25332
0.30013
0.32953
0.35156
0.30441
0.30454
0.30184
0.38995
0.49046
0.87119
0.78665
0.78077
0.78445
0.82733
0.87783
0.86369
0.81871
0.68206
0.41031
0.42300
0.49591
0.49898
0.49484
0.41085
0.41101
0.41024
0.47856
0.49590
0.63462
0.56830
0.58366
0.66166
1.85024
1.17089
0.83012
0.84267
0.80381
0.73029
0.73785
0.85744
0.54628
0.45975
0.38377
0.40126
0.41291
0.47039
0.49598
0.47669
0.39859
0.39070
0.39953
0.47518
0.47801
0.47535
0.44806
0.38834
0.39006
0.45066
0.47135
0.47382
0.75088
0.83288
