1.81245
1.39169
1.55988
1.04512
0.95817
1.02068
1.09483
0.97561
0.91861
0.82601
0.78994
0.79625
0.90207
0.90996
0.91220
0.92025
1.35014
0.88837
0.92989
1.04428
0.87434
0.93525
1.01928
1.05851
1.04293
0.93931
0.84749
0.82406
0.82620
1.26911
0.99586
0.92560
0.96826
0.99542
0.94031
0.92689
1.06286
0.95506
0.95815
0.95594
0.96443
0.86449
1.35178
1.00277
0.91895
0.98611
1.00084
0.96456
0.91514
0.78786
0.88027
0.89860
0.83223
0.94496
1.07352
1.22331
1.52230
1.10383
1.11829
1.15556
1.12759
1.13399
0.98191
0.90744
1.16359
1.23521
1.85126
3.76825
2.43844
4.14010
1.39502
1.50708
3.47666
4.52333
5.49935
1.00430
0.86278
0.87459
0.86526
1.03874
1.06816
1.14328
1.14156
1.12358
1.57985
1.11197
1.07426
1.00279
0.99239
0.88199
0.88415
0.89358
0.91278
0.96906
1.10551
1.06601
0.95872
1.46110
1.17672
1.35922
1.29758
1.28611
1.17137
1.03335
0.96561
0.86497
1.68224
1.06894
1.04440
2.21327
1.98157
1.13818
1.10707
1.17025
1.25586
1.19545
1.09636
1.14531
1.18846
1.13185
0.84312
0.80827
0.88000
0.98390
1.33056
1.27713
0.90914
0.97766
1.03767
0.98201
0.92514
0.80053
0.79979
0.79539
0.80310
0.89304
1.00277
1.02039
1.02849
1.01659
1.58801
0.94516
0.85845
0.90353
0.91054
1.00103
1.87877
1.34742
1.20335
1.06213
1.03079
0.95744
0.77012
0.83716
0.77859
0.73963
0.75761
0.87577
1.10152
1.10602
1.10190
0.93773
0.89091
0.85055
0.79776
0.80470
0.77567
0.84136
0.92295
0.87082
0.74472
0.70119
0.70487
0.82790
0.82666
0.83084
0.87010
0.82307
0.81916
0.77363
0.70570
0.78553
0.80656
0.90438
0.87779
0.86572
0.93787
0.87359
0.94596
0.85165
0.82958
0.74543
0.70475
0.70454
0.70835
0.81446
0.82556
0.85475
0.91356
0.75447
0.71035
0.70486
0.77154
0.82616
0.87067
0.95447
0.83512
0.82208
0.79934
0.76124
0.76222
0.81098
1.07695
1.04967
0.91176
0.93542
0.93473
1.03130
0.94551
0.96038
0.92702
0.85198
0.84766
0.76376
0.83223
0.89224
0.99777
0.98752
1.22509
1.12939
1.22043
1.40796
1.48580
1.62704
1.69057
1.43246
1.38302
1.23651
1.20680
1.23169
1.24731
1.31447
1.28917
1.37814
1.31271
1.35135
1.60029
1.32717
1.30702
1.35968
1.18459
1.25738
1.36564
1.42289
1.51266
1.41488
1.38831
1.38103
1.38917
1.43124
1.46727
1.55451
1.65019
1.75951
1.55375
1.72238
1.56703
1.45036
1.36058
1.32337
1.35063
1.33897
1.44429
1.50362
1.51407
1.71855
1.80946
1.85060
1.95525
1.74546
1.67649
1.66154
1.81383
1.93123
2.01745
2.73466
1.90242
1.81902
