2.56707
4.09845
4.29952
4.34085
2.88902
2.42850
1.89467
2.30195
3.36885
4.12058
2.06018
2.27535
2.29778
3.73220
4.49367
4.26697
3.08005
3.22625
2.00383
2.44667
3.66620
3.37690
1.56810
2.25208
2.44555
3.53400
4.20990
3.91472
2.22670
2.36697
1.94883
1.87538
3.44742
4.24393
1.66052
2.35252
2.50603
2.35417
3.86588
3.89340
2.19715
2.55213
1.19547
0.85622
2.63930
2.72905
2.31315
2.02902
2.42225
3.15917
4.13927
4.27345
3.70958
2.51138
1.56908
0.97158
2.42250
3.41257
1.95743
1.51392
1.73048
1.83437
3.71655
4.23330
4.27352
2.53420
1.94603
1.58930
2.94382
3.16167
1.87977
1.50517
2.45507
1.72355
2.93978
3.65167
2.91433
2.06930
1.57842
1.52812
3.39322
3.39097
2.68217
1.87467
2.11620
2.13383
3.10358
3.54103
3.67647
1.87690
1.55690
1.19333
2.05130
3.01095
2.91742
2.83147
2.40128
2.10370
2.84135
3.93673
3.97968
2.15885
1.85197
2.27748
2.23307
3.45042
3.26118
2.31150
2.37540
2.06045
2.35982
4.56625
3.79085
2.08933
1.62610
1.24283
1.63105
3.30433
2.99357
3.11103
2.05222
2.05268
2.30023
3.86145
3.58085
2.44745
1.44503
1.92862
1.34673
3.03065
3.12955
2.55495
2.28502
2.04358
2.04992
4.60797
3.98922
3.20793
1.25288
0.84363
0.84778
2.88977
3.74787
2.31797
2.25567
2.43137
2.43918
3.36697
3.35570
1.93572
2.27030
1.06575
0.85903
2.82493
2.72482
2.72673
1.89187
2.95428
2.31517
3.27028
3.42942
3.22717
1.38783
1.16720
1.39008
2.81138
2.81438
2.85385
1.74378
1.69753
1.81733
3.00855
3.84048
2.66760
2.37922
3.34763
1.64453
2.28452
3.15187
3.21047
2.87297
1.92022
1.94605
2.42178
3.96918
3.27267
1.85237
2.26277
2.53830
2.66808
3.36855
2.58425
1.68368
1.70707
1.87675
2.34722
4.23122
3.11875
1.54138
1.75125
1.76115
2.28830
4.06680
4.10150
3.10870
2.33283
2.33358
2.69943
4.15033
3.86993
1.65003
1.80037
2.56363
2.81465
4.00698
4.37080
3.07478
2.99528
2.80978
3.17967
4.15045
4.06437
1.92530
1.48930
1.73290
1.81682
3.65042
5.16272
3.43570
3.06562
3.08013
2.92182
4.45688
4.40557
2.42550
2.21667
1.48900
1.48648
3.37708
4.19507
3.55435
2.68900
2.94730
3.80970
4.51678
4.67515
3.32143
1.90532
1.70087
1.48722
2.81100
4.67920
3.89860
2.66970
2.69107
2.69487
3.93097
4.90093
4.03103
2.72768
1.89488
1.93922
2.99482
4.01825
3.83560
2.51673
3.07870
3.91782
3.67617
4.52568
3.91128
1.85633
2.22440
1.90777
3.19268
4.46373
3.73385
2.76468
2.64240
2.54042
3.38843
4.48513
4.12685
1.85730
1.86115
1.86682
2.47365
4.39728
