0.55050
0.45014
0.48380
0.53335
0.57247
0.67773
0.65790
0.60293
0.60169
0.60227
0.61785
0.71548
0.61165
0.60606
0.61751
0.84506
1.31800
1.10167
1.43262
1.22239
1.16330
1.09364
1.19295
1.11390
1.38117
1.24437
1.32394
1.11980
0.88809
0.67638
0.60120
0.60275
0.66162
0.77675
0.70862
0.68217
0.65904
0.57487
0.61160
0.67661
0.56027
0.49142
0.49198
0.49391
0.57762
0.55129
0.49971
0.50386
0.48833
0.44482
0.73359
0.71315
0.75409
0.79464
0.69347
0.64244
0.73385
0.88837
1.72885
0.71974
0.82456
0.84032
0.62013
0.57018
0.57116
0.57079
0.64682
0.64258
0.57536
0.59239
0.65020
0.78732
0.77205
0.59702
0.76322
0.85015
1.47094
0.68840
0.68687
0.61504
0.61879
0.62110
0.64663
0.82358
0.65551
0.63498
0.64069
0.61309
0.60167
0.76699
0.74108
0.75776
1.04916
1.31770
0.65079
0.63772
0.59996
0.58110
0.66442
0.63149
0.71043
0.67212
0.52529
0.53452
0.53535
0.53476
0.64043
0.55363
0.57591
0.65412
1.05656
0.83194
0.92253
0.83967
0.63101
0.63575
0.75454
0.84035
0.92455
0.83235
0.84103
0.77904
0.67051
0.67698
0.76835
0.70163
0.67181
0.69194
0.64834
0.52826
0.63999
0.86680
0.82366
0.82772
0.76547
0.76232
0.79330
0.76970
0.69491
0.70766
0.67811
0.70104
0.70824
0.78883
0.71863
0.71016
0.69499
0.63135
0.63091
0.67149
0.69295
0.62979
0.63536
0.63440
0.62939
0.63440
0.73475
0.70522
0.70462
0.69471
0.71455
2.26029
1.30562
0.78969
0.57434
0.58646
0.67606
0.61454
0.44234
0.47542
0.45546
0.42998
0.48842
0.49389
0.49201
0.49279
0.58733
0.48024
0.50452
0.54120
0.53334
0.53013
0.55278
0.60443
0.53087
0.53437
0.53974
0.54567
0.47437
0.51450
0.50384
0.47905
0.49979
0.42867
0.46501
0.43926
0.57652
0.77727
0.41074
0.36652
0.43265
0.43064
0.46786
0.50061
0.43288
0.43643
0.44030
0.44249
0.44931
0.45676
0.38016
0.36417
0.36548
0.36265
0.36238
0.40588
0.42225
0.36404
0.36429
0.36281
0.41207
0.45015
0.52353
0.47213
0.52016
0.52045
0.52481
0.53015
0.61211
0.44676
0.44767
0.44784
0.44650
0.44896
0.54708
0.45944
0.44930
0.45110
0.45223
0.45196
0.58747
0.53792
0.53335
0.68380
0.52980
0.43494
0.54071
0.44203
0.44312
0.44785
0.38861
0.37316
0.46182
0.36225
0.35999
0.36118
0.36169
0.39305
0.44314
0.36290
0.36348
0.38585
0.43463
0.49407
0.48294
0.43226
0.43374
0.43433
0.43979
0.53979
0.45929
0.45098
0.38205
0.36446
0.38763
0.45434
0.36580
0.36413
0.37633
0.38269
0.45485
0.42566
0.44305
0.48038
0.52164
0.52519
0.63591
0.52256
