1.60838
0.97110
0.58555
0.66300
2.31270
2.35768
2.37742
1.57745
0.89667
0.94963
1.05868
0.72917
0.77690
0.75843
0.79198
0.33705
0.47498
0.89023
0.93585
1.03922
0.44565
0.33545
0.32898
0.52522
0.76307
1.17495
1.35207
1.57135
1.01353
0.54208
0.36308
0.34245
0.54308
0.34995
0.37300
0.94158
1.33588
1.40685
1.03803
0.42563
0.42127
0.85943
1.36342
1.75628
1.64987
1.86648
2.07372
2.52650
2.30475
3.52380
4.18078
4.64607
5.20510
5.65095
5.92957
6.46910
7.08418
7.77152
8.26257
6.99613
8.89887
8.60420
8.23652
8.97113
9.28503
9.74293
11.10873
11.51055
11.81158
11.99712
12.36627
12.46393
12.37687
12.60885
12.95530
13.42597
12.33718
14.97907
15.01052
15.58753
15.78877
15.89362
15.34173
18.46503
8.63320
6.10028
4.91250
4.48413
3.76098
2.92847
3.46922
11.51998
15.23238
7.28788
8.04238
7.99593
8.41022
13.02875
14.87975
16.17742
15.89195
16.91918
17.19413
17.73868
17.24403
16.99548
16.65735
16.39048
16.44323
16.43820
16.95937
16.94388
14.65655
15.75797
16.55620
16.39882
16.34202
16.31097
16.76377
16.78013
16.71507
16.62058
16.64723
16.47852
15.47665
15.28792
15.19545
15.56885
15.98958
15.74710
15.57033
15.30550
14.75060
14.50657
14.44813
14.71618
14.41890
13.56767
12.88523
12.19113
12.73878
13.51812
12.79262
12.60643
10.33653
9.05212
10.90085
11.26585
10.73702
9.46452
9.70530
7.18922
6.11147
5.00178
3.99117
3.32373
2.26078
1.93148
2.12232
2.10822
1.77898
1.82738
1.29098
1.33560
0.80127
0.54775
0.44305
0.32490
0.65910
0.58672
0.50665
0.39678
0.27502
0.52727
1.63823
1.35600
0.99585
0.82307
0.42065
0.34382
0.33968
0.38202
0.90712
0.93297
0.99283
0.98185
1.11517
1.18857
0.74145
0.84888
1.37838
1.03185
1.03218
1.08835
1.04773
0.36417
0.35752
0.32712
0.33150
0.60673
0.90603
1.29248
1.41303
0.92190
0.35385
0.33032
0.33315
0.34935
0.57187
0.88418
0.98625
1.44725
0.80122
0.78692
0.75867
0.70803
0.33663
0.39162
0.88273
0.94375
1.00163
0.33702
0.36132
0.32735
0.61470
0.75198
0.92572
1.33985
1.04248
0.88973
0.35623
0.35268
0.33675
0.33767
0.36208
0.65068
1.01562
1.38687
1.10707
0.79130
0.62992
0.33773
0.35697
0.60888
0.88757
0.94303
1.03520
0.58245
0.53108
0.64087
0.74398
0.79142
1.20263
0.97883
0.99955
0.63147
0.36548
0.34025
0.33748
0.33830
0.37332
0.89983
1.32033
1.41958
1.02002
0.65778
0.33200
0.33300
0.33387
0.37267
0.82383
0.92135
1.01202
0.53928
0.67308
0.73710
0.75308
0.81050
0.65120
0.87325
0.95462
0.79630
0.32968
0.33035
0.76437
0.71228
1.01727
1.38077
