5.90412
5.95898
5.84278
6.06793
6.42702
6.73900
7.17770
6.17200
6.50363
5.96763
6.99790
6.47998
6.04953
7.85178
9.99532
13.77762
13.82928
10.50217
6.56892
6.47827
9.65715
13.91883
14.12237
13.09330
15.66517
16.03935
12.44498
8.84215
10.96377
16.16947
14.57172
11.53822
10.70893
11.05425
11.50773
17.20860
18.92338
13.39203
14.90335
12.74115
12.91585
13.82168
11.76558
11.61783
11.85972
11.96530
8.64662
4.35945
3.46352
3.87188
4.07312
1.93790
1.83912
1.98550
1.86197
1.78393
2.38722
2.26853
1.77007
2.11852
3.35032
2.19242
2.65942
1.48325
10.31227
2.49007
3.12815
12.03722
1.67363
1.16922
19.32553
27.39540
24.19122
9.53127
10.14043
10.26352
10.31710
10.05433
9.62062
9.67200
9.67842
9.66735
9.30763
9.95938
4.18620
3.62392
2.25875
1.96223
1.05875
1.29517
1.36355
1.58057
1.60142
1.59635
1.34280
1.29477
1.56905
1.60263
1.38822
1.38678
2.08432
1.77623
2.74572
10.26523
8.77388
8.55872
8.67728
9.54087
9.58833
9.42618
8.72663
8.37728
8.58548
9.07157
10.03130
10.20350
10.06508
11.61922
2.43455
3.57940
11.98810
4.54828
3.37063
12.85565
20.71377
21.06373
20.80413
6.58820
7.60205
2.68347
2.81200
7.87575
10.78215
11.00218
9.99035
9.97620
10.85808
11.46550
11.17905
10.20185
10.06025
10.26065
10.57818
10.83687
10.27475
9.80290
9.65955
10.27803
10.59305
10.02093
9.77843
10.39030
10.23465
9.69190
9.89708
9.95303
9.41400
9.50045
10.18057
17.33250
17.31238
17.25825
16.79785
16.38415
16.44622
16.31425
16.32598
17.99128
20.10892
19.67127
15.58308
15.59640
13.68687
1.57523
3.13978
2.02150
6.16352
1.57447
1.63145
1.03097
0.93822
0.93255
0.94060
1.27882
1.57557
1.63607
1.83565
7.83120
1.92335
1.00320
1.00280
1.00575
1.00673
1.00288
1.46482
1.64595
1.65240
1.68785
1.46485
1.63878
1.69390
1.05062
1.00268
1.00442
1.00587
1.52893
1.65030
1.66040
1.62605
1.00518
0.99720
1.00168
0.99652
0.99562
1.01038
1.62503
2.28582
2.15850
1.66407
1.59833
1.00557
1.00552
1.00348
1.00680
1.00497
1.00612
1.07792
1.64570
1.65553
1.72537
2.09117
1.65658
1.45153
1.00435
1.00420
1.00520
1.00283
1.18130
1.64617
1.65332
1.66953
1.36685
1.00572
1.33322
1.62588
1.67052
1.13895
0.99808
1.22812
1.64415
1.65618
1.67288
1.38560
1.00230
1.00675
1.00988
1.56423
1.64555
1.58025
1.12040
1.65345
1.65813
1.67755
1.44762
1.01497
1.01357
1.02017
1.04560
1.64112
1.66273
1.52850
1.49775
1.67472
1.78155
1.77073
1.45163
1.54058
2.08868
2.09545
2.39068
2.83225
2.67192
2.23022
2.68617
2.77357
3.54378
4.23110
4.42763
