0.32351
0.32645
0.32755
0.21846
0.16940
0.16937
0.16962
0.16868
0.31286
0.32533
0.32730
0.32821
0.16996
0.16978
0.16983
0.16941
0.20423
0.32191
0.32570
0.32787
0.30055
0.16993
0.17009
0.16981
0.17009
0.23449
0.32490
0.32597
0.32771
0.32037
0.14967
0.14779
0.14779
0.14712
0.19193
0.30076
0.30187
0.30275
0.30451
0.23277
0.14399
0.14445
0.14412
0.14382
0.22348
0.29961
0.30158
0.30200
0.30557
0.30826
0.30901
0.31324
0.17574
0.14220
0.14136
0.46083
0.74528
0.38443
0.29267
0.29655
0.17299
0.13879
0.13811
0.13767
0.13725
0.19843
0.28793
0.28904
0.29316
0.19437
0.13588
0.13534
0.13524
0.13521
0.13491
0.28372
0.28690
0.28956
0.25431
0.13337
0.13286
0.13242
0.13276
0.13812
0.19481
0.29519
0.29729
0.30051
0.18181
0.14354
0.14347
0.13690
0.13548
0.13960
0.25243
0.29276
0.29425
0.27043
0.13484
0.13426
0.13474
0.13365
0.13371
0.13274
0.27093
0.28703
0.28873
0.23261
0.13256
0.13455
0.13387
0.13425
0.13411
0.13411
0.28013
0.28591
0.28910
0.22244
0.13525
0.13493
0.13519
0.13518
0.13511
0.13510
0.28092
0.28719
0.28926
0.21916
0.13425
0.13404
0.13411
0.13381
0.13482
0.13510
0.27676
0.28521
0.28741
0.21947
0.13374
0.13314
0.13475
0.13539
0.13569
0.13557
0.28066
0.29014
0.29082
0.21924
0.13708
0.13706
0.13783
0.13910
0.14024
0.14118
0.29072
0.29757
0.29941
0.21154
0.14299
0.14306
0.14223
0.14191
0.14216
0.16156
0.29439
0.29559
0.29881
0.19833
0.14317
0.14344
0.14442
0.14471
0.14421
0.19952
0.29963
0.30138
0.30814
0.14785
0.14390
0.14390
0.14440
0.14453
0.16274
0.28617
0.32307
0.32506
0.28289
0.16926
0.16889
0.16897
0.16882
0.16909
0.19939
0.32185
0.32314
0.32562
0.21812
0.16953
0.17003
0.17018
0.17013
0.17011
0.27730
0.32164
0.32450
0.30644
0.16992
0.17034
0.17033
0.17006
0.17057
0.21423
0.32322
0.32521
0.32739
0.21128
0.17072
0.17075
0.17103
0.17093
0.17110
0.32256
0.32475
0.32682
0.26693
0.17016
0.17054
0.17170
0.17019
0.17055
0.28010
0.32350
0.32554
0.30969
0.17072
0.17031
0.17059
0.17039
0.17018
0.25378
0.32370
0.32560
0.33159
0.17018
0.17048
0.17019
0.17044
0.17027
0.24640
0.32244
0.32406
0.32984
0.18884
0.16920
0.17002
0.16972
0.16931
0.24039
0.32439
0.32811
0.33279
0.18645
0.17103
0.17087
0.17114
0.17102
0.25717
0.32657
0.32869
0.33544
0.17418
0.17045
0.17028
0.16999
0.16962
0.26516
0.32423
0.32602
0.33244
0.18307
0.17120
0.17040
0.17027
0.17123
0.26785
0.32555
0.32693
0.33291
