2.06897
2.08360
2.07040
2.70703
2.91538
3.02802
2.95130
3.00085
2.97345
2.93503
2.95227
4.83015
5.35113
4.27250
2.19650
4.59647
4.51605
5.76073
6.40378
6.27053
16.78760
16.96508
19.43578
19.27493
17.33068
20.48487
18.77040
19.10787
24.91503
2.88243
2.94643
3.45987
4.26032
6.75812
9.90035
9.39333
7.23553
4.47742
5.63947
4.74515
7.88528
5.62140
6.23425
6.25202
6.27352
6.36297
6.66103
6.19450
6.01960
6.80117
5.52622
1.78135
2.26870
1.86983
1.36230
1.36690
1.44500
1.53955
1.54557
0.57588
0.53360
0.58720
0.53427
0.52895
0.51380
0.39923
0.39627
0.39270
0.39227
0.39138
0.39068
0.78228
1.18062
1.18350
1.18992
1.19643
1.21332
1.23957
0.86067
0.39182
0.38655
0.38410
0.38395
0.38977
0.38018
0.38038
0.39692
0.40850
0.42290
0.42778
0.42348
0.42392
0.53105
1.17590
1.19685
1.21500
1.23300
1.24422
1.24678
0.71923
0.38847
0.38710
0.38597
0.38503
0.38618
0.38740
0.39047
0.38895
0.38965
0.38945
0.39210
0.39093
0.39393
1.16157
1.17660
1.18595
1.20285
1.22297
1.28035
0.47880
0.39680
0.39688
0.39757
0.40023
0.40555
0.40203
0.40260
0.40433
0.40435
0.40477
0.41003
0.40883
0.40963
0.81245
1.20435
1.21775
1.22802
1.24023
1.27867
0.56100
0.41603
0.41957
0.42237
0.41985
0.42072
0.42335
0.42605
0.43093
0.42587
0.42858
0.42833
0.43063
0.43163
0.62433
1.27552
1.35947
1.62168
1.71212
1.68603
1.85427
1.30053
1.00417
1.09793
0.88925
0.87540
0.86920
0.77213
4.17127
0.81605
0.69618
0.59275
0.55790
0.75843
1.45497
1.53380
1.39785
1.44288
1.48195
0.74350
0.59483
0.61007
0.56083
0.55413
0.60823
0.61517
0.60897
0.61068
0.61010
0.61072
0.60648
0.60608
0.60725
0.60655
1.07033
1.41640
1.42143
1.43448
1.45273
1.47192
0.60647
0.61067
0.60595
0.60600
0.60605
0.60593
0.60930
0.60703
0.60695
0.60777
0.60757
0.60620
0.60797
0.60778
0.74077
1.41695
1.42528
1.43598
1.45453
1.47252
1.09525
0.76357
0.81493
0.81468
0.81867
0.81498
0.67680
0.60823
0.60777
0.60797
0.60960
0.60767
0.60600
0.60480
0.60787
1.32767
1.42367
1.42555
1.43572
1.45422
1.45782
0.60740
0.60525
0.60375
0.60493
0.60458
0.60465
0.60720
0.60542
0.60368
0.60393
0.60400
0.60355
0.60897
0.60337
1.21378
1.41020
1.41968
1.42852
1.44823
1.47153
0.89422
0.59995
0.59922
0.60027
0.60320
0.59823
0.59793
0.59845
0.59848
0.59868
0.60255
0.59833
0.59852
0.59757
0.95612
1.40212
1.40610
1.41137
1.42238
1.43798
1.48828
0.63620
0.59435
0.59280
0.59137
0.59088
0.59002
0.59487
