0.38596
0.45543
0.55695
0.55765
0.55839
0.55827
0.59217
0.65235
0.65234
0.65243
0.65337
0.65382
0.65402
0.65233
0.65227
0.65554
0.65901
0.65690
0.65702
0.65704
0.65907
0.65947
0.65824
0.57384
0.47280
0.47389
1.17581
1.21113
0.84953
0.50425
0.44845
0.44114
0.38405
0.26225
0.26394
0.26081
0.25419
0.32277
0.41573
0.40423
0.39932
0.38162
0.37986
0.37467
0.20142
0.20169
0.20237
0.20194
0.20321
0.37169
0.37117
0.37215
0.37956
0.40116
0.38925
0.20035
0.20094
0.20105
0.20117
0.20088
0.34748
0.37017
0.37028
0.37085
0.37169
0.36705
0.19898
0.19869
0.19821
0.19736
0.19716
0.36308
0.36350
0.36584
0.36830
0.36780
0.37115
0.19171
0.19628
0.19629
0.19841
0.25946
0.36877
0.36978
0.37099
0.37883
0.46427
0.39285
0.37914
0.38350
0.37159
0.39615
0.37615
0.36995
0.20912
0.21886
0.22288
0.21990
0.21780
0.32887
0.38915
0.43527
1.19717
1.71903
0.98893
0.42064
0.26158
0.18757
0.18788
0.18804
0.19808
0.35529
0.41266
0.39808
0.45915
0.35695
0.35788
0.51104
0.44633
0.36476
0.37329
0.36478
0.36456
0.36498
0.36495
0.36807
0.37079
0.37988
0.37139
0.36405
0.35083
0.18743
0.19526
0.74214
2.02024
2.27016
0.87152
2.22259
2.30304
1.68961
2.21539
3.17461
1.70217
0.25567
0.41970
0.23428
0.22626
0.36202
0.36323
0.36500
0.36614
0.33158
0.28427
0.55063
0.58870
0.35189
0.24481
0.54184
0.67676
0.70472
0.73763
0.74754
0.46648
0.47031
0.29100
0.25558
0.25413
0.25523
0.23537
0.20945
0.35901
0.52821
0.53119
0.53462
0.55383
0.55364
0.28739
0.25785
0.26173
0.26373
0.26466
0.26569
0.30631
0.43951
0.45432
0.49315
0.52983
0.50680
0.38424
0.38498
0.38545
0.38555
0.38553
0.38550
0.55020
0.71965
0.76947
0.77037
0.77191
0.65838
0.59468
0.59552
0.46814
0.43741
0.38701
0.42307
0.55983
0.56167
0.56453
0.56602
0.54488
0.38735
0.38692
0.38732
0.38735
0.38735
0.38737
0.54270
0.57939
0.71755
0.72127
0.72154
0.59633
0.54281
0.54319
0.54375
0.47086
0.38703
0.53422
0.61384
0.61615
0.61830
0.61987
0.56744
0.44084
0.42085
0.38647
0.38551
0.38577
0.49186
0.55838
0.55929
0.56072
0.60073
0.72002
0.62791
0.79132
1.59845
1.10602
1.12404
1.17831
0.88318
0.81355
0.79807
0.66639
0.84209
0.66918
0.66998
0.92543
1.10515
0.81615
0.73719
0.73102
0.73109
0.73100
0.72972
0.80297
1.06193
0.96039
1.06515
1.46172
1.85171
1.62474
1.19096
1.06604
0.92858
0.80470
0.70710
0.58366
0.79144
0.86693
0.90736
0.91040
0.89963
0.89196
0.84564
0.71983
0.73129
