2.72537
2.56092
2.42265
2.05958
1.71097
1.75265
2.11250
1.77723
2.78857
3.10633
3.14208
3.35875
2.93305
2.48528
1.99528
1.67575
1.90857
2.55857
2.55710
2.18048
2.09668
1.72412
2.29720
2.53993
2.40130
2.70385
4.06335
4.64718
4.31930
4.19723
3.69230
3.41423
3.56575
3.67577
4.05275
3.68368
3.29393
3.34130
2.58157
4.55218
5.28040
3.82068
3.19013
3.45230
3.46878
3.48543
3.53220
3.02050
2.86623
3.40735
3.75190
4.32738
4.67727
3.54972
3.35655
2.60835
2.20593
2.38378
2.29213
2.20325
2.43498
2.44570
2.66990
3.26140
2.77732
3.20038
3.63163
4.14462
4.30622
4.29772
3.92118
2.98870
2.89167
2.94288
2.96452
3.58315
3.78663
3.78025
4.38762
3.46067
3.09645
3.00483
2.63993
2.60962
2.65062
2.51417
2.66283
2.84870
2.53333
1.92448
2.30640
3.36960
4.03457
4.57237
5.22985
5.08070
5.70197
5.86978
7.32070
3.93817
3.32790
3.35608
3.51733
4.23378
4.10383
3.90688
3.86472
3.91360
3.72950
3.93783
10.44305
3.84868
4.56025
4.24188
4.19967
3.73965
3.04407
4.21297
3.26825
2.00035
2.93203
3.67618
3.53990
3.09100
2.12582
1.85265
1.89298
2.26128
1.95427
1.96302
2.50753
2.53303
3.00088
3.69640
2.66993
2.67650
1.96560
1.84555
2.01825
2.60182
3.49407
3.24493
2.59147
1.94070
3.42550
3.02123
3.63697
3.63993
2.91870
4.42668
4.68552
4.99128
3.88440
3.61515
2.07187
1.85470
2.00557
2.68030
3.30178
3.32720
3.45030
2.20503
2.05870
2.09707
1.64207
1.63960
1.70367
2.28773
2.42803
2.78112
2.81545
2.44163
2.46217
1.97155
1.76225
2.28653
2.48043
2.54278
2.57318
2.52937
1.96272
2.28572
2.29140
2.64535
2.66027
3.01487
2.61587
2.97638
2.50190
1.86310
1.86912
1.86487
1.96920
2.28672
2.53998
3.30145
3.34885
3.25732
2.21172
2.28415
1.86795
1.89205
2.41175
2.92560
2.97362
3.30093
2.68107
2.56490
2.82560
2.83390
2.86995
2.49680
2.93775
2.70358
2.73510
2.59663
2.26813
2.37492
2.04893
2.22115
2.89137
3.51385
3.82182
3.33775
2.40605
2.10563
2.09895
2.10168
2.48553
2.62025
2.84567
2.71173
3.16852
3.18953
3.16010
3.13230
3.10533
2.97422
3.39672
3.90798
4.34547
4.03232
3.44375
3.17072
3.28090
4.42723
4.77035
4.58915
4.83610
3.98280
3.79428
3.36483
3.52542
3.22073
3.12083
3.15730
3.54053
4.26772
4.92307
4.67288
3.95378
3.87932
3.08090
3.68162
2.33735
2.17623
2.35020
2.37552
2.46697
2.10928
1.95707
2.47830
2.49227
2.50723
3.33988
2.91185
2.40795
2.12377
2.24295
2.42248
2.96177
2.82208
3.80112
4.29777
5.08043
5.21835
5.15753
4.63307
