0.86023
0.54547
0.54747
0.99343
1.41733
1.87703
1.88705
1.89942
1.92573
1.94448
1.68207
0.57060
0.55735
0.54262
0.54028
1.00190
5.56962
25.53112
1.98010
1.98692
1.99775
2.02048
2.04102
2.06327
1.47520
1.19255
1.19280
1.19483
1.19392
1.18240
1.17057
1.10650
1.35000
1.43355
1.37320
1.42575
1.92895
1.77933
1.06757
1.07192
1.07855
1.08477
1.09213
1.08717
0.90762
7.03028
2.71837
2.01605
2.02323
2.04237
2.05412
1.65207
1.19525
1.19912
1.20380
1.20280
1.19270
1.16710
1.31103
1.41547
1.39453
1.47813
1.56800
1.42725
1.41830
5.11027
7.02260
12.17237
6.23702
0.67030
0.55478
0.59555
1.50827
2.03378
2.07967
2.07728
2.12247
2.12722
2.21273
2.78952
2.60735
2.61355
2.62555
2.63795
2.64262
2.65273
2.85330
3.46358
3.48748
3.50980
3.52692
3.54798
3.21902
2.68067
2.68417
2.69852
2.95768
2.72050
2.69432
2.96882
3.53170
3.57112
3.60298
3.60138
3.55553
3.08892
2.49257
2.44203
2.40282
4.02035
29.55833
7.99865
2.77323
3.25463
3.44302
3.52518
3.59003
3.98012
3.82648
2.84008
11.42588
30.24680
30.26562
30.60417
11.53715
2.75195
2.84765
2.43008
2.81367
2.83397
2.85360
2.18327
1.97978
1.98107
2.27205
9.85255
9.41253
14.20478
9.84493
8.07663
5.39862
13.89773
12.08722
24.30533
24.89177
27.68735
35.54627
32.77125
30.56515
29.14352
28.94927
29.14992
29.22383
29.43473
28.96925
34.98725
28.13150
28.33597
32.46517
54.50475
55.06877
55.26248
54.75630
54.93093
55.95343
32.76608
29.17042
29.24582
28.88593
29.88665
56.23945
27.76300
28.27293
28.22103
45.91208
39.67990
28.35157
29.17942
36.81472
49.26833
36.45173
29.39360
28.64825
52.83812
27.88558
27.89772
40.39612
46.68793
27.84102
38.61493
49.89418
28.52917
42.62352
44.00807
28.58473
51.58208
35.69238
27.82738
60.34705
27.70157
32.81322
54.44717
28.03680
40.12377
50.35313
28.52798
51.42635
36.08745
27.83672
58.62513
27.63595
32.56348
55.54107
27.87280
42.63463
45.67932
28.98643
49.58540
39.06665
29.22050
51.22713
39.02038
28.42192
46.07813
46.22248
28.54270
28.32223
60.69447
28.24465
28.63015
54.44062
35.92933
29.26055
44.81770
43.47680
27.52918
27.94282
61.80702
27.96705
27.52413
33.53187
44.36988
20.88590
1.44628
55.10087
28.77178
2.03162
28.39632
46.96702
8.99850
1.17177
1.17420
24.67230
51.27260
10.87122
1.80793
6.06512
31.64893
2.04620
1.92362
1.92372
33.02610
1.28343
0.81160
0.56525
32.73440
0.92010
0.55738
1.08945
23.37205
9.62027
1.38427
1.39897
2.69783
32.59117
1.16603
1.17408
1.17282
21.32525
13.68457
1.17522
1.50848
1.98430
33.69610
3.39792
2.02648
2.02923
2.02657
