15.83997
14.27933
17.89433
19.04653
26.91417
26.46180
26.94490
27.66028
33.88832
16.16492
5.45662
5.16042
5.48797
6.42358
6.10590
4.92497
4.10247
4.01460
4.00960
4.35180
4.73610
4.94497
4.67510
5.17845
5.77987
5.93170
5.57228
5.84273
6.20552
5.77963
5.53828
6.10115
5.39025
4.05310
5.88415
3.09323
3.69747
3.80350
3.62955
3.58722
3.40632
2.96058
2.89815
3.58088
4.65007
5.45992
9.73565
15.08497
19.47575
20.77042
20.52972
22.74482
22.37602
22.30270
21.42647
21.82678
27.85232
4.44658
4.29307
3.74782
3.73892
4.72858
4.54817
4.87095
4.90420
4.58010
4.31232
4.79483
4.84960
5.01915
4.55758
3.55258
2.90157
2.78917
1.46277
3.81785
1.87592
1.96373
1.86885
1.51107
1.44948
2.23142
4.91603
11.36280
17.40033
17.81545
17.99638
18.36595
19.65363
22.59865
20.04917
22.37408
23.19063
2.28565
2.28547
2.33310
2.21463
1.88495
1.92700
1.76620
1.87075
2.58153
2.03737
2.05848
2.23693
2.65468
3.12157
1.73715
1.14345
1.14388
1.14835
1.17600
1.52090
1.87728
4.15102
2.94088
1.22917
1.18435
1.18058
1.18093
1.52805
1.85168
2.18398
5.83062
8.03330
2.82237
1.18093
3.10118
3.46655
3.50528
1.92707
2.41132
2.15380
2.32440
2.24822
2.29608
1.97413
6.45062
8.35695
8.54432
8.44947
8.00145
7.42100
3.73327
1.05982
1.09723
1.00392
4.04243
7.96490
4.17672
4.10183
5.39982
1.59923
1.69837
1.50058
1.91228
2.17767
2.40813
3.96652
3.64007
2.75645
1.67570
5.08713
2.21260
2.42197
2.49100
2.37203
5.84637
2.03678
3.58103
2.18240
1.65877
2.01823
4.05993
2.94835
2.03647
1.59510
3.63200
4.26020
2.44863
2.43653
2.65045
4.58958
2.56737
3.08047
3.13228
4.57362
2.78242
2.40622
2.93897
4.17572
3.68428
2.40487
2.39950
2.64587
4.53068
2.40932
2.41637
2.69437
4.11652
4.36078
2.73062
2.42780
2.43203
4.03977
3.17775
2.43637
2.42633
2.57965
4.15023
4.15133
2.42358
2.43480
2.75013
3.72210
4.82387
2.44165
2.44877
2.44393
3.48042
3.68778
2.43915
2.43055
2.58245
3.08637
4.62412
3.32253
2.45628
2.43685
2.78445
3.09233
4.25425
3.09860
2.42562
2.44553
2.42745
2.42403
3.90403
3.44660
3.09365
3.11515
2.80095
2.42480
2.42743
3.57788
3.59657
2.41780
2.41478
2.42042
2.96835
3.10517
3.15137
4.13003
2.93268
3.07607
2.66300
2.39545
2.40335
2.40415
2.41560
3.89197
3.14923
2.51702
3.05272
3.11603
2.93058
2.45623
2.42593
3.07372
5.90913
3.86493
4.10272
4.06507
3.46717
3.44303
3.42712
3.42178
3.83022
4.08940
3.62677
3.42822
3.41742
3.65362
3.73708
6.01952
4.34915
2.74258
2.08707
