1.02633
1.00527
1.00262
0.99515
1.00553
0.99753
0.99591
0.89828
0.74166
0.55571
0.53902
0.53623
0.53571
0.51881
0.51001
0.51009
0.51013
0.51003
0.51006
0.50842
0.51078
0.53655
0.53850
0.53503
0.53665
0.58029
0.63531
0.64153
0.58406
0.61636
0.69942
0.70016
0.70123
0.70175
0.70287
0.70403
0.70113
0.69937
0.70020
0.73073
0.82917
0.87275
0.89228
0.87566
0.87709
0.88084
0.88143
0.88256
0.89331
0.88105
0.88732
0.87916
0.86449
0.85566
0.49348
0.53102
0.45040
0.45035
0.45189
0.45675
0.45564
0.45642
0.45355
0.45666
0.45386
0.45792
0.46024
0.46187
0.46482
0.48660
0.52356
0.58467
0.57185
0.69328
0.74505
0.75094
0.75882
0.66942
0.55360
0.44800
0.44890
0.46618
0.52886
0.45343
0.45451
0.45965
0.49800
0.44797
0.45050
0.45677
0.45106
0.43027
0.43356
0.45400
0.45847
0.45862
0.46063
0.46007
0.46102
0.46212
0.46060
0.46309
0.46265
0.46616
0.50348
0.46308
0.46909
0.45570
0.46789
0.46899
0.46814
0.46533
0.46820
0.46946
0.46957
0.46418
0.46243
0.46676
0.47120
0.46619
0.46468
0.46362
0.45946
0.45797
0.46543
0.46498
0.46612
0.46325
0.46622
0.46884
0.46951
0.46228
0.46513
0.46547
0.46046
0.46438
0.46735
0.46721
0.46377
0.54996
0.46672
0.44607
0.45214
0.45325
0.45435
0.45631
0.45102
0.44856
0.44836
0.45030
0.45162
0.44953
0.44738
0.44613
0.44545
0.44740
0.44710
0.44727
0.44315
0.44208
0.43917
0.43963
0.43628
0.41153
0.40970
0.42439
0.43306
0.43429
0.43951
0.43821
0.43394
0.43314
0.43196
0.43483
0.43291
0.40960
0.41717
0.43965
0.46218
0.45720
0.43645
0.43791
0.43954
0.45309
0.45136
0.45051
0.44867
0.41919
0.41804
0.43434
0.44305
0.44254
0.44280
0.44475
0.44604
0.44563
0.44441
0.44299
0.44469
0.44360
0.44341
0.44558
0.44552
0.44468
0.44517
0.44568
0.44729
0.44692
0.44505
0.44673
0.44595
0.42095
0.42035
0.43554
0.44554
0.44601
0.44413
0.44466
0.44869
0.44564
0.44477
0.44446
0.44602
0.44362
0.44379
0.44536
0.44638
0.44475
0.44316
0.43842
0.44462
0.44478
0.44258
0.44496
0.44598
0.44323
0.44312
0.44257
0.44486
0.44422
0.44435
0.44259
0.44156
0.44399
0.44119
0.44320
0.44462
0.44196
0.44142
0.44214
0.44155
0.44198
0.44331
0.43712
0.44245
0.44444
0.44148
0.44188
0.44687
0.44412
0.44369
0.44462
0.44322
0.44680
0.44332
0.44414
0.44548
0.44818
0.49418
0.53092
0.69149
0.76398
0.56552
0.56305
0.56249
0.56571
0.69881
0.77394
0.78854
1.01892
1.15768
1.10165
0.93528
0.94101
0.91923
0.92357
0.95986
0.94091
