3.15137
2.47283
2.55768
2.59412
2.49898
2.49535
2.37183
1.99788
1.99463
1.99343
2.00188
1.99195
1.99700
2.33852
2.58703
3.03142
2.72858
2.72380
2.73777
2.76435
3.89498
4.05458
8.19052
9.11968
8.69993
8.13722
3.68483
2.50755
3.36122
4.06560
4.28753
4.75605
9.83155
7.28762
4.83580
3.49785
3.36520
3.40308
3.37122
3.38448
3.39422
3.80928
3.90217
3.78640
3.52670
3.04098
3.74237
4.63040
3.98757
3.08918
2.84870
2.96875
3.44240
4.50937
15.95893
13.04472
8.04697
3.08727
3.18077
3.48553
3.61403
3.22792
2.23388
1.98228
2.03360
2.11525
1.91268
1.92365
1.97878
2.52550
2.87282
2.55545
2.59238
2.65192
2.63660
2.67123
2.67437
1.94493
1.85305
1.98578
1.89650
1.44465
1.44572
1.46763
1.46043
1.82670
1.46035
1.54925
2.33853
2.50742
2.24493
2.04858
2.42973
2.40260
2.42918
2.31660
1.38875
1.46228
1.86722
1.89833
3.72523
8.73455
1.46285
1.96890
1.26640
1.02285
1.34568
1.56128
1.71068
2.04065
2.06697
1.77298
1.58022
1.32177
1.02230
1.02252
1.02297
1.01895
1.01960
1.01483
1.29995
1.49977
1.53582
1.12288
1.28312
1.52812
1.55752
1.56043
1.55712
1.56712
1.58913
1.17017
1.01913
1.30195
1.49253
1.52858
1.12525
1.02570
1.02360
1.06647
1.35237
1.82110
1.78662
5.42295
3.94332
2.46497
2.72965
2.96288
2.71227
2.59668
3.14798
6.30512
6.48720
6.48622
5.54700
2.64077
2.14738
1.90377
1.87990
1.94362
2.59037
2.87557
3.04268
3.15553
2.77917
2.79023
2.79713
3.78615
5.15687
5.44167
2.51643
2.83373
2.87787
2.89527
3.24857
3.47167
6.74022
6.22862
3.04437
1.63722
1.55212
1.55143
1.55683
1.58050
1.16142
1.13452
1.13463
1.19942
1.60232
1.62048
1.48662
1.13267
1.13327
1.13492
1.13897
1.13477
1.20023
1.64898
1.66697
1.67310
1.67150
1.99287
2.28750
2.11005
1.26238
1.13467
1.13462
1.13355
1.13843
1.14158
1.13983
1.13408
1.12865
1.26597
1.60340
1.63173
1.82292
1.67155
1.67057
1.67440
1.68445
1.68465
1.70143
1.33667
1.13210
1.12852
1.30430
1.59875
1.62303
1.46977
1.13882
1.13833
1.13535
1.13475
1.13535
1.13405
1.34035
1.67098
1.83743
2.14422
2.17148
1.91182
1.69223
1.51362
1.13505
1.14485
1.14145
1.13257
1.13327
1.13153
1.35118
1.59960
1.62050
1.44067
1.13460
1.47620
1.67090
1.67543
1.67515
1.67905
1.68465
1.69263
1.79902
1.61492
1.63375
1.13508
1.14013
1.13623
1.13183
1.12892
1.13163
1.13213
1.17227
1.67962
2.15038
2.18978
1.89102
1.89017
1.94785
2.23463
2.55072
2.55587
2.54545
3.34585
4.00337
3.20883
2.59088
4.31230
