0.02010
0.02002
0.01957
0.01042
0.00885
0.00985
0.00995
0.00997
0.01118
0.01002
0.01028
0.01178
0.00703
0.00745
0.00932
0.00875
0.01307
0.01282
0.00378
0.00100
0.01012
0.01490
0.01482
0.00728
0.00593
0.01002
0.01997
0.01298
0.00523
0.00597
0.01263
0.02757
0.02385
0.02012
0.01285
0.06128
0.14130
0.21925
0.33785
0.59927
0.96660
1.63490
2.03285
2.44072
2.88407
3.35503
3.87877
4.42507
5.03353
5.79112
6.94220
8.15487
8.64243
2.98682
1.70832
6.70442
9.51685
4.71733
9.02942
10.35950
10.78473
11.36232
11.56775
11.78433
12.58978
12.86055
13.06832
13.25923
13.65900
14.54930
14.84907
15.10185
16.05617
15.56558
15.18930
10.39225
17.46033
18.73917
16.14155
13.25702
10.46258
8.62818
7.24803
5.94740
5.05790
4.63308
5.60173
7.40373
7.86753
8.55230
12.19457
11.57758
12.42940
15.20640
19.78968
20.12728
20.18190
20.29585
20.43448
20.36710
20.42372
20.51062
20.56322
20.54053
20.48932
20.44402
20.52535
20.54733
20.34365
19.52543
20.23538
20.16295
20.34053
20.28995
20.31328
20.32223
20.23215
20.27048
20.31785
20.16055
20.00142
19.76263
19.51973
19.45807
19.26975
19.16723
18.96088
18.62528
18.45833
18.36628
18.22628
18.15112
17.92848
17.69035
17.47257
17.27400
16.96918
16.81138
16.58538
16.39987
16.01270
15.56985
14.01602
14.10378
12.61298
12.70892
12.50238
11.33817
11.05162
12.57472
12.18190
11.06842
10.36315
9.78595
10.34418
9.08167
8.63993
7.79330
7.30947
7.25500
6.72258
4.79453
3.19158
2.83382
2.69972
2.52388
2.60605
2.35425
2.43965
2.26332
1.92692
1.61617
1.36000
1.02220
0.77850
0.62708
0.51545
0.40483
0.29523
0.19073
0.01213
0.01000
0.01000
0.00867
0.00027
0.00000
0.00000
0.00002
0.00007
0.00010
0.00008
0.00005
0.00003
0.00000
0.00000
0.00000
0.00000
0.00022
0.00112
0.00210
0.00002
0.00000
0.00000
0.00000
0.00042
0.00015
0.00053
0.00087
0.00000
0.00002
0.00000
0.00002
0.00018
0.00012
0.00015
0.00058
0.00012
0.00005
0.00010
0.00038
0.00087
0.00088
0.00112
0.00050
0.00002
0.00000
0.00000
0.00008
0.00003
0.00002
0.00002
0.00003
0.00000
0.00000
0.00000
0.00087
0.00125
0.00082
0.00015
0.00005
0.00000
0.00000
0.00000
0.00082
0.00048
0.00068
0.00055
0.00000
0.00000
0.00000
0.00000
0.00000
0.00000
0.00078
0.00162
0.00002
0.00002
0.00000
0.00005
0.00032
0.00027
0.00025
0.00022
0.00000
0.00000
0.00000
0.00073
0.00023
0.00003
0.00005
0.00007
0.00000
0.00000
0.00002
0.00172
0.00192
0.00275
0.00062
0.00008
0.00000
0.00000
0.00000
0.00008
0.00000
0.00003
0.00018
0.00003
0.00002
