5.12017
4.88473
5.29242
5.26600
5.02957
5.02067
5.01307
4.96592
5.75223
5.01738
5.70053
4.59752
4.72392
4.16648
4.42172
4.52358
4.49110
4.51427
4.08563
4.03703
4.06548
3.86417
3.35720
3.58512
2.39202
1.99362
1.70022
1.70002
1.76353
2.14505
2.15623
2.01672
1.75180
1.50317
1.28562
1.28267
1.52545
1.73120
1.72943
1.72572
1.71760
1.72185
1.69058
1.67045
1.65252
1.63585
1.64828
1.39830
1.05995
1.05888
2.47618
3.14372
3.15330
2.63123
0.85555
0.77772
1.00498
2.11882
3.15268
3.84108
2.71773
4.95567
4.43937
3.11940
3.63452
4.02425
4.03597
3.81515
3.59370
1.19847
0.36830
0.48480
0.73052
0.68712
0.55088
0.12428
0.44353
0.61705
1.87958
2.54542
2.86987
1.81103
1.44912
1.52878
1.22165
1.58870
1.79783
2.19675
2.21853
2.12287
2.11132
2.31232
2.52400
1.67077
1.96708
1.97990
2.02185
1.84912
2.24063
1.63807
1.71158
1.59675
1.30335
1.25448
1.25290
1.59078
1.78897
2.09277
2.33672
1.85447
2.49778
2.44170
3.06495
2.86123
2.98792
2.38230
2.18920
2.26472
4.08880
2.46553
3.09475
3.09413
2.66118
2.26977
2.88473
2.93482
2.81430
2.84740
3.00323
2.99505
3.26723
5.81175
3.30743
3.07783
2.73137
2.33598
0.09345
0.10055
0.27262
0.57133
0.59233
0.51948
0.17097
0.34837
0.39252
0.59028
0.98415
0.90062
0.80550
0.48610
0.89197
1.60528
4.77232
5.10695
6.61273
4.06602
2.63377
2.99867
3.86023
5.66342
6.48873
3.89720
7.27860
4.12967
4.16900
4.21283
4.30812
4.64620
6.74102
3.97972
3.60243
3.10985
5.97643
3.47537
3.58533
3.61047
5.51535
1.86303
1.01363
1.00383
3.12713
2.82978
1.45245
1.04080
1.82700
3.49125
1.14013
1.48590
1.49167
4.43168
1.05438
1.04677
1.05277
3.51073
2.27242
1.49600
1.29488
2.41740
2.75635
1.05092
1.34467
1.49403
4.59668
1.17465
1.05420
1.05480
3.30637
2.32203
1.49893
1.47953
2.40255
2.79183
1.05662
1.24750
1.49580
4.57968
1.29422
1.05605
1.05577
3.29257
2.31373
1.50980
1.52640
2.40805
2.85288
1.06057
1.26660
1.50063
1.64765
1.75780
1.52207
1.52272
1.50918
1.94975
2.45228
4.35595
3.93327
3.90387
3.92225
4.13667
4.38913
4.31845
4.09355
3.41030
2.05157
2.11498
2.47953
2.49490
2.47418
2.05423
2.05505
2.05122
2.39278
2.47952
3.17310
2.84152
2.91828
3.30830
9.25120
5.85445
4.15058
4.21337
4.01903
3.65145
3.68923
4.28720
2.73138
2.29875
1.91885
2.00632
2.06453
2.35195
2.47990
2.38343
1.99295
1.95348
1.99765
2.37590
2.39005
2.37673
2.24032
1.94172
1.95028
2.25330
2.35675
2.36912
3.75442
4.16442
