1.25835
0.96765
1.68641
1.74145
1.55542
1.22908
1.17073
1.11735
1.71512
1.81406
1.70973
1.26661
1.15870
1.29025
1.72177
1.57830
0.94980
0.47084
0.39195
0.39214
1.00264
1.06159
0.79061
0.42159
0.39078
0.42680
0.99958
1.06169
0.79358
0.39291
0.45409
0.58007
1.08188
1.16298
0.91831
0.49618
0.50490
0.63143
1.07771
1.18004
0.82015
0.39179
0.41762
0.52044
0.94541
1.06113
0.98006
0.51189
0.42071
0.51928
0.92443
1.05797
1.04447
0.52909
0.47761
0.61102
1.00357
1.15501
1.15691
0.72786
0.62668
0.63011
0.63453
0.64052
0.68643
0.62055
1.14935
1.15483
1.01695
0.58767
0.60012
0.47190
0.43503
0.50703
0.82399
0.82362
0.59150
0.56786
0.61371
0.53329
0.53398
0.63397
0.66728
0.67225
0.55802
0.54264
0.61914
0.68015
0.68568
0.53274
0.43622
0.47637
0.56689
0.56785
0.57025
0.47577
0.44588
0.50949
0.72107
0.99882
0.67535
0.72322
1.11704
0.64170
0.63806
0.73307
0.77453
0.76347
0.64968
0.74457
0.93291
0.93929
0.88559
0.78034
0.74970
0.76693
0.87934
0.80438
0.60982
0.52351
0.48393
0.58080
0.61406
0.88042
1.04460
0.50898
0.55887
0.70410
0.67946
0.64495
0.51729
0.52041
0.58619
0.63984
0.55198
0.44007
0.41597
0.47831
0.55754
0.56642
0.44379
0.35344
1.07011
0.47805
0.43109
0.33344
0.33161
0.43888
1.00736
0.85278
0.37794
0.36548
0.48889
0.57616
0.83389
1.02099
0.55359
0.98805
0.76034
0.86715
0.32630
0.61504
0.58160
0.67791
1.23063
0.77886
0.42731
0.48230
0.58906
1.09223
0.59738
0.42777
0.46194
1.06916
0.65960
0.43965
0.47361
0.97581
0.63203
0.56449
0.46035
0.81038
0.93986
0.66129
0.66659
0.59010
0.93362
0.78348
0.53893
0.56194
0.50645
0.89963
0.70902
0.52173
0.56192
0.75859
0.96945
0.46774
0.50316
0.70623
1.09406
0.52422
0.43001
0.77406
1.09676
0.57641
0.79186
0.67485
0.51834
0.65824
0.77451
1.05222
0.53886
0.55121
0.61718
1.07601
0.58815
0.43023
0.43024
0.83192
0.88210
0.53948
0.42891
0.54153
0.98974
0.56469
0.56285
0.47919
0.81171
0.59905
0.55998
0.56155
0.56299
0.48512
0.42822
0.51956
0.65837
0.66172
0.66636
0.67232
0.67754
0.62035
0.57624
0.58405
0.56475
0.42885
0.42799
0.60941
0.82299
0.74036
0.42693
0.42686
0.46266
0.56100
0.56500
0.45557
0.42885
0.43997
0.55967
0.56150
0.49384
0.52298
0.52527
0.64127
0.66234
0.62229
0.53755
0.48274
0.51416
0.55881
0.54475
0.42554
0.42630
0.48855
0.56391
0.58817
0.45960
0.45061
0.52498
0.67743
0.68034
0.57608
0.51737
0.54715
0.67364
0.73906
0.85345
0.75622
