0.77202
0.81784
0.90848
0.82688
0.91154
3.04411
6.50159
3.56287
0.97811
0.76421
0.70332
0.73293
1.04791
0.92116
0.85092
0.64148
0.64551
0.75744
0.67730
0.63506
0.62818
0.67084
0.77964
0.79706
1.06896
1.05346
0.87425
0.94129
1.20382
1.13339
0.62085
0.65041
0.78204
0.70982
0.72482
0.55067
0.60895
0.70248
0.74381
0.61619
0.60184
0.68721
0.64226
0.60093
0.37830
0.20715
0.42831
0.43930
0.62514
0.75549
0.55216
0.34279
0.34330
0.28280
0.24873
1.96301
6.09142
3.37025
0.80409
0.77583
0.70013
0.78291
0.75894
0.83352
0.75776
0.79879
1.01414
1.03371
0.91092
0.85382
0.90971
1.03816
1.05624
0.80423
0.76885
0.83479
0.64721
0.61305
0.49719
0.47156
0.75599
0.50440
0.56237
0.42893
0.35040
0.35681
0.41215
0.70578
0.78951
0.90811
1.05522
1.10158
1.52554
1.16937
1.37174
1.63676
1.48603
1.18130
1.19349
1.21886
1.32735
1.39779
1.17380
1.07484
1.18640
1.21097
1.26047
1.32366
2.74611
2.60659
1.11512
0.93626
0.78055
0.74868
0.82846
0.93427
0.68216
0.36086
0.36729
0.48288
0.48434
0.37550
0.26694
0.26845
0.41305
0.50306
0.45456
0.36510
0.37384
0.51995
0.53082
0.47154
0.31226
0.30517
0.48549
0.72832
0.59415
0.47637
0.63342
0.64373
0.53886
0.45573
0.46406
0.47675
0.84051
0.88885
0.56465
0.42073
0.96868
1.01289
0.94428
1.15276
1.07538
1.08846
1.20814
1.07938
0.64017
0.28843
0.37079
0.43051
0.43465
0.52875
1.02105
1.09946
2.26390
2.26110
0.85037
0.86516
0.98667
1.04323
1.02396
0.92260
0.79875
0.84010
0.90639
0.96773
0.88714
0.82793
0.79579
1.00726
3.22137
5.72893
0.90002
0.89553
0.91556
1.06370
1.04091
1.08539
1.00562
0.96798
0.96760
0.77729
0.83816
0.85496
1.39006
1.28340
1.11106
0.91613
0.89477
0.89447
4.58749
4.50282
0.90558
0.89143
0.84226
0.97799
0.95255
0.83000
0.83363
0.86507
0.97541
0.98224
0.82408
0.86419
0.95810
1.02465
1.05056
0.84111
2.93832
5.15015
1.00802
0.96123
0.80869
0.83508
0.94924
0.91784
0.94776
0.80471
0.83515
0.94074
1.01320
1.01013
0.92614
0.95426
3.37819
3.77655
1.25487
1.27634
1.38347
1.39589
1.47617
1.38209
1.34045
1.61976
2.01171
1.64320
1.16536
1.25451
1.32995
1.39778
1.40666
1.27076
1.32500
1.36807
1.33143
1.31933
1.17488
1.12989
1.27423
1.30753
0.98986
0.72300
0.82716
0.84877
5.41817
4.61878
0.91800
0.91513
1.00975
1.01444
0.92284
0.87797
0.88890
0.93693
0.93558
0.82035
0.78854
0.88663
0.93055
0.93670
0.80525
0.83449
0.97945
1.17507
1.14460
1.07400
1.21364
0.75175
