0.56992
0.88886
0.50675
0.50586
0.51366
0.66945
0.67570
0.61529
0.61797
1.21351
0.69561
0.61368
0.63201
0.60924
0.60841
0.64926
0.66377
1.10458
0.76586
0.75885
0.80025
0.86763
0.86360
0.74785
0.81066
1.04674
1.03871
0.87802
1.21413
1.39654
1.08798
1.08155
1.14209
1.40147
1.32052
1.11160
0.64293
0.69295
0.77020
0.69639
0.65847
0.92574
1.29059
1.06031
1.11196
1.14557
1.03413
0.67683
0.54172
0.61299
0.86241
0.49997
0.57504
0.62240
0.65100
0.68095
0.61233
0.61128
0.81531
1.04567
0.70507
0.56991
0.49388
0.55807
0.63150
0.66128
0.63880
1.01487
0.67731
0.74873
0.85739
0.86493
0.71043
0.61931
0.50574
0.64746
0.82509
0.59004
0.70045
0.49036
0.50762
0.64736
0.64943
0.60345
0.97104
0.60326
0.66268
0.59635
0.50341
0.66008
0.68535
0.71941
1.02661
0.65589
0.93191
0.69539
0.70792
0.76035
0.72415
0.58331
0.50390
0.87078
0.53241
0.55342
0.51878
0.48886
0.51546
0.65134
0.74893
1.05474
0.74479
0.61899
0.88046
0.57849
0.55442
0.60690
0.61136
0.89263
1.27015
0.93419
1.02311
0.99877
1.00987
1.01840
1.05580
1.07480
1.29633
0.96551
1.10413
1.52105
1.05871
1.05021
1.01499
1.11497
1.35386
1.30299
1.13521
0.88556
1.48092
1.44011
0.89656
0.93424
0.93227
2.37470
2.30495
2.44333
2.30738
2.35001
2.34092
2.41032
2.66809
3.05744
2.98184
2.83180
1.21385
1.30124
0.93647
0.90998
0.83757
1.14679
0.81574
0.99388
1.05353
1.09807
1.05540
1.08395
1.26928
1.67380
1.18854
1.01399
1.12326
1.38535
1.23029
1.26432
1.18498
1.18171
1.20815
1.03937
1.32069
1.40757
1.39166
1.32943
1.25340
1.24130
1.43102
1.35852
1.52495
1.61281
1.25853
1.27974
1.26536
1.32157
1.60204
1.17439
1.20324
1.10539
1.08740
1.05051
1.06769
1.08793
1.32633
0.94508
0.81841
1.08862
0.87948
0.86135
0.81596
0.80802
1.22162
0.95139
0.96966
0.92107
0.92063
1.02236
1.08787
1.18383
1.06734
1.29951
0.92975
0.95404
0.87198
0.90010
1.13700
0.96668
1.04093
1.42082
0.92453
0.93432
0.93819
0.98483
0.97358
0.90759
0.91874
1.23360
0.86470
0.87485
0.80859
0.81146
0.92808
1.00526
1.27769
1.48785
1.02208
1.03304
1.07801
0.99946
0.95234
1.07191
1.13500
1.18574
1.49158
0.91276
0.82486
0.83096
0.86965
0.87753
0.81658
0.86357
1.54643
0.74864
0.67351
0.62519
0.62687
0.65304
0.69968
0.71815
0.96541
0.81481
0.73629
0.67068
0.55469
0.51046
0.67242
0.75557
0.77551
1.14732
0.72218
0.89203
0.68193
0.57222
0.52688
0.51208
0.52662
0.72306
0.96842
0.60743
0.61593
0.66233
