1.11858
0.98569
0.89498
0.88946
0.89015
0.91717
0.93851
0.93627
0.93750
0.93631
0.98024
1.13529
1.13682
1.08748
0.99282
0.96376
0.87683
0.88006
0.87852
0.83320
0.84469
0.92752
0.84236
0.84429
0.84665
0.95203
0.98095
0.93106
0.89900
0.99476
0.90833
0.87701
0.81897
0.82018
0.82219
0.80444
0.81771
0.83098
0.82993
0.97362
1.08687
1.14342
1.49821
2.46794
2.46291
2.22413
2.10540
2.24381
2.28399
2.21487
2.17802
2.18702
2.27145
2.29661
2.22109
2.22092
2.22820
2.16561
2.15378
2.15707
2.15648
2.16217
2.16912
2.16526
2.17672
2.29068
2.33200
2.36493
2.30026
2.28359
2.26218
2.16559
2.09937
2.10225
2.07376
2.21672
2.62963
3.66868
3.89450
3.94835
2.73605
2.81513
2.66072
3.01523
3.98931
3.93320
3.87411
3.78105
3.76421
2.30554
2.22601
3.45367
2.16144
2.15430
2.19246
2.22808
2.25553
2.37085
2.35549
2.14237
2.13644
2.18967
2.18309
2.12999
2.15582
2.29427
2.28864
2.28385
2.42511
2.48675
2.50906
2.42551
2.39227
2.26691
2.25090
2.25550
2.22847
2.22152
2.22079
2.23781
2.15875
2.13994
2.27703
2.45611
2.50385
2.51060
2.43128
2.66708
2.78617
2.28260
2.31845
2.30216
2.35885
2.33436
1.45035
1.20407
1.27917
1.33569
1.40626
1.52000
1.52985
1.88726
1.67700
1.37624
1.27880
1.42451
1.14319
1.22340
1.23078
1.22354
1.30899
1.34537
1.25347
1.20997
1.11027
1.03799
1.31491
1.03477
1.03482
1.03912
1.02607
0.96841
1.25192
1.00841
0.95316
1.04547
1.04860
1.04447
1.12636
1.34990
1.02017
1.08171
1.10302
1.09166
1.02706
1.13332
1.37118
1.05570
1.09024
1.15143
1.12375
1.10185
1.07898
0.99845
1.00199
1.25221
1.01444
0.99182
1.01739
1.05348
1.05331
1.04415
1.07689
1.14401
1.10217
1.17401
1.46491
1.10343
0.98964
0.94477
0.95216
0.97089
1.00767
1.00428
1.00287
1.01346
1.01489
1.11375
1.11180
1.11576
1.11985
1.07232
1.07980
1.05843
1.05014
1.04882
1.05000
1.02615
1.01406
1.09281
1.10381
1.20405
1.10750
1.11124
1.12508
1.05281
1.05686
1.04849
1.05183
1.05065
1.04938
1.06190
1.05904
1.09981
1.13365
1.24077
1.20479
1.15674
1.18346
0.98866
0.94100
0.93970
0.97099
1.03352
1.07736
1.04803
1.00894
1.00883
1.07644
1.16317
1.16351
1.16820
1.16874
1.06175
1.04011
1.01273
1.00302
1.00421
1.01251
1.09010
1.41174
1.38476
1.20180
1.21555
1.15906
1.10889
1.16194
1.08558
0.95128
0.92489
1.00038
1.00134
0.93409
0.91798
0.91748
0.95805
0.99705
1.09080
1.09054
1.09348
1.10252
0.98299
0.98463
0.99805
1.04802
1.03369
1.03189
1.05197
