1.38242
1.38462
1.44610
1.50288
1.43142
1.38931
1.36774
1.26756
1.26561
1.27614
1.54068
1.47109
1.46997
1.47119
1.48072
1.48445
1.54433
1.60663
1.48808
1.49864
1.47762
1.48673
1.42980
1.27572
1.27402
1.27628
1.34945
1.75853
1.98246
2.56250
2.26680
1.97583
1.98181
2.09099
2.05102
1.88492
1.95090
2.06335
2.07125
2.06804
2.07011
2.07709
2.07963
2.14391
2.10594
2.08588
2.30497
2.02090
1.84217
1.83828
1.83849
1.84114
1.94555
1.97415
1.97497
1.88605
1.84043
1.79585
2.03338
1.80451
1.88019
1.77786
1.79038
1.90282
1.91464
1.92353
1.92714
1.93425
1.94325
1.97773
2.28650
1.92220
1.83453
1.84548
1.71504
1.70446
1.70582
1.71060
1.76909
1.82962
1.84072
1.85102
2.14412
1.95840
1.90937
2.01565
2.36905
2.61071
3.18169
3.03134
3.13824
3.05913
3.04270
3.04500
4.95326
3.17877
3.20180
3.19189
3.34481
3.38103
3.15684
3.54064
4.09359
3.73790
3.10986
3.41219
3.25798
3.34235
3.35239
3.51933
3.39843
3.33107
3.30953
3.36576
3.53029
3.88043
5.45283
7.23086
7.85238
7.37602
7.31007
7.18380
7.48189
7.52765
8.00687
7.49040
8.15065
7.84387
7.79196
7.98607
7.65359
8.07467
9.63581
7.90162
8.88193
4.37800
4.56934
4.83011
5.12632
4.55096
4.67820
3.87310
3.34216
3.17998
3.88719
3.61433
4.08163
3.74676
3.37156
3.39446
3.47732
3.53389
3.63649
3.74980
4.06984
4.22134
4.14349
4.87767
5.78234
5.04797
5.39198
6.84197
7.22376
7.75822
7.47604
7.23102
7.27694
5.48652
4.84686
5.93009
5.11958
5.66236
4.85176
5.05545
6.81716
6.07147
6.82148
6.43021
7.29703
7.17329
5.89324
7.63863
7.24570
5.92149
7.63507
6.88536
7.29851
5.84707
5.39132
5.04033
5.00138
3.89749
4.12156
3.61231
3.57613
3.50021
3.20714
3.18372
2.84976
1.88562
1.34695
1.10074
1.07948
1.03809
1.12704
1.15635
1.15807
1.33025
1.46040
1.20676
1.20427
1.24113
1.29531
1.29799
1.33183
1.42667
1.43768
1.63575
1.44155
1.43464
1.53932
1.42949
1.43349
1.35209
1.28884
1.30690
1.33905
1.21335
1.20971
1.26860
1.35859
1.42108
1.42547
1.43024
1.45941
1.43845
1.30037
1.30918
1.31238
1.32013
1.31098
1.43836
1.43621
1.43925
1.57534
1.54273
1.45342
1.38585
1.39913
1.44025
1.44333
1.44997
1.32508
1.22230
1.44823
1.22074
1.29835
1.34327
1.34344
1.34750
1.29433
1.21745
1.31916
1.34798
1.21755
1.21529
1.31603
1.43721
1.44170
1.46622
1.44560
1.67013
1.44740
1.52033
1.43905
1.44219
1.37957
1.25846
1.21857
1.21537
1.44113
1.21391
1.31171
1.33305
1.33505
1.33754
1.27275
1.20846
