1.04057
1.99364
2.30443
1.14834
1.29015
2.64487
1.71473
1.17939
2.03887
2.94641
1.28443
1.07774
2.41441
1.70631
1.20950
2.23950
2.87616
1.82453
2.18302
2.49405
1.44950
2.05616
3.10276
1.99875
6.13771
6.75063
7.60577
6.44581
6.23732
2.89976
3.36024
1.53562
1.12929
2.37380
1.65025
1.18887
1.76911
2.36362
1.05574
1.11662
2.32674
1.94514
1.09333
1.12877
2.39916
1.45946
0.94318
1.38852
2.38858
1.22096
0.94471
1.76101
2.44480
1.23774
1.14404
1.80972
2.30207
1.08646
1.05618
1.95495
2.24356
1.08817
1.18408
2.20788
1.92065
1.13657
1.08677
2.35478
1.54729
0.97954
1.34523
2.46299
1.42816
1.09603
1.67354
2.61896
1.43571
1.02402
1.23842
3.55991
5.93168
5.48539
5.59418
6.96946
4.89215
1.12552
1.28724
2.65185
1.58455
1.01089
1.25949
2.46240
1.30984
0.93676
1.54421
2.16854
1.09275
1.08322
2.50155
1.52760
1.04788
1.08655
2.46615
1.50816
1.12108
1.20614
2.49772
1.42779
1.22174
1.49339
2.55971
1.35999
1.05902
1.59998
2.37383
1.00772
1.04195
1.99608
1.98469
1.07114
1.10440
2.21048
1.89917
0.93466
0.95264
2.40949
1.36876
0.93064
1.73998
2.13244
1.21579
1.17409
2.32677
2.09420
5.26926
5.47934
6.48221
6.45494
5.07153
1.02566
2.05541
1.99836
1.24638
1.19114
2.40919
1.68570
1.01607
1.31591
2.40675
1.08331
0.98849
1.90119
2.09565
1.09071
1.11727
2.20544
2.01355
1.04752
1.06782
2.33741
1.93224
1.02132
1.13343
2.54426
1.71452
1.16959
1.51418
2.57998
1.49151
1.01492
1.49710
2.45333
1.11750
0.92661
1.80446
2.29321
1.13713
1.08538
2.19550
1.72453
0.99724
1.13481
2.33264
1.41256
1.02796
1.50364
2.50183
1.45834
1.30916
6.26529
7.10711
5.81578
2.63278
3.73693
5.51981
9.73733
10.21689
10.85978
9.25976
5.65273
1.86738
1.47538
2.45187
1.55920
1.42091
1.17773
2.32319
1.55267
1.13297
1.45049
2.46772
1.36248
1.00576
1.50243
2.38472
1.14069
1.02817
1.73657
2.41444
1.23992
1.16099
1.99177
2.48128
1.30074
1.02430
1.82788
2.27405
1.11616
1.04440
1.96323
2.44480
1.24598
1.19619
1.96510
2.17107
0.98610
0.94373
2.06107
1.85548
1.00348
0.96100
2.30668
3.19837
5.68335
5.63471
6.69837
6.42023
4.00290
1.04859
2.32660
1.84235
1.05012
1.32355
2.60979
1.63132
1.10564
1.34477
2.53432
1.34485
1.07987
1.60833
2.45175
1.12995
1.09914
1.56193
2.52019
1.41859
0.97442
1.29995
2.37688
1.37649
1.08428
1.36786
2.41688
1.55374
1.26379
1.33719
2.52546
1.55690
1.06979
1.02735
2.43043
1.70589
1.03462
1.29820
2.51702
1.32753
1.20113
