0.26656
0.21079
0.26097
0.25867
0.28952
0.30685
0.29634
0.47046
0.47558
0.55633
0.72050
0.74078
1.17822
0.73082
0.57337
1.43115
1.43509
1.61936
0.74674
1.24089
1.12316
0.64681
1.21276
0.49656
0.36954
0.28874
0.27161
1.43075
0.87114
1.30210
0.46336
0.43648
0.25598
0.26175
0.25997
0.23751
0.38544
0.42862
0.51077
0.59146
0.54774
0.53151
0.42715
0.34611
0.35409
0.42129
0.39900
0.38462
0.54649
0.59895
0.60923
0.58887
0.39487
0.43911
0.44471
0.43090
0.39203
0.45131
0.56986
0.62596
0.71769
0.61089
0.50336
0.43278
0.38540
0.41021
0.36327
0.36965
0.50318
0.55481
0.58306
0.48537
0.36579
0.38943
0.38910
0.39502
0.39537
0.33607
0.48204
0.58476
0.59944
0.57559
1.08189
0.40737
0.38052
0.33003
0.33986
0.35925
0.35329
0.52297
0.56434
0.45505
0.36875
0.40712
0.33248
0.33597
0.32688
0.36693
0.44325
0.51481
0.56111
0.35445
0.39455
0.38566
0.39359
0.39405
0.36973
0.40061
0.54663
0.59645
0.53305
0.39748
0.41180
0.42430
0.36521
0.36799
0.31322
0.35107
0.50952
0.51889
0.38088
0.32671
0.32342
0.32786
0.32449
0.29467
0.30138
0.41695
0.49332
0.44983
0.26291
0.28949
0.27422
0.26729
0.27969
0.25901
0.32482
0.44526
0.44662
0.32711
0.24625
0.25376
0.23292
0.17740
0.18517
0.17481
0.28546
0.38119
0.38206
0.18358
0.17688
0.17218
0.17938
0.17132
1.00285
0.19282
0.36322
0.48885
0.89538
0.16140
0.17149
0.17073
0.17509
0.14562
0.14578
0.24575
0.33856
0.34725
0.27933
0.28893
0.30664
0.29045
0.29277
0.30098
0.29112
0.48506
0.49623
0.30500
0.14229
0.14524
0.14185
0.14218
0.14536
0.14085
0.19736
0.34010
0.60241
0.43423
0.14604
0.15082
0.37522
0.51674
0.48045
0.49910
0.63513
0.67128
0.66248
0.68597
0.45787
0.45956
1.06734
0.46568
0.46576
0.46897
0.64751
0.67974
0.67355
0.60794
0.47729
0.90302
0.46440
0.14095
0.14288
0.27111
0.34577
0.33581
0.14459
0.14321
0.14463
0.14282
0.14965
0.14265
0.20035
0.33968
0.34572
0.21306
0.14448
0.14260
0.14404
0.14290
0.14423
0.14219
0.33348
0.34172
0.29077
0.14143
0.14315
0.14128
0.14332
0.14226
0.14416
0.25535
0.34099
0.34275
0.18598
0.16043
0.14443
0.14246
0.14386
0.14186
0.20704
0.33796
0.34418
0.26770
0.16493
0.14310
0.14305
0.14186
0.14685
0.14137
0.32841
0.33951
0.33962
0.14208
0.14362
0.14176
0.14374
0.14297
0.14440
0.27080
0.36374
0.36584
0.26508
0.16426
0.16650
0.16464
0.16654
0.16387
0.18265
0.35811
0.42373
0.42683
0.25420
0.22509
0.22631
0.22440
0.22701
0.22506
