1.98247
1.99048
1.99415
2.00532
2.39888
2.67102
2.71608
2.76432
2.28078
1.23340
1.23430
1.36452
1.60667
1.60298
1.59760
1.59663
1.59765
1.59450
1.59235
1.58925
2.25868
2.33743
2.35057
2.35223
2.36493
2.37908
2.39943
2.42725
2.98015
3.11842
2.49908
2.25902
1.99110
1.60618
1.60665
1.58937
1.59043
1.59318
1.58738
1.58475
1.58860
1.86132
2.33828
2.34165
2.34730
2.34932
2.35608
2.37327
2.40385
2.43648
2.46068
3.02937
2.32438
2.21123
2.24822
1.96090
1.60515
1.60420
1.60225
1.60202
1.60260
1.60482
1.59950
2.06927
2.35962
3.42235
2.51833
2.80762
2.47752
2.91267
3.32785
3.57113
3.47213
3.20458
2.82110
2.04973
2.12095
2.12557
2.13468
2.14080
2.16517
2.13158
2.13157
2.13253
2.46437
3.06313
3.00787
3.23473
4.88755
4.56750
4.54447
4.68535
6.11837
4.69782
3.61498
3.57407
3.63942
5.07123
3.64460
3.39675
2.52520
1.92793
2.21990
1.97398
1.58795
1.95315
2.47440
2.49740
2.69167
3.20207
3.28793
2.91147
2.82148
2.15773
1.31223
1.31342
1.31735
1.31837
1.32080
1.32347
1.32405
1.33272
1.32743
1.33008
1.33085
1.63057
2.07075
2.08333
2.09338
2.11893
2.15042
2.44710
2.95003
2.38632
2.34402
2.22630
1.70870
1.70232
1.70250
1.70472
1.71155
1.71008
1.71325
1.71583
1.71722
2.41202
2.45813
2.47288
2.49577
2.52812
2.63433
2.75725
1.93070
2.16403
2.41188
2.35928
2.38315
2.22757
6.71273
2.41082
2.45965
2.59350
2.71293
2.16667
3.10385
2.85588
3.59048
5.31135
5.36128
5.40723
5.32508
4.51618
4.75015
5.20513
5.23637
5.28255
5.19130
4.67952
4.71970
4.46217
1.67152
1.30525
1.29862
1.64433
2.04565
2.05948
2.08075
2.10673
2.15048
2.19017
1.65195
1.53075
1.84873
1.88272
1.37762
1.28113
1.28093
1.28262
1.28493
1.28603
1.28663
1.76957
2.09392
2.96108
3.09165
2.61380
2.46638
2.49395
2.53703
2.58892
1.78992
1.66640
1.66963
1.67123
1.67033
1.66860
1.67150
1.67533
1.67722
1.67048
1.67107
1.67177
1.85623
2.41573
2.43095
2.44760
2.47003
2.51170
2.55017
2.84498
2.30913
2.31507
2.33652
2.19037
1.69158
1.79618
1.70648
1.68928
1.68947
1.69150
1.69482
1.70052
2.08720
2.45843
2.47702
2.50843
2.54992
2.61455
2.70135
2.50923
1.37588
1.37948
1.37965
1.37098
1.37852
1.35945
1.55345
1.99072
2.01822
1.98155
1.92747
1.37583
1.84060
2.12870
2.13462
2.14842
2.18772
2.20295
2.23700
2.29225
1.59980
1.68520
1.75363
1.75423
1.74807
1.74958
2.32153
2.45438
2.24233
2.25422
2.63933
3.19747
4.31225
4.62155
4.73645
3.98470
2.65108
2.43950
