12.22112
11.62970
11.63307
11.66590
12.11920
12.25532
11.66898
11.61325
11.62808
12.12848
12.15222
11.65240
11.65798
11.57650
12.08255
11.99882
11.53725
11.55842
11.56097
12.07828
12.02785
11.61103
11.58273
11.63720
12.13547
11.94885
11.56212
11.61442
11.64870
12.22682
11.99860
11.63308
11.67298
11.78390
12.25345
11.97677
11.60125
11.48840
11.55130
11.92022
11.78323
11.58603
11.58355
11.80622
12.07833
11.60780
10.72032
9.79672
10.02293
10.42797
10.23323
9.23127
8.81623
9.01308
8.96952
8.17295
7.86183
7.49725
8.31165
8.05412
7.35857
7.11188
6.86345
7.23793
7.00700
6.41162
6.19935
6.10457
6.50828
6.16422
5.52447
5.28473
5.01493
5.42978
5.21093
4.85542
4.83658
4.03108
7.96152
5.03770
5.47425
4.06022
3.77075
5.00647
6.05613
4.00210
2.26047
5.69568
8.31413
6.91145
6.80590
8.44245
8.46920
4.27223
5.30632
7.19513
5.58657
6.27652
7.35798
4.69798
3.86060
3.50745
2.84817
3.93957
3.25477
2.82107
2.71452
2.77288
3.08150
3.61070
7.85187
2.69528
2.89750
4.00793
3.65823
4.17592
3.47067
3.46992
3.45335
5.26330
3.78605
3.58220
3.56255
3.66300
4.08945
4.37707
3.92392
3.87700
3.93410
4.09612
4.60845
4.32405
4.28657
4.41062
4.48593
5.16813
5.08097
4.73880
4.93525
5.11683
5.48787
5.87793
5.50412
5.62170
5.67380
5.83717
6.46392
6.41195
6.21223
6.28353
6.79448
7.42475
7.78322
8.46448
11.32277
10.14058
10.04422
10.74175
10.64877
10.44302
10.26668
10.18255
10.67152
10.83335
10.77450
10.89443
11.10490
11.16820
11.82063
11.65622
11.36185
13.28500
13.65278
13.93435
14.32927
12.17042
11.57362
11.59872
11.70413
12.23558
12.07427
11.66483
12.27278
11.93033
11.98878
13.05802
11.87553
11.95965
12.20190
11.85590
12.84268
12.01405
12.49102
11.80490
12.19297
12.51517
12.33702
12.56442
12.11537
11.62182
11.74245
12.22885
11.88930
11.43603
10.96728
11.36022
12.20312
12.22125
11.75203
11.71572
11.66045
12.03417
12.29727
11.83005
11.70620
11.75945
11.80188
12.33543
11.99490
11.68998
11.68645
11.70173
12.15800
12.20445
11.69233
11.69072
11.72718
11.99867
12.34787
11.75138
11.68098
11.69370
11.82573
12.27555
11.97407
11.68733
11.68552
11.71998
12.21892
12.13562
11.68942
11.71427
11.67982
12.07290
12.24838
11.62605
11.63140
11.63855
11.86620
12.27825
11.81507
11.70068
11.38380
11.71788
12.27267
12.04410
11.62330
11.63123
11.64840
12.22895
12.10533
11.56577
11.63078
11.65562
12.08163
12.09783
11.62783
11.66472
11.64562
11.24625
12.21498
11.74832
11.61683
11.66322
11.80037
12.20100
11.79518
11.60083
11.62673
11.73328
12.21245
11.87873
11.69282
11.63642
11.64183
12.18187
12.00415
11.60617
