1.92982
2.27717
2.78475
2.78827
2.79197
2.79133
2.96085
3.26177
3.26168
3.26217
3.26683
3.26912
3.27008
3.26167
3.26135
3.27772
3.29505
3.28448
3.28508
3.28520
3.29537
3.29733
3.29122
2.86918
2.36400
2.36945
5.87907
6.05565
4.24767
2.52125
2.24225
2.20572
1.92027
1.31127
1.31972
1.30405
1.27097
1.61385
2.07863
2.02113
1.99662
1.90810
1.89930
1.87335
1.00712
1.00845
1.01187
1.00968
1.01605
1.85845
1.85587
1.86077
1.89782
2.00582
1.94623
1.00175
1.00470
1.00527
1.00585
1.00438
1.73738
1.85085
1.85140
1.85427
1.85847
1.83527
0.99490
0.99343
0.99103
0.98678
0.98580
1.81542
1.81752
1.82918
1.84148
1.83898
1.85575
0.95857
0.98140
0.98147
0.99207
1.29730
1.84387
1.84890
1.85497
1.89413
2.32135
1.96425
1.89570
1.91750
1.85797
1.98075
1.88073
1.84977
1.04558
1.09428
1.11438
1.09948
1.08900
1.64435
1.94573
2.17637
5.98583
8.59517
4.94463
2.10322
1.30790
0.93785
0.93942
0.94022
0.99042
1.77645
2.06330
1.99038
2.29575
1.78473
1.78938
2.55520
2.23165
1.82382
1.86647
1.82388
1.82278
1.82488
1.82475
1.84037
1.85397
1.89938
1.85697
1.82023
1.75415
0.93713
0.97630
3.71072
10.10118
11.35082
4.35760
11.11297
11.51518
8.44803
11.07697
15.87305
8.51083
1.27835
2.09850
1.17138
1.13132
1.81008
1.81613
1.82498
1.83070
1.65790
1.42133
2.75315
2.94350
1.75945
1.22405
2.70918
3.38382
3.52362
3.68817
3.73770
2.33242
2.35153
1.45502
1.27792
1.27063
1.27613
1.17683
1.04723
1.79507
2.64105
2.65593
2.67312
2.76917
2.76818
1.43697
1.28923
1.30863
1.31867
1.32330
1.32847
1.53153
2.19757
2.27160
2.46577
2.64913
2.53398
1.92120
1.92488
1.92725
1.92773
1.92767
1.92750
2.75100
3.59823
3.84735
3.85185
3.85955
3.29190
2.97342
2.97760
2.34068
2.18707
1.93505
2.11537
2.79913
2.80833
2.82265
2.83012
2.72438
1.93675
1.93462
1.93660
1.93673
1.93677
1.93683
2.71350
2.89693
3.58775
3.60633
3.60768
2.98165
2.71403
2.71593
2.71875
2.35428
1.93513
2.67108
3.06922
3.08075
3.09148
3.09933
2.83722
2.20420
2.10427
1.93237
1.92757
1.92885
2.45930
2.79192
2.79643
2.80362
3.00365
3.60012
3.13955
3.95660
7.99227
5.53010
5.62020
5.89155
4.41588
4.06775
3.99037
3.33195
4.21045
3.34592
3.34992
4.62713
5.52575
4.08077
3.68597
3.65508
3.65547
3.65498
3.64862
4.01487
5.30965
4.80195
5.32577
7.30860
9.25853
8.12368
5.95478
5.33020
4.64290
4.02352
3.53552
2.91828
3.95722
4.33463
4.53678
4.55200
4.49815
4.45982
4.22822
3.59917
3.65647
