0.81170
0.87116
0.87497
0.87901
0.88327
0.91700
0.73801
0.73344
0.73418
0.74238
0.75556
0.60682
0.63500
0.63636
0.63823
0.63978
0.64135
0.62923
0.48470
0.48564
0.48527
0.48401
0.48641
0.67339
0.65756
0.63554
0.63796
0.64128
0.64388
0.64356
0.49107
0.57777
0.72338
0.72578
0.72882
0.86828
0.86560
0.85739
0.85603
0.85646
0.84395
0.80701
0.69294
0.41271
0.28790
0.27812
0.30340
0.22680
0.25389
0.19987
0.18303
0.23185
0.15580
0.02264
0.04777
0.11919
0.11197
0.13945
0.21528
0.22988
0.38485
0.33394
0.49157
0.32072
0.30684
0.34696
0.45550
0.63223
0.90149
1.04935
1.18636
1.42425
1.21966
1.29367
1.43041
1.62043
1.56759
1.64913
2.28640
2.20187
2.53993
0.95366
0.68007
1.88342
2.51470
2.46037
0.86848
0.48048
0.19258
0.34572
0.88186
2.10822
2.66680
2.20222
1.30349
2.44807
1.98737
2.02177
2.47324
2.55399
1.86126
1.72587
1.76289
2.17099
1.92725
1.64188
2.10413
3.12965
3.51361
2.83437
2.65117
2.77424
2.65247
2.61764
2.47949
2.51605
2.68352
2.75994
2.81519
2.93369
2.94742
2.96776
2.98218
2.95294
2.79949
2.70788
2.49432
1.81768
1.71823
1.77904
1.78638
1.87215
1.74946
1.78779
1.79809
1.85318
1.98080
1.86793
1.88153
1.88528
1.91127
1.79164
1.98416
1.92789
1.71799
1.48159
1.62441
1.45801
1.27629
1.31749
1.03105
0.18665
0.10985
0.15294
0.21073
0.74481
0.48381
0.27312
1.37615
0.95940
1.20464
0.93256
0.66990
1.04375
1.47248
1.71466
1.84395
2.78293
1.39751
1.07692
1.19783
1.16402
1.68459
1.20012
1.29411
1.41417
1.24247
1.16370
1.38385
1.35439
1.44984
1.41866
1.37890
1.21691
1.64681
1.13074
1.13634
1.10398
1.09845
1.23357
1.24214
1.19751
1.35238
1.09746
1.71744
1.20183
0.62452
0.62773
0.63186
0.64114
0.64302
0.71626
0.56719
0.53132
0.53364
0.53584
0.48282
0.38319
0.38341
0.38139
0.38037
0.38014
0.44410
0.52963
0.53207
0.53478
0.53563
0.49361
0.38296
0.38301
0.38365
0.38199
0.38255
0.44081
0.52958
0.53122
0.53522
0.73190
0.74846
0.62455
0.62743
0.63020
0.63373
0.63850
0.69539
0.76955
0.53268
0.53438
0.53598
0.51453
0.38192
0.38284
0.38296
0.38333
0.38276
0.43283
0.58664
0.78945
0.94529
1.36670
1.21470
1.11311
1.09398
1.10528
1.09294
1.11786
1.18523
1.25007
1.24748
1.25611
1.41807
1.69956
1.64746
1.64542
1.67989
1.66282
1.65937
1.71371
1.81728
1.64769
1.52104
1.47022
1.45600
1.40487
1.28282
1.34108
1.35229
1.34339
1.37046
1.42444
1.44427
1.53385
1.56426
1.56394
1.42540
1.41684
1.40856
1.37567
