2.21608
3.14533
3.25488
2.65852
2.57645
2.55765
2.56985
2.24717
2.34958
2.72318
2.69385
2.08993
2.15497
8.10260
8.15423
8.16967
8.61602
8.45447
3.34170
2.85427
2.86022
3.37170
8.76680
8.76875
8.85433
8.89197
8.52505
3.19988
2.46185
2.43307
2.64872
2.54397
3.06730
2.96623
2.49528
2.61518
2.66392
2.65417
2.65597
2.97278
2.89140
2.75270
2.16192
2.15773
2.15548
2.21465
2.20193
3.02020
13.04047
22.00023
8.16790
2.91955
2.37410
2.46868
2.86148
2.63137
2.66425
2.42740
1.88858
2.26393
2.00320
1.85827
1.75048
2.77018
2.38913
2.32440
2.49990
2.30643
2.23687
2.49267
2.66585
2.76305
3.07765
1.94138
1.87573
1.88598
1.87793
1.94195
2.27098
2.51703
2.48620
2.54053
3.10677
3.37072
3.55157
3.69628
4.16652
4.60955
4.00315
3.27533
2.73885
3.05475
3.04838
2.90360
3.54067
3.83642
3.49368
3.01650
3.47202
3.49892
3.45742
3.39535
3.70283
3.74218
2.81270
3.00572
3.42028
3.47843
3.15655
3.44112
3.54423
3.06448
2.58223
2.65305
3.08838
2.68168
3.01168
4.30132
4.37088
2.95157
2.17508
2.18332
2.23673
2.33922
5.04337
2.45053
2.51572
2.14352
2.88122
2.33197
1.87702
2.05022
2.58472
3.00308
3.06705
2.44885
2.24767
1.90903
2.49625
2.53717
2.88903
3.17515
3.46307
3.07380
2.70457
1.93242
2.03833
2.37858
2.89988
3.04990
2.76905
2.31498
1.88553
2.26193
1.95748
1.91135
2.47945
2.56153
2.06045
1.84110
1.84158
2.02593
2.66622
2.64445
2.97965
3.03470
2.41938
2.08188
1.87882
1.86997
1.86828
2.50742
2.66938
2.49562
1.94610
1.91852
1.70552
1.62012
1.75383
2.19970
2.54315
4.23942
1.63122
1.29360
1.08442
1.29855
1.61292
2.22497
1.98063
1.31192
1.01355
1.01572
1.26612
1.50022
1.67013
2.13945
2.19182
1.53990
1.01283
1.01327
1.01410
1.01313
1.31898
1.63868
1.66667
1.01352
1.01422
1.10600
1.49092
1.51247
1.98477
2.15805
2.03727
1.08625
1.01410
1.01310
1.01347
1.03682
1.61600
1.65873
1.35033
1.01368
1.01410
1.40625
1.51147
1.69002
2.13960
2.18903
1.51710
1.01467
1.01732
1.01920
1.02125
1.34292
1.63907
1.68423
1.04297
1.01542
1.18817
1.50963
1.52040
2.00302
2.16118
2.08492
1.24803
1.01617
1.01475
1.01467
1.03462
1.60957
1.65272
1.42783
1.01463
1.01457
1.24815
1.49060
1.68250
2.15810
1.77868
1.30095
1.02382
1.36375
1.48708
1.49323
1.68255
1.62465
1.67177
1.14592
1.01537
1.01393
1.01380
1.01420
1.45915
1.65178
2.14352
1.50882
1.50912
1.51032
1.50078
1.50513
1.97060
1.64038
1.50370
1.01272
1.01187
1.01042
1.06717
1.25463
