14.95003
14.36008
14.14040
14.21993
14.78768
15.30915
15.21530
15.50310
15.82728
15.08378
16.04635
18.73757
18.64043
19.39380
19.81910
19.38287
19.53953
20.62748
19.38078
19.04330
23.85398
23.47272
20.24455
20.41078
19.96435
19.90412
19.42640
19.06430
19.62848
19.79803
20.92768
20.64073
20.23722
20.36690
21.04035
19.88300
20.39117
21.17330
20.65215
18.19467
17.61045
20.56117
20.11552
20.27010
19.15282
19.26718
19.30662
18.85015
19.61722
20.09590
19.81052
20.54573
20.53137
19.52498
19.56457
19.45625
19.59522
20.41565
20.11538
21.65137
21.99865
21.76747
22.01587
21.19383
20.35545
20.81128
21.14387
22.02712
21.91778
18.28252
14.82343
14.78335
14.05563
14.29460
14.66998
15.28387
15.65048
15.70057
15.43652
15.74207
14.79410
14.57733
14.67057
14.78860
15.60547
15.90177
15.54365
15.45832
15.81397
15.04625
14.79662
14.88043
14.31705
14.81498
15.21803
15.00580
15.33207
15.46157
15.12825
14.82225
14.97170
15.52290
16.45660
15.85688
15.21540
15.56393
14.41868
14.23790
14.39728
13.94813
14.49743
15.05845
14.98455
15.24797
14.97652
13.97137
14.28442
14.79967
14.90142
15.76612
15.76962
15.70168
15.83860
15.73797
16.39847
17.71675
15.31317
14.27860
15.27213
15.10808
15.17488
15.18805
14.63922
14.10575
14.36408
14.40162
14.35028
15.15497
15.71135
17.86007
18.19028
17.83213
17.68598
16.75542
13.65688
16.81540
16.23742
15.04268
15.15585
14.79668
14.71847
15.57685
15.51715
14.84335
15.59257
15.26898
15.43432
13.43107
13.78940
14.39477
13.83082
13.79135
13.32763
13.21907
15.32415
15.34880
17.92327
21.15093
19.23830
15.41535
14.96548
14.17843
14.31908
14.54213
15.96787
18.33643
20.42807
18.08172
15.55740
14.79997
15.01817
15.24000
15.01605
15.75965
16.58330
20.25440
22.91065
20.90570
19.89553
18.76293
16.90075
16.92472
15.63152
15.26248
15.26332
14.79508
14.59592
14.90882
14.89653
14.87995
15.31925
15.76072
15.25315
15.34453
14.96383
14.59032
14.96412
15.04012
15.67002
16.17395
15.61673
14.58188
14.54855
14.15122
14.43420
14.74833
14.99490
15.04158
15.10817
14.93327
14.61815
14.35203
14.17720
14.40577
15.42472
15.56030
16.15225
15.41330
14.63483
14.93348
14.63783
14.94965
15.44827
14.99103
15.06710
15.06843
14.60100
14.61822
14.36802
14.19915
15.16185
15.20415
15.36067
15.87345
15.22728
14.87437
15.00060
14.55525
15.11875
15.87543
15.41148
15.79288
15.61190
14.58938
14.90330
14.62645
14.09393
14.96620
15.00885
14.96777
15.50950
14.85462
14.28193
14.37865
14.08338
14.52148
15.76918
15.53103
15.57295
15.67172
14.63548
15.09682
14.92373
14.66323
15.43953
15.16730
14.84200
15.39752
14.77037
14.63582
14.79877
14.82345
15.25790
16.28705
16.05658
15.96548
16.16207
15.45393
