3.41700
4.33772
4.99920
5.28397
6.38970
6.74120
4.72587
3.65232
3.64697
3.74308
4.04443
2.68793
2.69327
2.70135
2.70667
2.73297
2.77872
2.75133
2.00538
2.00427
3.64293
4.04002
3.62433
2.97902
3.13202
2.81618
2.48158
2.48327
2.49108
3.10595
3.14095
2.70677
2.41195
2.26372
1.88915
2.53578
2.56315
2.10635
1.89300
1.89298
1.93652
2.56150
2.57993
2.02408
1.91627
2.00722
2.13393
2.75180
2.79873
2.14683
2.15050
2.24245
2.38603
2.89698
3.30755
3.41680
3.42172
2.72898
2.74928
2.82842
3.36887
3.84018
3.46982
2.86850
2.83723
2.89077
3.13577
3.29705
3.29672
2.32242
2.16670
2.46455
2.93873
3.22097
3.34180
3.30423
2.66938
3.56262
4.06505
2.65207
3.37730
3.97585
3.62510
3.21405
2.67680
2.98990
3.14682
3.53672
3.77272
3.25932
3.36108
2.85115
2.95712
2.97263
2.99110
3.45308
3.65307
3.74498
2.54895
2.30063
2.52885
3.95968
4.34885
4.36825
4.11095
3.20267
1.92633
2.25948
2.25063
2.76755
2.94323
2.94937
2.93328
3.96135
1.95017
2.15880
3.26190
2.75452
2.99735
2.90512
2.94133
2.26203
2.26740
2.26752
2.37765
2.92748
2.67153
2.42750
1.75987
1.76153
1.75663
1.84795
2.38345
2.38887
2.39617
1.92315
1.73305
3.35757
1.80470
2.27047
3.49157
3.35437
2.37277
3.56383
1.74110
2.19533
3.87765
2.32963
3.56488
3.48938
1.96047
3.34063
1.88823
4.80880
4.95645
3.19535
2.62113
4.96827
5.03088
5.10622
6.01035
8.29318
7.26360
8.75378
8.97352
6.17722
3.50585
1.51562
2.03282
2.03092
2.04815
1.58113
1.82857
1.82412
1.82238
2.39873
2.48293
2.50430
2.41535
1.84095
1.85852
1.94908
2.20360
2.71707
2.32322
1.48455
1.48472
1.48097
3.13233
3.37773
2.14013
2.14127
1.86140
1.48073
1.47975
1.48345
1.79118
2.13405
2.13922
2.14598
2.15463
2.17465
1.99267
1.48738
1.48932
1.48717
1.86857
2.17120
2.18202
2.19392
2.22002
2.25958
2.17882
1.49872
1.63743
3.69457
4.10227
3.59837
1.98437
1.99417
2.00637
2.14797
2.68983
2.28973
2.16172
1.64420
1.50517
1.50340
1.52333
2.15177
2.14240
1.49663
1.49525
1.49498
1.67792
2.14673
2.15733
1.70343
1.51028
1.50458
1.50405
2.09097
2.16053
2.16767
1.84955
1.49932
1.49903
1.49950
1.97703
2.16702
2.18343
1.57640
1.49478
1.84165
2.03133
2.62180
2.63153
2.64593
2.15112
1.98643
1.99263
2.01455
2.60813
2.13530
2.14908
1.92477
1.48545
1.48567
1.48192
1.89755
2.13533
2.14213
2.15488
1.63995
1.48642
1.47643
1.56978
2.13753
2.15647
1.46888
1.47047
1.46940
1.69477
2.13302
1.95865
1.47248
1.47455
1.46970
