5.13163
5.02633
5.01310
4.97573
5.02765
4.98765
4.97957
4.49140
3.70830
2.77853
2.69512
2.68115
2.67853
2.59403
2.55005
2.55045
2.55065
2.55013
2.55032
2.54212
2.55390
2.68273
2.69250
2.67513
2.68327
2.90147
3.17657
3.20765
2.92030
3.08180
3.49712
3.50078
3.50617
3.50873
3.51435
3.52015
3.50567
3.49687
3.50100
3.65363
4.14583
4.36373
4.46142
4.37832
4.38543
4.40422
4.40713
4.41280
4.46653
4.40527
4.43658
4.39582
4.32243
4.27832
2.46738
2.65510
2.25200
2.25175
2.25943
2.28377
2.27820
2.28210
2.26777
2.28328
2.26930
2.28958
2.30118
2.30937
2.32408
2.43302
2.61782
2.92337
2.85925
3.46642
3.72525
3.75472
3.79410
3.34710
2.76798
2.24000
2.24450
2.33092
2.64432
2.26713
2.27253
2.29823
2.48998
2.23987
2.25248
2.28383
2.25532
2.15133
2.16778
2.26998
2.29237
2.29310
2.30315
2.30037
2.30510
2.31058
2.30300
2.31545
2.31327
2.33080
2.51738
2.31542
2.34547
2.27848
2.33947
2.34495
2.34068
2.32663
2.34100
2.34732
2.34785
2.32088
2.31213
2.33382
2.35598
2.33095
2.32342
2.31808
2.29728
2.28983
2.32713
2.32490
2.33060
2.31627
2.33108
2.34420
2.34755
2.31142
2.32563
2.32735
2.30228
2.32188
2.33673
2.33605
2.31887
2.74980
2.33358
2.23035
2.26068
2.26625
2.27177
2.28157
2.25508
2.24282
2.24182
2.25148
2.25808
2.24763
2.23692
2.23063
2.22725
2.23698
2.23550
2.23637
2.21575
2.21038
2.19585
2.19815
2.18142
2.05767
2.04852
2.12197
2.16528
2.17147
2.19757
2.19107
2.16968
2.16568
2.15980
2.17415
2.16457
2.04798
2.08583
2.19827
2.31090
2.28602
2.18225
2.18955
2.19768
2.26543
2.25678
2.25257
2.24335
2.09595
2.09022
2.17168
2.21525
2.21268
2.21402
2.22373
2.23018
2.22813
2.22205
2.21493
2.22345
2.21798
2.21705
2.22792
2.22762
2.22342
2.22587
2.22840
2.23647
2.23458
2.22525
2.23363
2.22977
2.10473
2.10177
2.17770
2.22772
2.23003
2.22067
2.22330
2.24347
2.22822
2.22385
2.22232
2.23010
2.21808
2.21897
2.22678
2.23192
2.22375
2.21578
2.19210
2.22310
2.22388
2.21290
2.22480
2.22992
2.21617
2.21558
2.21287
2.22430
2.22108
2.22173
2.21297
2.20782
2.21997
2.20595
2.21600
2.22312
2.20980
2.20710
2.21072
2.20777
2.20988
2.21657
2.18562
2.21227
2.22222
2.20738
2.20942
2.23435
2.22062
2.21845
2.22308
2.21608
2.23402
2.21658
2.22072
2.22738
2.24092
2.47088
2.65462
3.45745
3.81988
2.82758
2.81527
2.81245
2.82855
3.49403
3.86968
3.94272
5.09460
5.78840
5.50823
4.67638
4.70505
4.59617
4.61785
4.79930
4.70457
