1.31650
1.31760
1.24896
1.42393
1.51678
1.35532
1.32217
1.34088
1.32128
1.27885
1.31253
1.33142
1.46929
1.34987
1.31329
1.31926
1.22188
1.02863
0.91293
0.91961
1.02344
1.02431
1.03369
1.01310
0.90257
1.03356
0.94621
0.93488
0.94632
0.99678
1.56096
1.78213
1.79630
1.80719
1.83311
1.82946
2.38306
0.93813
0.88633
0.86886
0.89993
0.95657
0.95919
0.96548
1.03811
0.91381
0.89557
0.91305
0.87537
0.84950
0.84606
0.84789
1.24612
1.37487
1.50366
1.48157
1.44429
1.46197
1.57660
1.44282
1.47297
1.47382
1.45236
1.41484
1.45013
1.27758
0.92576
0.96093
1.07202
1.08992
1.03573
1.63563
1.66503
1.24834
0.92921
0.90886
0.90263
0.92666
0.94474
1.05438
0.78201
0.82435
0.82716
0.84749
0.82563
0.79716
0.93980
0.82062
0.82817
0.81964
0.69359
0.72564
0.72423
0.80184
0.82846
0.82955
0.86468
0.85625
0.75346
0.71374
0.71560
0.77585
0.87202
0.84845
0.84961
0.84828
0.82150
0.89022
1.23861
0.93476
1.01567
1.02035
1.02060
1.17535
0.89634
0.90765
0.84815
0.81887
0.83354
0.91513
1.04046
1.14723
1.34876
1.83780
1.09325
0.94052
0.98534
1.02562
1.17092
1.02709
1.00631
1.00824
0.94242
0.93867
1.01080
1.07924
1.29167
1.31298
1.21959
0.96175
0.94628
0.93203
0.91670
0.89463
0.99390
0.84038
0.84836
1.00712
1.29137
0.99206
0.96492
1.48595
1.27611
1.55466
1.21451
1.69213
4.29973
3.20756
1.37428
2.17722
2.69660
3.20460
3.54441
2.66867
2.71095
3.29702
3.07507
2.64189
2.90432
4.11787
2.67840
3.84140
3.20124
3.74828
3.58584
3.76471
4.03050
3.72366
3.73963
3.74615
4.08005
5.23464
3.84222
0.58773
0.86490
0.87877
0.54703
0.92282
0.95393
0.57920
0.87484
0.82894
0.50914
0.76464
1.03709
0.98626
0.67571
0.54486
0.83044
0.57943
0.42263
0.51261
0.74021
0.54659
0.54604
0.54433
0.73475
0.70750
0.55563
0.42271
0.42402
0.42355
0.55875
0.60458
0.54767
0.54934
0.54909
0.52074
0.42479
0.42468
0.42251
0.52113
0.54832
0.54848
0.54763
0.54719
0.55320
0.51921
0.42231
0.43282
0.44318
0.65731
0.54567
0.54479
0.54915
0.55109
0.52032
0.41997
0.42325
0.42330
0.54623
0.54340
0.54746
0.55384
0.54853
0.54950
0.55865
0.45303
0.55277
0.42197
0.48480
0.54969
0.54838
0.54713
0.55244
0.55388
0.54229
0.42127
0.42494
0.42703
0.54660
0.62425
1.78692
2.05321
2.07407
2.17490
2.04435
2.04332
2.04880
1.96422
1.90697
1.91284
1.96592
2.05111
2.03944
2.11661
2.12541
2.11713
2.11065
2.12576
2.14850
2.31975
1.86059
1.09348
1.09957
1.20981
1.23373
1.32282
