20.26890
19.93045
19.39053
19.18687
19.55437
19.65073
19.95893
21.00290
26.60247
27.17027
27.28722
26.42825
25.58580
19.11515
18.66913
19.02118
21.01942
18.64302
18.59075
18.39965
18.43530
23.79162
40.77243
47.75515
50.70568
50.74050
50.88697
50.83857
50.31163
50.21302
50.22025
46.36772
50.48373
44.46300
38.29327
35.59202
35.49528
35.41447
35.80113
35.15682
33.64075
33.65992
38.79268
34.91123
34.02785
32.33288
31.66213
38.16052
39.87407
39.63477
39.72248
38.72228
35.12147
31.70785
33.50768
30.78148
32.00767
34.96657
33.75113
31.24710
31.79197
29.66465
23.84178
28.46390
23.47185
26.65410
29.78075
28.38167
29.20065
31.79207
33.00217
32.73148
33.24457
34.24770
37.50890
36.38432
34.47840
36.89953
37.17595
36.83825
41.28873
30.26712
29.65658
32.63365
34.07378
32.57127
33.71547
29.46055
22.94885
24.60633
25.94950
24.98175
27.09070
32.01702
32.71855
32.75120
30.82007
27.24645
24.04775
34.43662
34.42292
33.64155
36.28468
35.24735
32.47597
33.34697
33.69705
36.28603
41.69238
37.55922
36.47878
36.81275
41.95262
25.94883
25.04665
28.91080
31.21228
36.18308
28.51973
35.80890
39.52672
44.77588
33.14278
25.08488
24.91488
24.63093
22.03618
16.04502
15.70225
15.59640
18.71617
24.54997
25.05415
26.96638
26.85075
27.58245
24.53915
18.76493
16.49443
15.67063
15.85232
16.16493
16.36937
16.80148
16.06122
15.96985
16.21377
16.51392
17.33883
17.09465
16.41292
16.06675
15.43052
15.84445
15.92263
15.81205
15.17712
15.17883
15.79953
16.42893
16.27695
16.78702
17.50403
16.57038
16.27068
16.20358
16.26143
16.28827
15.19293
12.80587
12.37135
12.44550
12.91180
20.08980
20.18528
19.53610
19.64437
19.74558
13.71643
13.31462
13.25177
13.16355
12.41833
11.74465
11.82658
12.15487
12.59613
12.50713
11.22600
10.98887
13.83960
14.20037
11.91168
12.60347
13.25123
13.26313
13.55075
14.13215
14.39632
13.62938
12.93502
12.62173
12.76255
12.61567
12.26667
12.27238
12.33815
11.93845
12.21380
12.71112
13.10443
13.30332
13.50272
13.34353
12.31448
12.05540
13.92858
11.46562
11.84582
11.85315
11.88223
12.34250
12.41607
12.98903
14.37125
13.48580
13.40613
13.42408
13.42560
13.79830
13.28142
13.45932
13.55173
15.55447
13.60825
16.36640
20.33052
19.95800
17.32327
13.14925
13.97780
13.77405
13.60130
13.60488
13.28183
13.91182
14.03220
14.12833
14.67833
14.47473
14.18975
14.54490
15.91088
17.99052
18.06772
18.37808
18.67845
18.35552
18.16753
18.24937
18.72260
18.85425
19.24053
18.16922
24.91223
27.59135
27.38077
28.27112
28.36600
27.09177
27.76667
27.57552
21.91310
21.89205
21.62123
20.90228
20.91880
20.43292
19.75885
19.37773
19.44673
19.57025
20.06370
20.59040
21.34897
22.07483
22.26632
32.57412
