2.64917
2.26915
2.11490
1.64222
1.62507
1.62518
1.75087
2.21440
2.23570
2.07420
2.01705
2.22202
2.20312
2.36635
2.78558
2.85590
2.03487
1.62515
1.76430
1.69540
2.03723
2.29777
2.35128
2.39765
2.17317
2.18747
2.21745
2.18267
2.20615
2.24410
1.83813
1.64630
1.62922
1.61248
2.22818
2.76372
2.80393
2.25053
2.16538
1.64128
1.63825
2.21315
2.22242
2.19083
1.62067
1.61748
1.61832
1.71542
2.76425
2.82052
2.72090
2.19088
2.20860
1.96795
1.77805
2.20213
2.22362
1.96588
1.64003
1.63198
1.79055
2.45565
2.75570
2.80213
2.24487
1.61398
1.62643
1.64172
1.97912
2.24950
2.22733
1.83778
2.16135
2.17397
2.19567
2.66103
2.23023
2.28760
1.73200
1.66848
1.66312
1.64033
2.14158
2.29007
2.67023
2.26888
2.28152
2.31867
2.33025
2.31350
2.31250
2.34625
1.71920
1.72013
1.71682
1.72292
2.24327
2.44308
3.95988
3.43398
7.51592
7.89077
7.27570
6.52585
3.36215
2.94627
2.69593
2.85288
2.90992
2.84242
4.09327
8.62372
8.40905
7.50967
7.49393
7.61637
2.70732
3.16027
3.19162
2.11787
1.79282
2.21363
2.24945
2.29195
2.64182
2.34787
2.12232
1.74053
1.75950
1.75813
1.74158
2.30875
2.77717
2.68018
2.30107
2.33242
1.72632
1.73443
2.32607
2.34980
2.10990
1.71912
1.72113
1.94128
2.27592
2.85173
2.90593
2.36883
1.70425
1.72362
1.71705
1.69367
2.17212
2.24195
2.10067
1.98640
2.18157
2.18743
2.21140
2.18787
2.22298
2.13115
1.75650
1.99942
1.74287
6.38817
4.16195
4.37607
3.24685
10.09065
18.37002
12.48220
6.54275
6.08662
5.21237
4.46732
3.59682
5.04557
4.64317
5.70932
5.18517
5.73657
7.41100
6.13212
9.67457
9.76650
8.47218
5.86925
3.70860
4.17123
3.78748
3.08448
2.04278
2.05047
2.14538
3.18453
4.40210
2.30683
1.50538
1.82518
3.45377
1.86217
2.08187
2.49040
4.19260
3.82593
2.08662
3.46733
4.46117
4.24060
4.11697
3.98712
2.88388
1.52532
1.52350
1.71435
2.57947
2.68068
2.56507
2.11960
2.07263
1.55737
1.55665
2.02263
2.11762
2.51113
2.07783
2.08953
2.10377
2.13008
2.27560
2.13615
2.06523
1.56018
1.53408
1.58458
2.07785
2.57907
2.68980
3.03990
2.12907
1.92725
1.55052
1.56543
2.02237
2.13747
2.08425
1.78038
2.09300
2.10037
2.11203
2.55150
2.60825
2.13360
1.56485
1.54957
1.75475
2.13943
2.61457
2.70323
2.62078
2.04077
1.53142
1.55263
1.56173
2.07313
2.27110
2.58910
2.09068
2.18737
2.43323
2.14207
2.32348
2.14848
1.98652
1.56422
1.53572
1.70242
2.20007
2.68220
2.71052
2.45597
2.06015
1.54543
1.55852
1.68337
2.34913
2.94395
