0.60673
0.61292
0.87481
0.93345
1.02320
0.96858
0.77721
0.71181
0.51405
0.41198
0.67770
0.68111
0.59816
0.50827
0.51003
0.51135
0.62594
0.63815
0.68527
0.67129
0.67204
0.58068
0.81309
0.94347
0.90821
0.88401
0.93081
0.93744
0.97427
1.06829
1.15427
1.49601
2.02683
1.52360
0.61703
0.70602
0.77903
1.16247
0.80833
0.44890
0.49013
0.50612
0.43901
0.49500
0.35027
0.36805
0.45680
0.51227
0.54552
0.54128
0.49854
0.48193
0.45729
0.53230
0.50432
0.51253
0.45011
0.21242
0.21486
0.21325
0.32477
0.49505
0.50191
0.42828
1.09884
1.04135
0.41277
0.50148
0.50468
0.44078
0.38771
0.37239
0.21443
0.33116
0.37995
0.39103
0.65444
1.15309
0.98483
0.47702
0.54762
0.55105
0.47812
0.43743
0.43565
0.44414
0.45881
0.45594
0.47535
0.88337
1.05972
1.13245
1.17760
1.29154
1.26475
1.27471
1.15734
1.23881
1.25744
1.36580
1.32608
1.23562
1.26780
1.14681
1.12302
1.21723
1.30339
1.34395
1.34791
1.32560
1.21756
1.22359
1.23198
1.42798
2.75803
3.73968
3.91024
4.51075
3.76437
2.63343
2.46608
3.60737
3.51116
4.39587
5.12967
1.47593
1.22529
0.88285
1.49390
1.58141
3.90258
3.38785
4.14957
4.28579
3.70658
4.56554
3.74307
0.67223
0.65842
1.15411
0.70517
0.71455
0.50760
1.32565
1.04953
1.54109
1.06671
0.73419
1.36652
1.23521
0.59773
0.46885
0.97579
0.57077
0.70429
1.27577
0.80794
0.83905
1.05734
0.87811
1.26433
1.42559
0.68472
0.62754
0.68301
0.74711
0.65738
1.31217
1.02945
0.45300
0.24866
0.42204
0.95059
0.51559
0.30687
0.30259
0.30359
0.30397
0.37065
0.43837
0.42660
0.19678
0.14284
0.48266
0.95900
0.83749
0.40102
0.30219
0.30475
0.30776
0.39152
0.44838
0.31893
0.14304
0.14307
0.14325
0.28893
0.42828
0.39170
0.30530
0.30785
0.31191
0.41636
0.41650
0.22766
0.14363
0.14340
0.15019
0.40673
0.43067
0.38532
0.30687
0.30996
0.31546
0.43442
0.33359
0.24747
0.14410
0.14401
0.22477
0.42507
0.43215
0.37483
0.30871
0.31133
0.32004
0.45434
0.29199
0.20593
0.14414
0.14421
0.27328
0.42855
0.43190
0.36126
0.30762
0.31355
0.35113
0.46669
0.31664
0.20660
0.15878
0.15882
0.29956
0.44255
0.44695
0.35865
0.32068
0.32353
0.36970
0.46979
0.39217
0.20165
0.16704
0.16684
0.27386
0.45013
0.45472
0.35768
0.32750
0.33042
0.38985
0.46485
0.47915
0.22029
0.16608
0.16618
0.22588
0.41608
0.45501
0.36078
0.35950
0.36057
0.42577
0.49254
0.50249
0.39820
0.19946
0.20031
0.25750
0.32065
0.50600
0.40071
0.35094
0.38134
0.59395
0.86529
1.09913
