6.29175
4.83823
8.43205
8.70723
7.77712
6.14540
5.85367
5.58673
8.57562
9.07032
8.54865
6.33305
5.79350
6.45127
8.60887
7.89150
4.74898
2.35420
1.95973
1.96070
5.01318
5.30795
3.95303
2.10797
1.95392
2.13398
4.99790
5.30843
3.96790
1.96455
2.27045
2.90033
5.40940
5.81490
4.59153
2.48092
2.52452
3.15715
5.38853
5.90018
4.10075
1.95897
2.08812
2.60218
4.72707
5.30565
4.90028
2.55947
2.10357
2.59642
4.62217
5.28983
5.22235
2.64547
2.38807
3.05508
5.01783
5.77505
5.78453
3.63928
3.13340
3.15053
3.17263
3.20262
3.43217
3.10277
5.74677
5.77417
5.08477
2.93835
3.00058
2.35950
2.17517
2.53513
4.11995
4.11812
2.95748
2.83928
3.06853
2.66647
2.66990
3.16983
3.33640
3.36123
2.79012
2.71318
3.09568
3.40075
3.42838
2.66370
2.18110
2.38185
2.83445
2.83923
2.85127
2.37887
2.22940
2.54743
3.60533
4.99408
3.37673
3.61608
5.58522
3.20850
3.19028
3.66533
3.87263
3.81735
3.24840
3.72287
4.66453
4.69645
4.42797
3.90168
3.74850
3.83465
4.39670
4.02192
3.04908
2.61755
2.41965
2.90398
3.07028
4.40212
5.22300
2.54492
2.79435
3.52052
3.39730
3.22477
2.58647
2.60203
2.93097
3.19920
2.75992
2.20033
2.07985
2.39157
2.78772
2.83210
2.21897
1.76718
5.35053
2.39025
2.15547
1.66720
1.65807
2.19440
5.03678
4.26388
1.88972
1.82738
2.44447
2.88078
4.16945
5.10493
2.76795
4.94025
3.80172
4.33573
1.63152
3.07520
2.90802
3.38955
6.15317
3.89430
2.13653
2.41148
2.94532
5.46115
2.98690
2.13887
2.30972
5.34580
3.29802
2.19825
2.36807
4.87907
3.16015
2.82247
2.30175
4.05188
4.69930
3.30645
3.33295
2.95052
4.66808
3.91738
2.69465
2.80970
2.53223
4.49817
3.54508
2.60867
2.80958
3.79293
4.84723
2.33868
2.51582
3.53115
5.47030
2.62112
2.15003
3.87030
5.48378
2.88205
3.95932
3.37427
2.59168
3.29120
3.87253
5.26112
2.69428
2.75605
3.08588
5.38003
2.94073
2.15115
2.15122
4.15962
4.41048
2.69742
2.14457
2.70765
4.94870
2.82345
2.81427
2.39593
4.05857
2.99523
2.79990
2.80773
2.81497
2.42558
2.14110
2.59782
3.29183
3.30862
3.33182
3.36158
3.38768
3.10177
2.88120
2.92027
2.82373
2.14423
2.13993
3.04707
4.11495
3.70182
2.13465
2.13430
2.31328
2.80500
2.82500
2.27787
2.14425
2.19983
2.79837
2.80752
2.46918
2.61490
2.62637
3.20633
3.31172
3.11145
2.68773
2.41368
2.57082
2.79407
2.72375
2.12768
2.13150
2.44273
2.81953
2.94085
2.29802
2.25303
2.62490
3.38715
3.40168
2.88042
2.58683
2.73575
3.36822
3.69532
4.26727
3.78110
