0.70354
0.73070
0.99606
0.97475
0.85101
0.74746
0.70314
0.80079
0.87120
0.92388
0.93471
0.87250
1.36163
1.31053
1.97753
0.92838
0.87114
1.32397
1.27723
1.17511
1.17466
1.02184
1.04814
1.23397
1.15127
1.24777
1.16738
1.16986
1.23481
1.03447
1.10831
1.04803
1.03710
1.09490
1.19110
1.07622
0.84733
0.73363
0.81857
0.99137
0.92144
1.07982
1.00814
1.01699
1.17136
1.02612
0.99210
0.94320
1.22213
1.06952
1.54802
1.52937
1.41741
2.41602
1.17021
1.18642
1.16735
1.50469
1.30202
1.29621
1.19655
1.12201
1.32052
1.14645
1.10992
1.21431
1.32397
2.32056
1.60274
1.06352
0.98234
0.98055
0.85787
1.07914
0.99412
0.97795
1.05125
1.05005
1.06713
1.02512
1.19468
2.01355
2.17762
1.86155
2.25130
2.07520
2.08799
2.12628
2.23861
2.13647
1.03781
1.05707
1.05998
1.11605
0.95195
0.97142
0.95230
1.03497
1.16145
1.06977
1.00536
0.87733
0.84643
1.37763
1.26948
0.96848
1.06939
0.82086
1.00095
0.77777
0.75957
0.82053
0.96790
1.19488
1.03815
0.88870
0.90936
0.92054
0.93395
0.94029
1.04811
1.01911
1.13441
0.88945
0.83840
0.84179
1.02897
1.05144
1.81889
1.15815
1.09713
0.97195
0.89229
0.92946
0.89408
0.96321
0.95944
0.85618
0.82622
0.77283
0.88358
1.17155
1.02556
0.97243
0.87419
0.95381
0.61099
0.59324
0.65328
0.64154
1.04823
0.79330
0.85598
0.71222
0.70881
0.57844
0.96104
0.96954
1.03754
1.03129
0.91470
0.90844
0.83821
0.79225
1.09520
1.20081
0.87434
0.89862
1.04004
0.85825
1.24206
0.83103
0.87539
1.11283
0.94746
1.08218
1.03151
1.02927
1.03872
1.41652
0.87408
1.30636
0.88715
1.01731
0.66809
1.14543
0.87539
0.63689
1.67251
1.17801
0.94612
1.65575
1.04913
1.03141
1.42623
0.77337
1.27901
1.03522
0.88892
1.06477
0.44309
1.00028
0.90225
0.79057
1.36834
0.78494
1.24877
0.82013
0.94161
0.95988
0.71875
1.21337
0.76315
1.38760
0.85514
1.21986
0.82866
1.23797
0.78569
1.35397
1.49133
0.73610
0.59344
0.46374
0.56156
0.64515
0.53089
0.56073
0.63784
0.73242
0.72826
0.57903
0.58751
0.45382
0.51222
0.80586
0.65667
0.58091
0.45159
0.47225
0.60143
0.52496
0.66638
0.70434
0.81981
0.61959
0.73307
0.72860
0.68879
0.63925
0.67843
0.73209
0.63815
0.53507
0.59565
0.66391
0.64311
0.78877
0.78968
0.65479
0.58429
0.46175
0.53422
0.46525
0.54748
0.58700
0.57732
0.69365
0.70242
0.64331
0.69706
0.59051
0.67781
0.79389
0.71925
0.66477
0.65952
0.61986
0.61748
0.56804
0.60622
0.68931
0.56519
0.59909
0.65690
0.59521
0.70663
0.59689
