8.84797
5.06043
4.99629
5.01292
5.37407
5.64422
5.41490
7.57853
9.59826
7.72993
5.26566
5.23350
5.21135
5.25690
5.78722
8.03153
9.66476
6.52137
4.76472
4.81825
4.84867
4.89086
4.80016
8.40034
9.77973
6.16137
5.26928
5.52577
4.18750
3.55041
3.23474
6.90009
7.68239
3.43359
2.13912
1.19347
0.52813
0.11415
0.31429
0.36620
1.28389
1.78080
2.48902
1.88292
3.14509
3.62690
4.06393
4.69876
3.55683
4.25379
2.31764
1.06949
3.98301
0.53010
0.98274
3.17157
2.11270
4.53207
3.35365
2.25254
4.02665
6.63866
6.65167
6.31310
6.55808
6.70545
7.02036
7.21165
7.32693
7.47882
7.65553
7.95799
8.07256
8.53608
7.41507
4.39636
4.32653
5.04965
5.18797
6.53229
8.45551
10.30174
8.84106
7.42173
8.47489
4.31389
1.11841
0.09410
0.36211
5.27767
7.22445
5.94247
2.58028
3.92088
6.20118
6.48088
4.09012
6.83456
9.20985
10.69405
7.03906
5.70427
5.84814
5.92436
9.87513
10.29816
10.08089
9.93365
9.86188
10.04936
9.97776
9.85114
9.38335
9.57701
9.54959
9.15764
9.07281
8.93015
8.58089
5.26907
2.82602
2.50779
2.40379
4.09838
6.86642
6.66906
6.25952
7.08288
7.17419
7.31338
7.18937
6.83588
6.72610
6.40809
2.68524
1.16535
3.89772
5.01908
5.12373
4.99791
4.79640
4.29651
4.34437
3.35101
2.01331
1.62657
2.99566
1.71367
0.49165
0.05545
0.37816
0.46531
0.40431
3.25002
4.15978
2.51754
0.93559
0.46708
0.24857
0.59584
1.13892
1.59357
3.67703
5.79775
3.78458
1.67991
1.74193
1.73629
1.42357
1.39796
1.79373
1.74217
3.22174
6.45355
5.31486
1.86275
1.91597
2.12049
2.19608
2.42471
2.55003
3.25310
6.88709
6.42786
2.43677
2.47608
2.49707
2.53176
2.26287
2.25250
2.27294
5.67750
7.10571
3.67704
2.51359
2.60620
2.30974
2.35027
2.33868
2.33987
2.43421
6.30336
7.25424
3.01278
2.25417
2.28094
2.30983
2.69215
2.64072
2.77315
4.07620
6.96469
5.39791
2.73650
2.68972
2.76437
2.47282
2.51975
2.58583
3.83697
6.89553
5.53652
2.76841
2.81865
2.85406
2.90194
2.90606
2.91281
4.47785
7.00210
5.35493
2.55916
3.15358
2.96412
2.77612
3.01713
2.94231
5.01903
8.27829
5.76103
3.60949
3.70532
3.83533
3.61207
3.63434
4.48337
7.71148
6.77107
3.29431
3.39318
3.46389
3.52231
3.42029
3.80711
7.94116
7.78052
3.71526
3.77821
3.85392
3.70239
3.76240
4.17779
7.06039
8.24194
4.95907
3.60557
3.58119
3.64314
3.57715
3.78919
3.97023
6.48774
8.08011
5.89020
3.59834
3.64425
3.77609
3.74435
3.76195
3.98279
5.97512
9.90567
9.38984
6.08364
5.77569
5.35522
5.30410
6.19582
