5.59290
4.92845
4.47490
4.44730
4.45075
4.58587
4.69253
4.68133
4.68750
4.68157
4.90118
5.67645
5.68412
5.43740
4.96408
4.81882
4.38415
4.40032
4.39258
4.16602
4.22347
4.63758
4.21180
4.22145
4.23323
4.76017
4.90477
4.65530
4.49502
4.97382
4.54163
4.38503
4.09487
4.10092
4.11095
4.02218
4.08853
4.15490
4.14963
4.86808
5.43435
5.71712
7.49107
12.33968
12.31453
11.12063
10.52698
11.21907
11.41997
11.07437
10.89008
10.93512
11.35723
11.48307
11.10543
11.10460
11.14102
10.82803
10.76892
10.78535
10.78238
10.81085
10.84562
10.82630
10.88358
11.45338
11.66000
11.82465
11.50132
11.41797
11.31090
10.82795
10.49685
10.51125
10.36880
11.08358
13.14817
18.34340
19.47248
19.74177
13.68027
14.07567
13.30362
15.07613
19.94655
19.66602
19.37053
18.90523
18.82105
11.52770
11.13005
17.26835
10.80718
10.77150
10.96228
11.14042
11.27767
11.85427
11.77743
10.71187
10.68222
10.94835
10.91545
10.64995
10.77908
11.47137
11.44320
11.41925
12.12553
12.43377
12.54528
12.12753
11.96133
11.33453
11.25448
11.27752
11.14237
11.10762
11.10393
11.18907
10.79377
10.69970
11.38513
12.28055
12.51925
12.55302
12.15638
13.33538
13.93087
11.41298
11.59227
11.51082
11.79423
11.67180
7.25173
6.02033
6.39587
6.67847
7.03132
7.60002
7.64923
9.43628
8.38500
6.88122
6.39398
7.12255
5.71597
6.11700
6.15390
6.11772
6.54495
6.72683
6.26733
6.04985
5.55137
5.18995
6.57457
5.17385
5.17410
5.19562
5.13037
4.84207
6.25962
5.04203
4.76582
5.22737
5.24302
5.22233
5.63182
6.74952
5.10085
5.40855
5.51512
5.45832
5.13532
5.66662
6.85592
5.27850
5.45120
5.75715
5.61877
5.50923
5.39488
4.99223
5.00997
6.26107
5.07222
4.95910
5.08695
5.26742
5.26657
5.22077
5.38445
5.72007
5.51085
5.87003
7.32457
5.51713
4.94818
4.72387
4.76082
4.85445
5.03833
5.02140
5.01437
5.06728
5.07443
5.56877
5.55900
5.57882
5.59925
5.36162
5.39900
5.29217
5.25068
5.24408
5.24998
5.13073
5.07032
5.46405
5.51903
6.02023
5.53750
5.55618
5.62542
5.26407
5.28432
5.24245
5.25917
5.25327
5.24688
5.30950
5.29520
5.49903
5.66825
6.20383
6.02397
5.78372
5.91728
4.94328
4.70500
4.69848
4.85493
5.16762
5.38678
5.24017
5.04472
5.04417
5.38222
5.81587
5.81757
5.84098
5.84368
5.30875
5.20053
5.06365
5.01512
5.02105
5.06255
5.45048
7.05872
6.92382
6.00902
6.07777
5.79532
5.54447
5.80970
5.42792
4.75642
4.62445
5.00188
5.00672
4.67047
4.58992
4.58738
4.79025
4.98527
5.45402
5.45272
5.46738
5.51258
4.91497
4.92313
4.99027
5.24010
5.16843
5.15947
5.25987
