0.45359
0.54100
0.72020
0.87999
0.87786
1.34427
1.38805
1.21673
1.48004
1.47873
1.21375
1.20561
1.34677
1.52805
1.52935
1.53100
1.52995
1.31840
1.20271
1.19827
1.19929
1.19819
1.23511
1.42120
1.53256
1.52119
1.52354
1.52611
1.34296
1.34885
1.36403
1.31943
1.44739
1.70549
1.87695
1.92089
1.50349
1.50151
1.45338
1.28764
1.29378
1.33295
1.33421
1.78753
1.33982
1.53226
1.74147
1.51695
1.52728
1.61342
1.21418
0.98604
1.16079
1.48488
1.00166
0.75203
0.69740
0.77963
0.78541
0.79227
0.80126
0.81009
0.80740
0.81200
0.65871
0.51000
0.36551
0.37229
0.71357
1.00388
0.92893
0.68924
0.69164
0.68960
0.53689
0.50283
0.44419
0.36534
0.44785
0.51097
0.65889
0.74528
0.77656
0.77287
0.68720
0.58798
0.45268
0.50418
0.61929
0.62915
0.77687
1.06611
1.42343
1.46631
1.23707
1.00831
1.05181
1.04837
1.03540
0.97291
0.90209
1.16455
1.12596
1.04300
1.05057
0.92798
1.11234
0.96654
0.65241
0.65456
0.65483
1.12207
0.73477
1.02276
1.17317
1.02887
0.93999
0.88330
0.82025
0.80466
0.68264
0.76849
1.00101
1.00802
1.04958
1.00231
0.80392
0.89724
0.93623
0.93719
0.93897
0.95257
1.12460
1.12745
1.12745
1.11875
0.93422
0.94172
0.80221
0.80420
0.92863
0.93149
1.07606
1.06404
1.18524
1.17274
0.97702
1.00833
1.04327
1.04929
1.04819
0.91318
1.01544
1.22710
1.22506
1.22669
1.13316
1.02740
0.95636
0.90877
1.01112
1.10134
1.29935
1.25075
1.10241
1.21518
1.30299
1.13647
1.16186
1.09741
1.09535
1.14178
1.17039
0.92923
0.89440
0.88227
1.00415
0.77815
0.78799
1.01050
1.27002
1.26587
1.08219
1.06260
1.07675
1.21332
1.21995
0.99383
0.93752
1.45015
1.67177
1.05544
0.63006
0.50362
0.63236
0.62713
0.75088
0.71132
0.57470
0.57755
0.56320
0.44718
0.44363
0.44647
0.63051
0.63195
0.63365
0.63583
0.45563
0.45158
0.56861
0.57380
0.57621
0.57947
0.66391
0.63704
0.63052
0.63068
0.53587
0.44376
0.44146
0.44088
0.44099
0.48951
0.62686
0.76466
0.76644
0.76799
0.68018
0.44754
0.44456
0.44233
0.44106
0.44089
0.44100
0.60586
0.62936
0.72870
0.75862
0.64673
0.57839
0.58590
0.45526
0.44848
0.44633
0.52055
0.63581
0.63620
0.63493
0.63142
0.53335
0.57637
0.58103
0.58257
0.59169
0.47057
0.59316
0.63209
0.63346
0.63185
0.58760
0.44225
0.44176
0.52938
0.57270
0.57622
0.58221
0.74988
0.65657
0.63866
0.62991
0.60961
0.45765
0.45790
0.45970
0.75270
0.80797
0.81171
0.99316
1.30478
1.23330
1.17651
1.17645
1.18332
1.21987
1.25231
1.09690
1.09781
