1.72408
1.58475
1.96068
2.24103
2.37542
2.82268
5.49457
5.47627
6.51447
6.18260
5.95122
2.80670
2.21720
1.78042
1.92535
2.00105
2.30783
2.64227
2.98872
2.97795
3.85160
3.71425
4.17577
3.69775
3.13390
3.13353
3.16252
6.84450
5.92342
2.91568
4.56087
3.06598
2.85383
3.03918
2.84782
3.00728
2.85098
2.85325
2.87135
2.85247
3.69110
4.42573
4.75948
5.85073
4.66375
3.53413
2.92950
2.91028
3.23887
8.86797
9.08382
3.25338
3.30238
4.13365
3.90995
3.53172
3.25518
2.81362
2.45743
2.73430
2.06792
2.15865
2.91012
2.27383
1.63398
4.95203
5.34905
5.17738
5.02805
5.02478
3.98888
6.45932
11.84778
11.75468
19.81562
19.82573
19.82987
21.91098
26.56582
20.69333
22.52080
1.94415
2.54045
8.02237
4.50633
2.19787
3.26693
1.91825
2.02230
1.75852
1.85892
4.05227
7.02457
7.94883
20.04535
26.43942
26.67580
25.52218
24.85083
13.08928
1.33413
1.69682
1.57183
1.69535
1.96225
2.17108
1.67992
1.79202
1.76115
5.87175
6.51932
7.31537
6.32447
2.58780
2.15340
2.11998
2.44127
7.08327
22.34927
25.08160
25.24643
26.43795
26.41423
27.22855
28.40963
25.41540
7.22417
5.68558
10.91483
17.80060
2.56353
12.57318
26.47115
25.49250
21.69057
23.00233
19.17097
26.46242
26.13270
27.95512
27.10128
26.30122
23.09250
1.62017
1.37168
1.46808
2.55528
2.16808
1.55433
1.37200
1.52437
1.52030
1.52318
1.52893
1.23758
0.91873
0.91835
0.91718
2.59077
1.11958
1.23482
1.22805
1.21700
2.39112
1.44273
1.60563
1.87190
1.98188
2.31987
2.79548
2.19567
2.60063
2.12830
4.73738
5.22558
11.80508
10.66147
6.77373
10.82623
11.37772
9.37515
2.27183
1.90230
1.99695
2.58987
3.64678
3.21228
3.22002
5.81272
1.51292
1.28518
1.26083
1.17445
0.92020
1.11698
2.12275
0.95882
0.97488
1.25640
1.25788
1.26005
1.26217
1.26212
1.32305
1.53695
1.53265
1.52650
1.52165
1.33655
2.11423
1.72803
1.25288
0.95532
0.92767
0.93043
0.93158
0.97910
1.24755
1.24975
1.25057
1.25377
1.24793
1.24697
1.24715
1.24788
1.24967
1.25093
1.24463
2.00910
1.96000
1.29573
0.97045
0.93483
0.93505
0.93598
0.96155
1.25115
1.25332
1.25428
1.25407
1.25567
1.25650
1.25538
1.25735
1.25750
1.26210
1.26357
1.26587
1.27135
1.27978
1.12075
0.91220
2.02320
1.21095
0.93498
1.17065
1.25287
1.25588
1.25783
1.25820
1.26090
1.26308
1.26628
1.27227
1.30435
1.32580
1.32500
1.33045
1.33370
1.11900
0.97762
0.98230
0.99057
0.99395
1.31348
1.31853
1.32413
1.33385
1.34475
1.36015
1.37890
1.40473
1.43370
1.44108
1.43522
1.42628
1.41767
1.40492
