5.20287
9.96822
11.52213
5.74168
6.45073
13.22433
8.57365
5.89695
10.19435
14.73203
6.42213
5.38870
12.07207
8.53157
6.04750
11.19750
14.38080
9.12263
10.91512
12.47027
7.24752
10.28078
15.51378
9.99375
30.68857
33.75317
38.02883
32.22905
31.18660
14.49882
16.80118
7.67812
5.64643
11.86898
8.25125
5.94435
8.84557
11.81812
5.27870
5.58312
11.63372
9.72572
5.46665
5.64383
11.99580
7.29730
4.71590
6.94260
11.94292
6.10482
4.72357
8.80503
12.22398
6.18870
5.72020
9.04862
11.51035
5.43230
5.28090
9.77475
11.21778
5.44083
5.92040
11.03940
9.60327
5.68287
5.43387
11.77392
7.73647
4.89770
6.72617
12.31497
7.14080
5.48015
8.36770
13.09482
7.17855
5.12008
6.19210
17.79955
29.65842
27.42697
27.97092
34.84728
24.46075
5.62760
6.43622
13.25927
7.92275
5.05443
6.29745
12.31202
6.54922
4.68378
7.72105
10.84268
5.46375
5.41608
12.50773
7.63800
5.23942
5.43277
12.33073
7.54078
5.60540
6.03070
12.48862
7.13893
6.10868
7.46693
12.79857
6.79997
5.29508
7.99988
11.86917
5.03858
5.20977
9.98038
9.92347
5.35572
5.52198
11.05238
9.49585
4.67328
4.76318
12.04747
6.84380
4.65320
8.69992
10.66222
6.07897
5.87043
11.63385
10.47102
26.34628
27.39672
32.41107
32.27468
25.35767
5.12828
10.27707
9.99182
6.23188
5.95570
12.04595
8.42848
5.08033
6.57955
12.03377
5.41657
4.94245
9.50595
10.47825
5.45355
5.58635
11.02722
10.06773
5.23762
5.33908
11.68705
9.66118
5.10662
5.66715
12.72132
8.57260
5.84795
7.57090
12.89990
7.45753
5.07462
7.48548
12.26665
5.58752
4.63305
9.02228
11.46603
5.68565
5.42692
10.97748
8.62265
4.98620
5.67405
11.66320
7.06280
5.13982
7.51822
12.50913
7.29168
6.54580
31.32647
35.53553
29.07892
13.16392
18.68463
27.59903
48.68663
51.08443
54.29892
46.29882
28.26367
9.33692
7.37692
12.25933
7.79600
7.10453
5.88867
11.61595
7.76337
5.66485
7.25243
12.33860
6.81240
5.02882
7.51217
11.92362
5.70343
5.14083
8.68287
12.07218
6.19962
5.80495
9.95885
12.40642
6.50368
5.12152
9.13942
11.37023
5.58080
5.22198
9.81617
12.22402
6.22990
5.98093
9.82552
10.85533
4.93050
4.71867
10.30537
9.27738
5.01740
4.80500
11.53340
15.99187
28.41677
28.17355
33.49187
32.10113
20.01448
5.24297
11.63298
9.21175
5.25060
6.61773
13.04897
8.15658
5.52818
6.72385
12.67160
6.72425
5.39933
8.04163
12.25873
5.64975
5.49570
7.80967
12.60097
7.09293
4.87208
6.49975
11.88438
6.88243
5.42138
6.83928
12.08438
7.76870
6.31897
6.68595
12.62730
7.78452
5.34897
5.13673
12.15217
8.52943
5.17312
6.49102
12.58512
6.63763
6.00563
