4.32445
3.93372
4.04275
4.35618
4.41093
5.17747
4.55490
4.48083
4.48783
4.14502
4.06132
4.05343
4.53282
4.85945
4.89602
4.89507
4.83830
5.21180
5.54108
6.60912
7.16272
7.26590
6.69612
6.56547
8.89515
8.05782
8.05247
8.76770
7.94970
7.93818
7.77723
7.44405
7.73307
8.58258
8.47297
8.08375
8.24250
9.11802
9.03248
8.41387
7.86667
7.49553
7.33668
7.92198
8.22773
8.34887
8.31048
8.47700
8.97565
8.85382
7.78122
10.49938
11.58603
10.20620
10.14455
9.03073
9.30890
9.11275
8.43933
8.69553
8.35995
8.54600
8.58578
8.61355
8.18693
8.67620
8.75887
9.20597
9.62602
8.64332
9.22837
9.18622
9.03577
7.43798
7.38133
10.07868
6.77815
6.21732
7.08713
6.30240
6.64670
8.54790
6.90672
6.85123
7.20778
7.66253
6.78588
6.23118
6.42280
6.59383
7.39560
7.56903
7.13135
5.44782
6.80185
5.60822
5.50095
4.93932
4.40617
4.41387
4.12805
4.16630
4.16142
4.25707
4.22613
4.18675
4.18402
5.20203
4.77015
4.60912
5.01782
5.17288
4.71827
4.78873
5.02273
5.22605
4.89097
4.47805
5.24007
4.81788
5.80882
4.10812
4.48202
4.55870
6.33802
4.73612
4.20813
4.22133
4.09153
4.26077
4.63112
4.58203
4.20798
4.23350
4.47148
4.07787
4.00977
4.80845
4.90460
4.75002
5.64005
5.90737
5.70942
5.22428
6.36937
5.82748
5.57917
4.13803
8.35230
21.73078
4.35378
4.66595
4.67683
4.77485
4.28043
3.82582
3.78962
4.48152
4.61455
5.12770
5.41347
5.35782
5.34075
5.44575
5.84290
6.12997
6.14290
6.24973
5.87365
6.07908
5.84907
5.92202
5.92617
5.87505
6.79948
5.82605
5.42600
5.88633
5.90307
5.98343
5.55607
5.49465
5.49742
7.66082
6.15238
6.03370
6.55688
6.85493
10.01610
9.28142
7.68623
9.58322
8.30387
8.43123
8.12692
7.50607
7.47902
7.02015
5.94155
5.90847
5.62312
6.09538
6.61698
5.68798
5.61390
5.72702
6.07265
6.08627
6.39092
6.15310
6.18842
6.10488
7.03452
6.81392
5.63345
5.54897
5.54258
5.46535
5.50698
5.55895
6.24523
6.29038
6.30062
7.24228
6.07725
5.51783
5.52232
5.61242
5.98810
6.83277
5.13537
4.47595
4.45222
4.37728
5.71587
4.49000
4.39807
4.85725
4.19755
4.05038
3.93142
3.94327
3.93200
4.02437
3.94515
5.44225
4.12257
4.47287
4.74920
4.85502
5.95135
5.06793
4.85422
4.37918
3.93612
4.39140
5.05403
3.94405
3.96432
4.04268
3.95480
3.94840
3.95640
4.73858
5.59212
5.91008
6.77045
6.72207
5.94545
5.99133
6.10280
6.10947
6.00663
6.30167
5.95988
5.95385
5.83850
7.14310
5.85348
6.21240
6.69993
6.68273
6.67602
6.67342
6.63023
6.27850
6.19887
6.35008
