1.21678
1.91715
2.64952
2.63907
4.24269
3.19064
2.62782
3.35767
4.62031
1.89367
2.14569
5.50148
4.00749
1.73641
3.72321
5.12053
3.34879
2.24874
3.85854
5.21029
5.17539
5.22784
5.18858
5.07089
1.51490
1.19368
1.36323
1.58558
1.65766
1.71847
1.66577
1.52709
1.53046
1.47001
1.23292
1.24677
1.26814
1.16786
1.16861
1.43343
1.57574
1.32596
1.33429
1.34053
1.30204
1.16587
0.84582
0.84737
0.84880
0.85225
1.12328
1.06198
0.98044
1.10605
1.03613
1.03956
1.03909
1.11469
0.73832
0.69213
0.69289
0.67418
0.66928
0.94523
0.98404
1.15841
1.06420
1.03779
1.03913
0.95535
0.68237
0.68204
0.68380
0.68309
0.69814
0.95109
1.03301
1.03483
1.03570
1.03754
1.04343
0.96099
0.67592
0.68003
0.68109
0.68362
0.71049
0.94373
0.94480
0.94389
0.94505
0.95066
0.95129
0.95269
0.65582
0.68171
0.68316
0.68388
0.73793
1.04895
1.03521
1.03766
1.04077
1.04125
0.94420
0.94188
0.61445
0.66075
0.68195
0.68356
0.70034
1.03768
0.94854
0.95008
0.94411
0.94045
0.94208
0.94283
0.63249
0.61503
0.80697
0.98877
1.65731
1.32657
1.18538
1.20335
1.29342
1.05723
1.14236
1.19902
1.03828
1.18106
1.36479
1.39222
1.35064
1.64741
1.45766
1.30173
1.31614
1.15167
1.16525
1.18827
0.90329
0.78107
0.82325
0.98406
0.98840
1.36991
1.61207
1.39292
1.17133
1.16602
2.48299
1.39658
0.99900
0.80286
0.76080
0.81649
1.38730
2.28980
2.56099
2.36795
1.55643
1.50857
1.50957
1.51231
1.39003
0.70162
0.80158
0.78214
0.69942
1.07229
1.22576
1.07998
1.07924
0.98326
0.95647
0.96555
0.75255
0.58085
0.57617
0.55793
0.56286
0.85505
1.05065
1.06096
1.05932
1.05717
0.98364
0.94367
0.75349
0.62488
0.65077
0.64960
0.65741
0.91634
1.07161
1.06140
1.07250
1.07270
1.05248
0.95357
0.77851
0.56629
0.55722
0.56232
0.56076
0.79473
0.94339
1.04924
1.06310
1.06217
1.06019
1.02683
0.93924
0.74934
0.74622
0.75993
0.75733
0.91308
0.97938
1.04344
1.08246
1.09195
1.09527
1.09211
0.84563
0.59288
0.58380
0.58238
0.58321
0.77230
0.96899
1.02909
1.07007
1.06747
1.06740
1.20185
0.97604
0.65566
0.65736
0.66673
0.56661
0.73511
0.95097
0.95003
1.06757
1.06998
1.07421
1.06322
0.99282
0.56616
0.57468
0.56228
0.56471
0.71481
0.95084
0.95642
1.05496
1.09284
1.15903
1.16719
1.09409
0.67833
0.65262
0.57457
0.58648
0.70463
0.96689
1.01891
1.31380
1.44949
1.41458
1.34561
1.30297
0.88746
0.86312
0.90661
0.84035
0.94275
1.30403
1.42341
1.58395
1.63552
1.66849
1.74703
1.72853
1.19627
