155.04768
177.40297
140.62800
144.25555
145.64680
144.00910
133.10290
134.83625
156.82458
157.61585
135.45135
139.94603
141.35702
131.81842
131.98362
138.06740
132.35318
143.88705
162.75997
141.03898
132.09473
130.74197
138.72130
137.54317
157.71762
168.35975
148.06113
131.39373
132.26392
139.65033
134.53433
134.17753
140.17678
144.18988
133.60997
159.12583
178.70218
143.53613
133.37347
138.80947
144.63438
143.13180
165.11777
143.18520
161.73183
138.64257
138.08693
143.80530
131.50565
130.22252
136.67742
162.06865
148.32017
139.16317
140.25230
136.48008
132.62022
130.86637
134.41605
159.66695
145.45237
139.28078
139.98522
152.07175
152.79757
128.63532
96.43315
91.60713
85.06807
83.39675
102.23833
93.89557
86.01688
90.22887
98.46222
116.34230
94.56362
92.24683
93.65467
92.21647
94.87570
98.13508
142.53465
97.10432
87.20047
87.72718
98.49273
123.29107
94.84202
91.99687
87.02748
92.30433
106.14310
106.42598
95.50567
100.94403
99.53495
90.65320
88.93485
98.75420
120.76552
99.55367
96.17442
96.90725
94.97372
89.78538
86.26875
88.72978
100.11485
128.28232
97.96667
92.35967
89.25497
96.83383
91.43287
90.89838
87.29108
128.18595
105.75942
96.79028
88.53730
91.24612
111.95990
108.54708
96.76108
125.18403
103.01842
96.07240
92.95885
100.20300
95.66773
93.14895
113.85975
120.00217
95.77387
96.55607
89.69540
98.80975
92.87283
89.83358
91.27112
97.93167
105.29880
124.28923
99.38885
91.21113
91.68045
96.71847
100.25460
92.14698
90.91848
119.70587
122.57925
90.79488
93.35515
92.82545
90.86465
95.56890
96.84648
91.74628
100.00967
127.21912
97.36142
95.85143
96.36978
92.65497
94.12357
116.41568
90.96895
98.21517
101.66430
97.75407
118.15447
104.84415
95.38335
97.75522
105.19893
99.52493
97.05692
106.79965
104.04377
99.37878
104.31707
96.16048
93.61407
100.95460
103.26338
99.01855
115.37157
128.23065
116.20073
128.19892
104.14460
96.73383
107.22438
103.61850
97.51343
106.70425
139.21113
106.05880
108.20213
105.42155
97.06453
100.25145
156.24028
169.31138
154.86005
150.80320
148.55537
158.86725
156.20197
147.93958
153.70892
151.28303
149.26388
157.11390
152.13542
144.29230
157.09657
158.84780
151.40968
165.23197
148.65738
144.35665
151.51717
150.32967
144.70992
170.65427
164.62385
154.62020
153.37953
154.09272
148.68580
152.41732
148.07002
145.74572
184.85727
161.61193
154.11035
153.42527
168.94847
152.76412
150.82250
149.22588
144.68540
156.05027
156.54493
151.46572
156.84845
153.70235
149.09857
152.03920
171.89337
146.83445
154.73867
157.94260
148.37490
147.09937
144.61192
141.33835
145.77712
143.29852
138.94407
162.23327
165.53425
145.85933
145.95233
147.85602
143.46058
144.13450
144.00042
139.80862
144.79473
153.04630
145.95760
156.37977
156.15042
157.21288
157.57107
144.56390
147.34147
164.42295
150.42627
147.59067
148.41120
149.23615
140.80848
139.48567
