39.38480
39.33270
39.36477
39.33477
39.34882
39.32310
39.27995
39.24497
39.23595
39.20402
39.23187
39.21927
39.19482
39.11807
39.18482
39.12085
39.07972
39.02267
39.11970
39.10867
39.06752
39.03832
39.16448
39.31667
39.38258
39.41868
39.43992
39.45740
39.41168
39.35707
39.32415
39.29498
39.32118
39.25610
39.22435
39.24128
39.23917
39.26818
39.20327
39.16347
39.11595
39.06725
39.12842
39.14935
39.10788
39.12847
39.17608
39.16960
39.13618
39.14847
39.17317
39.16333
39.21183
39.23838
39.26212
39.31317
39.32023
39.33932
39.36285
39.33702
39.33115
39.35018
39.57838
39.57325
39.40242
33.65988
11.45492
10.55127
10.54173
10.52438
10.50395
10.49448
10.49755
10.49128
10.48967
10.44948
10.44592
10.43917
10.43297
10.41487
10.39570
10.37625
10.39570
10.37870
10.35925
10.34595
10.33763
10.32502
10.32805
10.32843
10.32195
10.31818
10.31025
10.30512
10.30115
10.29453
10.29032
10.28575
10.28307
10.30630
10.26057
10.26668
10.25747
10.25757
10.34283
10.24703
10.25505
10.27708
10.27532
10.19728
10.33248
10.39392
10.41940
10.36770
12.20560
12.77815
12.74455
12.65448
12.63863
12.75185
12.70725
12.80832
12.72677
12.55480
12.69963
12.60775
12.55303
12.51035
12.60110
12.54023
12.53188
12.52675
12.55217
12.64360
12.62888
12.52467
12.53915
12.55803
12.54825
12.52900
12.52858
12.52777
12.52513
12.53503
12.53568
12.67485
12.56362
12.55157
12.55217
12.55772
12.56047
12.55022
12.54707
12.56450
12.65745
12.56952
12.57423
12.58702
12.59290
12.58473
12.63658
12.58078
12.59233
12.59645
12.60495
12.61070
12.74887
12.73470
12.63510
12.63967
12.63895
12.64983
12.77867
19.88120
20.05793
20.06853
20.08190
20.17242
20.12557
20.17353
20.18012
20.26390
20.29208
20.24448
20.40365
20.28118
24.28105
25.56722
25.50335
25.63960
25.55278
25.54160
25.64318
25.51530
25.38608
25.38953
25.38702
25.23338
25.39400
25.41787
25.40102
25.38918
25.28613
25.15653
53.61365
53.75370
53.59322
53.51508
53.45627
53.28953
53.33382
53.28043
53.28905
53.19323
53.20178
53.29718
53.25992
53.30302
52.95998
52.87933
52.75890
52.72442
52.77652
52.74373
52.84765
52.87405
52.82640
52.88258
52.89585
52.84820
52.91875
52.96083
52.97028
52.92623
52.96187
52.94635
52.85082
52.84998
52.74028
52.83992
52.90298
52.97338
52.93602
52.89333
52.83430
52.84162
52.83187
52.80705
52.80528
52.79105
52.63493
52.61858
52.59807
52.62328
52.62663
52.58887
51.48678
47.05378
47.04323
47.00082
46.99867
47.00755
46.98465
46.90453
46.89315
46.90492
46.93557
46.97217
46.95883
46.89673
46.84245
46.81817
46.79973
46.78018
46.73897
46.70812
46.66573
46.62407
46.63985
46.65172
46.57050
46.47180
46.53085
46.51343
46.48628
46.41628
46.38558
46.40093
