309.14887
318.74777
320.36970
308.13010
291.90027
302.15660
306.82505
314.44223
325.15793
323.16307
318.71012
313.44367
315.90323
309.16830
306.40775
309.24862
320.49663
322.88913
294.65540
307.87598
309.96022
303.89437
304.79660
324.80900
341.70538
319.26747
245.42312
256.90390
267.45490
275.14475
254.06925
241.32117
252.95292
259.43963
259.25385
273.82650
297.60718
289.99268
280.39265
278.86487
267.32642
265.32085
255.12085
258.77783
248.30480
265.54045
262.32700
238.79868
225.44177
224.55497
228.77892
233.24498
213.66242
210.81708
214.33427
222.17583
219.15470
197.10107
210.83583
210.53992
188.59490
164.37095
178.13317
175.03048
177.13192
161.69982
129.18868
116.91732
102.20722
107.95443
102.86987
94.35988
101.92060
107.90277
103.64910
103.69862
102.51265
91.50910
94.90568
95.19225
96.47690
91.35875
98.13148
93.03252
91.99225
88.86368
93.18887
93.71468
107.44732
120.46603
124.52923
109.51682
121.01452
105.16388
95.19003
96.61810
109.18583
119.35023
118.34910
106.39448
104.96115
99.43702
85.66438
93.39170
108.25742
110.54920
103.45808
97.81777
92.28475
96.50138
101.39842
99.49107
92.14327
89.85248
96.19723
102.99375
124.99900
129.53985
132.35958
131.80532
139.74028
146.30720
134.97700
128.78463
203.60880
226.48690
224.01912
227.69495
224.07490
232.60783
260.00405
256.51017
253.19003
242.10812
248.97620
254.91958
260.41938
245.35068
263.99137
250.91152
261.97643
280.87067
270.10520
276.54588
285.05103
268.05510
265.34957
272.68460
289.98425
283.47802
294.87992
283.50400
277.67453
260.47753
282.33025
300.56303
288.00732
273.32498
191.26608
202.15603
196.59245
209.61923
209.59732
210.92173
211.23103
212.23793
214.10712
203.92752
210.60425
220.11085
219.83835
222.42012
235.24662
240.12715
231.45897
231.11042
240.68700
250.21103
246.21455
247.18170
234.29037
236.96042
237.09402
244.49083
263.39342
256.18292
252.28887
260.59750
250.62902
255.38350
257.26355
235.69695
212.05675
217.74743
214.39543
217.09962
218.69720
193.28130
188.01250
187.32777
189.75982
198.70757
196.20458
191.82830
185.03575
182.67460
191.76892
176.25953
185.87898
191.54957
186.84388
188.21410
191.49820
188.95577
187.60717
188.25508
190.56417
187.92743
184.12798
187.00668
181.12948
188.54998
195.20432
193.53155
190.09785
183.75122
177.31050
185.44323
184.02362
187.47913
187.52852
195.83370
205.09553
209.33777
211.75552
201.57208
199.25488
201.74305
202.22448
184.97458
184.42962
175.08697
170.46828
189.15140
189.15335
181.28090
179.89128
171.12553
170.16433
183.45633
182.70453
174.77125
171.28670
181.92225
178.22130
173.73725
180.98517
174.64785
175.04840
180.98273
175.35538
172.67143
171.17318
165.60858
178.59115
186.02618
175.80147
184.27452
193.50530
191.87335
203.11758
205.74012
190.88195
186.12455
174.48652
175.40275
176.10880
185.39912
172.47090
159.33930
161.59683
167.84897
168.58925
276.10447
278.66028
284.00467
276.47083
282.61383
