2.10205
2.10060
2.10317
2.10135
2.10442
2.10148
2.09968
2.08998
2.08778
2.08592
2.08795
2.08045
2.08147
2.07667
2.07720
2.50292
2.59207
2.57187
2.58585
2.61708
2.61975
2.62052
2.63768
2.66378
2.63158
2.09632
2.10862
2.10582
2.10103
2.10043
2.09650
2.08997
2.08850
2.08490
2.07923
2.07008
2.26308
2.27038
2.27292
2.26402
2.32148
2.41323
2.86742
3.60840
3.64688
3.37952
3.58258
3.51118
3.16852
3.16477
3.18050
3.15675
3.16163
3.08500
2.50053
2.33468
2.06758
2.06448
2.33728
2.06912
2.06735
2.06505
2.06140
2.06653
2.06872
2.05813
2.05353
2.04830
2.06082
12.32020
5.09038
6.47732
8.87633
12.49400
11.99103
15.99095
7.12925
6.47860
18.98193
13.37153
3.21212
3.18587
2.68170
2.68718
3.72157
4.88990
4.89238
4.90058
4.56725
4.33023
4.33692
4.34267
4.35648
4.34243
4.34057
4.32038
4.33030
4.34805
4.35438
4.33230
4.38190
4.37148
4.38200
4.39765
4.40445
4.87818
4.90005
4.92712
4.95233
4.98282
4.96002
4.88697
4.91487
4.36110
4.30118
4.30205
4.36200
4.41743
4.34602
4.38825
4.38478
4.37612
4.41580
4.45288
4.44812
4.44675
4.46462
4.40722
4.40808
4.40110
4.39863
4.40763
4.40967
4.41612
4.42015
4.42510
4.42160
4.89555
4.93063
4.91725
4.95487
4.96795
4.97583
4.97010
4.94675
4.39782
4.38552
4.39255
4.39970
4.41340
4.42023
4.41808
4.42180
4.42118
4.42447
4.39680
4.39473
4.39553
4.39978
4.39877
4.39385
4.39395
4.39462
4.39852
4.40047
4.39893
4.37993
4.60252
4.80968
4.83218
4.83432
4.88455
4.87555
4.88678
4.93253
15.27695
9.97118
4.40140
4.36753
4.36942
4.36617
4.36537
4.35620
4.35180
4.34643
4.35697
4.35675
4.37415
4.36527
4.34838
4.32322
4.35605
4.36412
4.37363
4.37032
4.37612
4.36532
4.37193
4.36167
4.35108
8.03003
6.46492
14.15400
5.84207
5.79753
5.94653
6.35643
7.00020
6.75665
5.60773
8.23108
7.45300
6.84447
7.50550
7.49760
9.43277
9.77560
5.57473
6.48582
6.46927
7.62077
6.52812
10.31667
6.97675
5.31758
5.24458
3.13362
3.13235
2.12725
2.07752
2.07377
2.39343
2.57193
2.60180
2.61845
2.62002
2.63332
2.64095
2.65467
2.37987
2.07467
2.07635
2.07533
2.07787
2.07912
2.07380
2.07617
2.07273
2.07508
2.07545
2.07557
2.07415
2.07425
2.06983
2.07247
2.07062
2.07300
2.07025
2.07170
2.06810
2.07040
2.06513
2.28657
2.58608
2.61395
2.63322
2.63345
2.64465
2.65158
2.66218
2.68705
2.16880
2.08713
2.08412
2.08612
2.08505
2.08720
2.08613
2.08260
2.07795
2.07513
2.07290
2.07498
2.09477
2.09570
2.08940
2.08615
2.08332
