0.26543
0.16323
0.11707
0.15549
0.25904
0.25990
0.26149
0.26943
0.12745
0.11702
0.18648
0.25780
0.25941
0.26110
0.25042
0.18588
0.40067
0.61455
0.65831
0.65968
0.66120
0.62477
0.51418
0.51915
0.63967
0.66031
0.65987
0.66298
0.64329
0.51539
0.51700
0.61824
0.65488
0.65641
0.65531
1.95601
3.31695
0.59914
0.56362
0.61767
0.66581
0.63464
0.58906
0.59068
0.59284
0.55091
0.44694
0.44707
0.58257
0.58899
0.59032
0.59205
0.59492
0.59721
0.60773
0.45364
0.45603
0.55059
0.60024
0.60394
0.60879
0.63881
0.36397
0.27917
0.27999
0.28098
0.28268
0.28361
0.28572
0.33858
2.55309
5.16633
4.20436
0.81795
0.72129
0.62012
0.62425
0.44661
0.44710
0.45829
0.98195
0.92286
0.58875
3.74122
5.08507
5.02974
4.95676
4.96192
5.10128
5.10196
5.09322
5.11260
5.11692
5.02736
4.99828
5.02744
5.13901
5.14912
3.07788
0.63835
0.59608
0.52222
0.52036
0.66259
0.66055
0.66590
0.66420
0.64203
0.51484
0.51911
0.60346
0.63627
0.59159
0.59404
0.59863
0.49060
0.45355
0.47325
0.59562
0.59647
0.59850
0.60049
0.58602
0.45038
0.45305
0.53262
0.59541
0.59714
0.59845
0.60065
0.55672
0.45527
0.45620
0.55744
0.59803
0.59938
0.60241
0.58944
0.45714
1.44339
3.47875
0.60078
0.60281
0.60492
0.59921
0.46128
0.46362
0.53063
0.61021
0.61362
0.61813
0.67076
0.20421
0.14494
0.21122
0.32709
0.38173
0.62741
0.63334
0.50582
0.50476
0.59189
0.64699
0.64931
0.65283
0.53426
0.50395
0.54147
0.64474
0.64707
0.64200
0.59095
0.48105
0.48223
0.59498
0.62394
0.62552
0.63284
0.50247
0.48573
0.57543
0.68996
0.68730
0.68640
0.65394
0.55904
0.55522
0.69133
0.69234
0.68765
0.67597
0.51694
0.43042
0.47619
0.60054
0.67917
0.66244
0.68706
0.60971
0.55509
0.60843
0.68360
0.77694
0.78269
0.77421
0.78481
0.63779
0.63512
0.74295
0.76357
0.75854
0.76504
3.24044
2.52797
0.80602
2.16949
5.22284
5.20109
2.29634
0.81149
0.78227
0.81431
1.04820
2.28906
1.03416
0.57195
0.57244
0.64779
0.71429
0.71533
0.71712
0.71960
0.71845
0.57223
0.57207
0.64030
0.71540
0.71650
0.71815
0.71995
0.72160
0.72373
0.72489
2.46653
5.22978
5.22517
5.23340
5.23030
5.05371
5.07971
5.12121
5.63926
5.54459
5.20488
5.10185
5.10606
5.20749
5.23411
4.58636
0.70687
0.57727
0.55180
0.59742
0.69679
0.69541
0.69990
0.65724
0.55089
0.55138
0.67013
0.69486
0.69819
0.70146
0.59655
0.55225
0.58515
0.69560
0.69472
0.70167
0.67420
0.55322
0.55313
0.66049
0.70098
0.69817
0.70565
0.60783
0.58642
