1.75857
1.51319
1.59977
1.51661
1.73480
1.69735
1.83828
1.74995
1.72746
1.40242
1.28142
1.47011
1.43850
1.39392
1.45974
1.52271
1.33831
1.02280
1.11872
1.17172
1.23878
0.73592
0.72006
0.96645
0.67882
0.79522
0.73730
0.71045
0.66722
0.59538
0.61214
0.56938
0.73916
0.69021
0.73469
0.90072
0.66459
0.71487
0.56318
0.72842
0.46723
0.50215
0.48640
0.58615
0.62971
0.64092
0.70340
0.63571
0.70439
0.56634
0.51735
0.47058
0.49630
0.49229
0.46594
0.74669
0.67692
0.75041
0.72165
0.61832
0.63558
0.55809
0.72099
0.58121
0.61620
0.63272
0.80492
0.80250
0.87759
0.72387
0.81046
0.74774
0.78103
0.79161
0.81523
0.84469
0.68661
0.76871
0.73426
1.00636
1.14876
0.84595
0.82306
0.70906
0.69522
0.78889
0.65959
0.77914
0.75986
0.71484
0.69374
0.74845
0.58139
0.64189
0.59251
0.76064
0.89654
0.82958
0.70442
0.75645
0.70999
0.72940
0.65563
0.56148
0.68242
0.65048
0.72534
0.76082
0.73895
0.67681
0.72250
0.65148
0.62396
0.54955
0.66394
0.67537
0.74127
0.83627
0.71203
0.79034
0.66638
0.58949
0.75797
0.72333
0.82036
0.80416
0.94378
0.90830
0.89633
0.82367
0.90190
0.73725
0.80794
0.73775
0.85347
0.87318
0.98786
0.92580
0.90223
0.85921
0.78396
0.75552
0.71829
0.78179
0.79430
0.93674
0.94494
0.95271
1.04248
0.84961
1.18004
0.75093
0.74013
0.75120
0.87542
0.90401
0.92496
1.11704
0.92690
0.70659
0.82681
0.71775
0.78601
0.80309
0.95537
0.90429
0.95818
1.12371
0.80879
0.79684
0.68893
0.91759
0.94255
0.94904
0.89826
1.24573
1.31055
1.22458
1.44297
1.45542
1.30545
1.46575
1.68695
1.43094
1.60191
1.59672
1.10668
1.21165
1.22407
1.04554
1.47538
1.18748
1.27021
1.52783
1.20145
1.12745
1.37417
1.09759
1.09293
1.24653
0.79833
0.77263
0.91102
0.98115
0.67168
0.81501
0.83803
0.70062
0.85425
0.96757
0.71516
0.86505
0.93540
0.72587
0.69087
0.98648
0.71734
0.75122
1.00965
0.80421
0.76190
0.80651
0.87166
0.68844
0.84059
0.92102
0.77258
0.73302
1.08736
0.71279
0.64429
0.94054
0.76071
0.73032
1.13310
1.16626
0.71746
0.78238
0.84774
0.91378
0.69473
0.88016
1.07830
0.92580
0.92245
0.99177
1.24672
0.89679
1.14358
1.29016
1.06822
1.20396
1.68210
1.42218
1.36789
1.37071
1.11240
1.32503
1.19916
1.15576
1.42957
1.39152
1.24342
1.49519
1.14111
1.10916
1.30941
1.24995
1.17529
1.30033
1.51601
1.21749
1.15886
1.40857
1.15884
1.04493
1.38462
1.30829
1.21437
1.27293
1.44836
1.10857
1.20595
1.36947
1.11791
1.15724
1.46181
1.25430
