3.86012
4.08922
4.54238
4.13438
4.55772
15.22053
32.50795
17.81433
4.89053
3.82103
3.51658
3.66467
5.23955
4.60582
4.25462
3.20740
3.22755
3.78722
3.38650
3.17530
3.14090
3.35420
3.89820
3.98530
5.34480
5.26728
4.37125
4.70645
6.01908
5.66693
3.10423
3.25205
3.91020
3.54912
3.62408
2.75333
3.04477
3.51240
3.71903
3.08095
3.00918
3.43605
3.21132
3.00463
1.89148
1.03575
2.14155
2.19652
3.12572
3.77745
2.76082
1.71397
1.71652
1.41402
1.24367
9.81503
30.45712
16.85123
4.02047
3.87915
3.50067
3.91453
3.79468
4.16758
3.78880
3.99397
5.07072
5.16857
4.55458
4.26910
4.54857
5.19082
5.28118
4.02113
3.84423
4.17395
3.23603
3.06523
2.48597
2.35780
3.77995
2.52202
2.81185
2.14463
1.75198
1.78403
2.06077
3.52890
3.94753
4.54055
5.27612
5.50788
7.62768
5.84687
6.85870
8.18378
7.43013
5.90652
5.96745
6.09432
6.63677
6.98893
5.86898
5.37418
5.93202
6.05485
6.30237
6.61832
13.73057
13.03293
5.57562
4.68128
3.90273
3.74342
4.14228
4.67137
3.41078
1.80432
1.83647
2.41438
2.42170
1.87750
1.33472
1.34223
2.06523
2.51532
2.27282
1.82548
1.86918
2.59973
2.65412
2.35768
1.56130
1.52583
2.42743
3.64160
2.97073
2.38183
3.16712
3.21865
2.69428
2.27863
2.32032
2.38375
4.20253
4.44427
2.82325
2.10367
4.84342
5.06443
4.72142
5.76382
5.37692
5.44230
6.04070
5.39688
3.20085
1.44213
1.85397
2.15255
2.17325
2.64375
5.10525
5.49730
11.31950
11.30550
4.25187
4.32580
4.93337
5.21617
5.11978
4.61300
3.99377
4.20048
4.53193
4.83865
4.43572
4.13963
3.97895
5.03632
16.10687
28.64465
4.50012
4.47763
4.57782
5.31852
5.20453
5.42695
5.02812
4.83988
4.83800
3.88647
4.19082
4.27480
6.95028
6.41702
5.55530
4.58067
4.47385
4.47233
22.93747
22.51412
4.52790
4.45715
4.21128
4.88995
4.76275
4.14998
4.16813
4.32537
4.87703
4.91122
4.12042
4.32095
4.79050
5.12325
5.25278
4.20553
14.69158
25.75077
5.04008
4.80613
4.04343
4.17538
4.74622
4.58920
4.73878
4.02357
4.17577
4.70368
5.06602
5.05067
4.63072
4.77128
16.89095
18.88275
6.27435
6.38172
6.91737
6.97943
7.38085
6.91047
6.70223
8.09882
10.05855
8.21598
5.82682
6.27253
6.64975
6.98892
7.03332
6.35380
6.62502
6.84037
6.65715
6.59667
5.87442
5.64945
6.37117
6.53765
4.94928
3.61498
4.13578
4.24387
27.09087
23.09388
4.59000
4.57567
5.04873
5.07218
4.61422
4.38985
4.44448
4.68463
4.67788
4.10173
3.94270
4.43313
4.65275
4.68352
4.02625
4.17247
4.89727
5.87535
5.72302
5.37002
6.06822
3.75873
