4.05850
4.35580
4.37487
4.39505
4.41637
4.58502
3.69005
3.66722
3.67092
3.71190
3.77778
3.03410
3.17502
3.18178
3.19117
3.19890
3.20673
3.14617
2.42350
2.42820
2.42637
2.42003
2.43203
3.36693
3.28782
3.17768
3.18980
3.20642
3.21942
3.21778
2.45535
2.88885
3.61692
3.62890
3.64412
4.34140
4.32800
4.28695
4.28015
4.28228
4.21975
4.03507
3.46470
2.06357
1.43950
1.39060
1.51702
1.13402
1.26947
0.99933
0.91515
1.15925
0.77898
0.11318
0.23883
0.59597
0.55985
0.69727
1.07638
1.14940
1.92427
1.66968
2.45785
1.60362
1.53420
1.73482
2.27752
3.16113
4.50747
5.24673
5.93182
7.12125
6.09832
6.46835
7.15205
8.10213
7.83797
8.24563
11.43198
11.00933
12.69965
4.76832
3.40035
9.41710
12.57352
12.30183
4.34242
2.40242
0.96290
1.72858
4.40928
10.54112
13.33402
11.01110
6.51745
12.24035
9.93683
10.10883
12.36622
12.76995
9.30630
8.62935
8.81447
10.85497
9.63623
8.20938
10.52065
15.64823
17.56803
14.17187
13.25585
13.87120
13.26233
13.08818
12.39747
12.58025
13.41758
13.79968
14.07595
14.66845
14.73712
14.83882
14.91090
14.76470
13.99743
13.53940
12.47158
9.08840
8.59117
8.89520
8.93190
9.36073
8.74730
8.93895
8.99047
9.26592
9.90402
9.33965
9.40763
9.42640
9.55635
8.95818
9.92080
9.63947
8.58997
7.40795
8.12207
7.29005
6.38145
6.58747
5.15527
0.93327
0.54923
0.76472
1.05367
3.72407
2.41903
1.36558
6.88075
4.79698
6.02322
4.66280
3.34950
5.21875
7.36238
8.57332
9.21977
13.91463
6.98755
5.38460
5.98915
5.82010
8.42293
6.00058
6.47055
7.07085
6.21235
5.81852
6.91923
6.77195
7.24922
7.09328
6.89448
6.08453
8.23407
5.65370
5.68172
5.51990
5.49225
6.16787
6.21070
5.98757
6.76190
5.48730
8.58718
6.00915
3.12258
3.13865
3.15928
3.20570
3.21512
3.58128
2.83593
2.65658
2.66818
2.67918
2.41412
1.91593
1.91707
1.90693
1.90183
1.90072
2.22048
2.64813
2.66033
2.67392
2.67815
2.46805
1.91482
1.91507
1.91825
1.90995
1.91275
2.20407
2.64788
2.65608
2.67610
3.65950
3.74228
3.12277
3.13715
3.15098
3.16863
3.19250
3.47693
3.84773
2.66342
2.67192
2.67990
2.57263
1.90962
1.91420
1.91478
1.91663
1.91382
2.16415
2.93320
3.94723
4.72647
6.83352
6.07350
5.56553
5.46988
5.52638
5.46468
5.58932
5.92617
6.25035
6.23740
6.28055
7.09037
8.49778
8.23732
8.22712
8.39947
8.31410
8.29687
8.56857
9.08642
8.23847
7.60518
7.35112
7.27998
7.02437
6.41410
6.70540
6.76147
6.71697
6.85228
7.12222
7.22133
7.66927
7.82130
7.81972
7.12700
7.08422
7.04280
6.87833
