1.09104
1.09329
1.02169
0.96766
0.89396
1.00446
0.95284
1.65036
1.67153
1.39552
1.13390
1.16591
1.09701
1.02431
1.08338
1.42794
0.95520
1.14997
1.05234
1.03812
0.93915
0.93140
2.29405
1.82153
1.75084
2.16968
2.40999
2.38115
1.79931
1.35997
1.30566
1.29139
1.55409
1.55917
1.49142
1.35617
1.21103
1.18020
1.16119
0.88327
1.22280
0.75078
0.68169
0.47563
0.45974
0.45778
0.45773
0.67339
0.71502
0.69773
0.62131
0.51679
0.45895
0.51079
0.59537
0.64214
0.61102
0.61423
0.42976
0.45365
0.50620
0.41770
0.57129
0.60028
0.60245
0.53052
0.51918
0.41675
0.41759
0.60967
0.59021
0.59143
0.72778
0.53168
0.49309
0.66719
0.69805
0.88371
0.77651
0.78627
0.47626
0.42131
0.42346
0.42772
0.57118
0.70174
0.63063
0.57797
0.44338
0.44412
0.44669
0.57544
0.65305
0.62991
0.62857
0.41656
0.33997
0.74916
0.83584
0.60975
0.60808
0.59234
0.45293
0.48449
0.49812
0.52431
0.58191
0.57679
0.57704
0.43779
0.44979
0.47320
0.39974
0.50853
0.57766
0.57806
0.47284
0.48822
0.43479
0.40065
0.47516
0.57658
0.57794
0.52067
0.50235
0.41596
0.40227
0.44922
1.04334
0.73795
0.55791
0.50337
0.40534
0.40122
0.41821
0.58031
0.58482
0.61045
0.50314
0.52450
0.88267
0.45905
0.56171
0.58529
0.61972
0.52305
0.78964
1.14463
0.50712
0.53552
0.74793
1.08829
0.59498
0.42608
0.41160
0.45984
0.64015
0.64901
0.79362
1.51846
0.51694
0.63437
1.12825
0.45208
0.54549
0.54910
0.57957
0.72173
0.62731
0.83437
0.41079
0.46718
0.47447
0.68264
0.79992
0.35448
0.69238
1.29337
1.15820
1.20991
1.25517
1.81563
1.53414
1.65989
1.37388
1.33320
1.76134
1.44754
1.01577
0.92209
0.92055
0.92310
1.02756
1.10757
1.20475
1.10651
1.46887
1.03069
0.92783
0.99501
1.11811
1.21452
1.09195
0.93122
0.93071
0.93348
0.95294
1.27182
1.36041
1.26471
1.07196
1.07268
1.06911
1.06965
1.26658
1.34410
1.25315
1.14190
1.06902
1.07073
1.07032
1.21291
1.33041
1.25472
1.21765
1.07178
1.06942
1.06766
1.16571
1.30130
1.25183
1.25212
1.07261
1.06389
1.06316
1.16053
1.24721
1.24420
1.54609
1.47525
1.74829
1.55421
1.56909
1.72821
1.62813
1.84517
1.77476
1.69721
1.89499
2.78901
2.86589
3.79206
2.87896
4.14016
2.14128
4.58890
2.63779
4.54245
5.24483
2.34831
0.68324
0.54516
0.53165
0.55840
0.56630
0.52576
0.62053
0.62805
0.64517
0.54555
0.44224
0.50303
0.53411
0.70769
0.70995
0.83911
0.72391
0.57141
0.53154
0.54323
0.77945
0.89346
0.97435
0.91118
1.30949
1.74231
1.74686
1.93932
