0.83640
0.82041
0.82994
0.90689
0.95347
0.86334
0.86849
0.93973
0.94637
0.94888
1.30208
1.04271
1.23089
1.57661
1.24335
1.15303
1.04744
1.06796
1.15937
1.11074
1.12555
1.04727
0.89101
1.16448
1.09293
1.08913
1.04632
1.15041
1.37995
1.44946
1.51295
1.30806
1.19843
1.32541
1.08300
1.18076
0.90363
1.02285
1.02886
1.03285
0.94421
0.94669
1.14506
0.84292
0.82859
0.81800
0.81165
0.91091
1.02851
1.04236
1.14738
1.14123
1.13220
1.01674
0.99697
0.92006
0.94742
0.91113
1.00938
1.04659
1.11629
1.06528
1.38904
2.13115
2.48106
1.17566
1.25250
0.96991
2.55975
2.37129
1.46314
1.44778
1.31243
1.16793
1.11116
1.97924
1.08807
1.09537
0.98307
0.81067
0.89076
1.44010
1.15433
0.54725
0.68240
0.63209
0.62045
0.63278
0.70937
0.57446
0.48034
0.50414
0.42064
0.47572
0.41864
0.53792
0.57468
0.63058
0.63847
0.76307
0.76890
0.77840
0.61033
0.62107
0.51130
0.48636
0.64735
0.70274
0.68114
0.58979
0.59830
0.58967
0.49318
0.37239
0.41722
0.40773
0.32671
0.43797
0.55735
0.62009
0.63795
0.66876
0.75669
0.56639
0.96819
1.30871
0.98781
0.53813
0.50042
0.58924
0.58894
0.58953
0.63760
0.69586
0.64691
0.67562
0.63892
0.57927
0.58855
1.05305
0.70823
0.70765
0.71699
0.82196
0.76207
0.60788
0.60248
0.59472
0.59701
0.54276
0.53119
0.68845
0.62363
0.63015
0.63294
0.65555
0.81077
1.25084
1.07965
1.08440
1.08411
2.24450
1.12531
1.21671
1.28917
1.25292
1.11900
5.51801
3.46100
1.04060
1.03928
1.01907
0.91367
0.98412
0.96913
5.24550
6.02896
6.09393
6.10045
1.14139
0.55331
0.55706
0.58152
0.42417
0.39298
0.55289
0.91287
1.06956
0.84381
0.79325
0.53891
0.51115
0.38433
0.37541
0.37624
0.38138
0.49844
4.89560
4.92019
4.93903
4.99256
5.17695
5.11558
1.73066
0.38825
0.40934
0.49089
0.37653
0.29042
0.24555
0.31724
0.32792
0.39282
0.32956
0.21661
0.22855
0.29048
0.29055
0.29105
0.29129
0.34206
0.40778
0.36127
0.32187
0.40054
0.21520
0.19821
0.19637
0.19634
0.19623
0.26187
0.35032
0.41292
0.41846
0.42582
0.35962
0.28157
0.20068
0.19893
0.19877
0.19886
0.19754
0.34136
0.40748
0.41178
0.36278
0.32930
0.20269
0.26979
0.20582
0.19836
0.25241
0.43434
0.54458
0.57017
0.57335
0.57566
0.56149
0.44325
0.35402
0.44406
0.43876
0.43933
0.43988
0.55889
0.56233
0.58605
0.66063
0.63719
0.55757
0.55754
0.43606
0.41446
0.36172
0.37623
0.47402
0.47463
0.47554
0.50777
0.51546
0.44619
0.44772
0.35099
0.35083
0.38385
0.44374
0.47122
0.47239
