0.77518
0.77590
0.77365
0.77331
0.77417
0.77799
0.77470
0.80398
0.86066
0.86821
0.87839
0.81850
0.78113
0.77925
0.78309
0.77505
0.77428
0.77510
0.77432
0.77709
0.85971
0.86672
0.87496
0.86966
0.87399
0.80513
1.18338
0.77941
0.78599
0.77601
0.77467
0.77333
0.77340
0.77577
0.79729
0.77480
0.77487
0.78019
0.77623
0.77373
0.80047
0.86212
0.86589
0.86667
0.87389
0.86076
0.78526
0.77641
0.77503
0.77323
0.77391
0.77140
0.77101
0.77348
0.77042
0.77062
0.77161
0.77625
0.78957
0.78893
0.78662
0.85679
0.86955
0.87281
0.88119
0.88370
0.88709
0.78782
0.78455
0.78733
0.80368
0.78393
0.78301
0.77996
0.77791
0.77577
0.77958
0.77520
0.77665
0.77933
1.19731
0.77761
0.78173
0.77778
0.77551
0.77833
0.77981
0.78049
0.78488
0.80774
0.86737
0.86336
0.87077
0.79533
0.78122
0.77777
0.77617
0.77938
0.77814
0.77741
0.77921
0.77663
0.77905
0.85454
0.86582
0.87341
0.85053
0.78292
0.78303
0.78554
0.78879
0.78176
0.78191
0.78413
0.78104
0.78278
0.82061
0.86568
0.87356
0.86673
0.77727
0.77662
0.78218
0.78541
0.79504
0.77688
0.78087
0.77579
0.78127
0.82087
0.85848
0.94318
1.18268
0.77772
0.77775
0.78281
0.77161
0.77650
0.77997
0.78177
0.77228
0.77685
0.84382
0.86095
0.87055
0.83561
0.77477
0.77833
0.77757
0.77692
0.77763
0.77468
0.77450
0.77584
0.80144
0.86269
0.86108
0.86942
0.79060
0.77672
0.78045
0.77247
0.77430
0.80324
0.80865
0.81097
0.78112
0.84418
0.86415
0.86743
0.82062
0.77005
0.77245
0.77057
0.77203
0.76963
0.76830
0.77268
0.78923
0.81113
0.85324
0.85401
0.84511
0.76333
0.76311
0.76662
0.76474
0.76578
0.76903
0.76510
0.77466
0.76671
1.31426
0.86719
0.85700
0.81039
0.76416
0.76794
0.76913
0.76978
0.77140
0.76877
0.77485
0.77271
0.77901
0.85513
0.86188
0.86836
0.79888
0.77631
0.77422
0.77289
0.77045
0.77059
0.78584
0.77109
0.77294
0.83550
0.85579
0.85756
0.82675
0.76700
0.76660
0.76636
0.76758
0.76482
0.78041
0.76313
0.76367
0.77524
0.85003
0.85729
0.86591
0.79466
0.77065
0.77169
0.77048
0.77283
0.78125
0.77541
0.77743
0.77520
0.84106
1.25143
0.87037
0.82955
0.77312
0.77168
0.77411
0.77164
0.78485
0.77309
0.77025
0.76966
0.82718
0.85632
0.85909
0.82967
0.76840
0.76638
0.76692
0.76759
0.77425
0.76604
0.76810
0.76708
0.81518
0.85411
0.85891
0.84753
0.77669
0.77328
0.77347
0.77392
0.78056
0.77098
0.76868
0.77038
0.82003
0.86507
0.86821
0.85233
0.77727
0.77826
0.77944
0.77719
0.79113
0.77637
