7.34568
7.17728
7.19172
5.06708
4.77225
6.85802
6.89862
8.14817
7.05422
10.66005
9.11230
7.47367
8.14980
7.26095
7.48783
10.13502
8.78533
8.91472
7.91155
6.63333
6.54608
5.18498
5.06698
4.63783
3.54460
3.95620
3.39502
3.99635
4.45803
5.21040
6.79662
7.98298
7.63003
5.70895
8.35252
7.85913
5.90442
7.49070
7.01253
7.62915
7.92588
7.56792
5.49020
6.79805
6.23872
5.59892
5.66037
6.31580
6.61300
10.40587
3.51063
4.35390
5.18703
5.09258
5.75780
7.31628
3.29913
3.60897
6.76722
4.80228
5.12253
4.65867
1.76395
2.14117
1.76995
1.91088
1.63000
3.02558
3.97635
4.02035
4.15572
2.69448
3.11875
2.60892
1.98107
1.50947
2.49833
2.63417
2.55647
2.64768
2.95325
2.78248
3.64147
2.89875
2.65330
3.55640
3.46283
2.58015
2.64240
2.44762
1.88013
1.95190
2.36507
3.17765
3.19250
4.57272
3.67228
3.90398
2.69528
1.44927
1.44892
1.91288
1.53637
2.20507
3.24995
3.69757
3.35663
2.93400
3.20227
3.03070
2.34862
2.38690
3.42455
2.71057
2.45115
3.07355
3.43737
2.47447
3.02802
2.60617
2.91128
3.35467
2.03295
2.40920
2.43510
2.67253
2.41130
2.38075
2.72978
3.12927
2.57192
3.39308
3.35892
4.43977
3.62693
2.79723
2.61045
1.65010
2.84552
1.62037
2.24825
3.45763
3.21677
3.97003
4.39583
4.85963
4.00765
3.43597
3.85782
3.72277
3.89897
3.81513
4.56327
4.75755
4.91552
5.13963
4.73363
5.58808
2.85357
2.24083
3.21147
3.68983
4.16745
5.19478
5.13018
6.12483
5.12093
5.24378
5.43902
5.52568
3.70980
1.94333
2.75673
4.29813
5.64285
5.50458
4.52547
3.44400
3.90617
3.30230
3.57808
5.63535
3.65950
2.78003
2.81265
2.13895
2.48558
3.81697
2.59202
3.10543
4.19685
5.41317
6.06403
6.31490
6.20762
4.94958
5.07773
5.05192
4.98210
4.85442
3.71725
4.55488
4.60058
4.72240
5.37202
7.37720
6.25102
4.95857
3.80863
4.26330
3.30550
2.91310
3.28383
3.56317
3.75462
2.78788
3.39580
3.97813
5.57317
4.68492
4.48720
5.53068
5.71577
3.77068
4.12857
4.22565
3.70890
3.86463
3.43550
3.89287
3.71707
6.08155
4.50670
3.45640
3.13167
3.21547
2.66298
1.88442
1.87937
4.35873
4.21080
3.94103
4.67193
5.10720
4.97045
5.62355
4.79777
4.02828
4.07598
4.19807
4.52157
5.21078
5.20380
5.27148
4.71472
5.37348
4.77778
4.83183
2.97343
2.64508
2.73138
2.75418
3.10898
4.75177
4.74323
5.20777
4.87305
4.11342
3.07343
3.44452
4.60180
3.47473
2.75045
2.27457
2.22972
3.51152
3.31240
4.94543
4.52195
5.51110
7.15460
7.49233
9.22073
7.50053
5.34947
5.28560
5.11222
5.19618
