0.41022
0.41804
0.54131
0.54717
0.46024
0.40985
0.41070
0.50865
0.59890
0.56745
0.44921
0.43801
0.44759
0.53952
0.54837
0.42937
0.40824
0.40739
0.53111
0.51418
0.42547
0.34965
0.35086
0.41028
0.48247
0.49310
0.35868
0.35176
0.36489
0.69371
0.72079
0.65325
0.58203
0.58167
0.67201
0.71719
0.73372
1.08220
0.86131
0.88891
0.99407
0.99766
0.94297
0.85961
0.83802
0.90533
0.97120
0.97863
0.84413
0.85327
0.79547
0.90391
0.91336
0.81067
0.53134
0.52731
0.62591
0.65161
0.60148
0.50437
0.48499
0.49339
0.54189
0.50689
0.33652
0.27040
0.27167
0.40468
0.41666
0.33722
0.32282
0.22319
0.26401
0.24678
0.15829
0.01381
0.05395
0.11549
0.15767
0.07914
0.14939
0.13203
0.29289
0.42749
0.49129
0.46668
0.40398
0.46423
0.56723
0.65159
0.69952
0.68036
0.76702
0.85782
1.09422
1.24251
1.27697
1.32863
1.33394
1.18853
1.49362
1.70331
1.71087
1.43272
1.38543
1.79181
2.07290
1.28971
0.75251
0.51699
0.46498
0.42504
0.36686
0.44300
2.31880
1.24291
0.84262
1.01762
0.65301
0.50097
0.48217
1.29333
1.12044
0.84927
1.45372
2.42895
2.41702
2.73735
1.93397
1.99650
2.71584
2.29832
1.35862
2.75690
2.62028
2.63615
2.70997
2.79481
2.79057
2.71531
2.66471
2.80817
2.81725
2.82672
2.81882
2.78571
2.68605
2.65903
2.75006
2.76122
2.74012
2.67215
2.59963
2.60140
2.69461
2.66659
2.58132
2.44528
2.41323
2.52990
2.50656
2.41979
2.27834
2.29680
2.31202
2.00365
1.98746
1.90575
1.93334
1.63884
1.73531
1.56545
1.53958
1.56194
1.37627
1.57980
1.31949
1.05961
1.03311
1.00884
0.97567
0.95272
0.78758
0.52975
0.50085
0.45460
0.39876
0.31113
0.16871
0.02530
0.05834
0.01282
0.09106
0.18331
0.34860
0.38015
0.36072
0.36337
0.26955
0.37719
0.38002
0.31601
0.13306
0.10319
0.29431
0.31969
0.36004
0.31515
0.31310
0.31070
0.30961
0.36941
0.44295
0.33112
0.31069
0.31096
0.31094
0.31085
0.38572
0.44866
0.42884
0.31605
0.31638
0.35404
0.44599
0.44654
0.31308
0.31350
0.35583
0.44596
0.45545
0.31374
0.31505
0.30878
0.30916
0.30909
0.30906
0.37635
0.44472
0.41952
0.30864
0.30873
0.31238
0.31355
0.42713
0.44956
0.37500
0.31336
0.31428
0.39700
0.44798
0.40938
0.31401
0.31298
0.31906
0.44403
0.38805
0.31003
0.31060
0.31068
0.31013
0.36092
0.44641
0.38925
0.31153
0.31345
0.34179
0.44515
0.45400
0.32700
0.31259
0.32120
0.44376
0.44817
0.37759
0.31546
0.31203
0.31021
0.34072
0.45185
0.37872
0.31094
0.31009
0.30935
0.31006
0.39350
0.44947
0.42960
