3.03367
3.06460
4.37407
4.66723
5.11602
4.84288
3.88607
3.55903
2.57025
2.05992
3.38848
3.40555
2.99080
2.54137
2.55017
2.55677
3.12968
3.19075
3.42637
3.35645
3.36018
2.90338
4.06547
4.71735
4.54107
4.42003
4.65405
4.68718
4.87135
5.34145
5.77135
7.48003
10.13413
7.61800
3.08515
3.53008
3.89513
5.81235
4.04163
2.24450
2.45067
2.53062
2.19503
2.47502
1.75133
1.84027
2.28398
2.56135
2.72762
2.70640
2.49270
2.40967
2.28647
2.66150
2.52158
2.56263
2.25055
1.06212
1.07428
1.06623
1.62383
2.47523
2.50953
2.14138
5.49418
5.20677
2.06383
2.50742
2.52342
2.20390
1.93855
1.86195
1.07217
1.65580
1.89975
1.95513
3.27222
5.76543
4.92417
2.38510
2.73808
2.75523
2.39058
2.18713
2.17823
2.22070
2.29403
2.27972
2.37677
4.41685
5.29858
5.66223
5.88798
6.45770
6.32377
6.37353
5.78670
6.19403
6.28718
6.82900
6.63038
6.17808
6.33898
5.73403
5.61508
6.08613
6.51697
6.71975
6.73955
6.62802
6.08780
6.11795
6.15990
7.13992
13.79015
18.69842
19.55122
22.55375
18.82183
13.16715
12.33038
18.03687
17.55580
21.97937
25.64835
7.37965
6.12645
4.41427
7.46952
7.90705
19.51290
16.93925
20.74785
21.42897
18.53292
22.82770
18.71537
3.36117
3.29212
5.77057
3.52587
3.57273
2.53798
6.62827
5.24763
7.70543
5.33353
3.67093
6.83260
6.17607
2.98867
2.34427
4.87895
2.85383
3.52145
6.37883
4.03970
4.19525
5.28670
4.39053
6.32167
7.12797
3.42358
3.13770
3.41507
3.73555
3.28692
6.56083
5.14725
2.26500
1.24328
2.11020
4.75295
2.57797
1.53437
1.51297
1.51795
1.51983
1.85325
2.19185
2.13298
0.98392
0.71422
2.41328
4.79498
4.18743
2.00512
1.51097
1.52377
1.53878
1.95762
2.24190
1.59467
0.71518
0.71537
0.71625
1.44465
2.14140
1.95852
1.52648
1.53923
1.55953
2.08180
2.08250
1.13830
0.71813
0.71700
0.75095
2.03363
2.15333
1.92658
1.53435
1.54982
1.57730
2.17212
1.66795
1.23735
0.72050
0.72003
1.12383
2.12533
2.16077
1.87413
1.54353
1.55665
1.60018
2.27168
1.45997
1.02963
0.72070
0.72103
1.36642
2.14273
2.15952
1.80630
1.53810
1.56775
1.75563
2.33345
1.58318
1.03300
0.79392
0.79408
1.49780
2.21273
2.23475
1.79325
1.60340
1.61763
1.84850
2.34895
1.96083
1.00827
0.83518
0.83420
1.36930
2.25067
2.27358
1.78838
1.63752
1.65210
1.94923
2.32425
2.39573
1.10147
0.83040
0.83090
1.12938
2.08042
2.27503
1.80392
1.79752
1.80283
2.12885
2.46272
2.51247
1.99100
0.99730
1.00155
1.28752
1.60325
2.53002
2.00357
1.75470
1.90672
2.96975
4.32643
5.49565
