1.09972
1.09943
1.09980
1.10145
1.10095
1.10053
1.09457
1.24320
1.89763
1.92068
1.94225
1.51952
1.11107
1.10803
1.09912
1.09438
1.09525
1.09707
1.09888
1.54598
1.90145
1.91240
1.93283
1.21932
1.09338
1.10072
1.10163
1.06625
1.03623
1.04097
1.04707
1.75057
1.86725
1.88708
1.82108
0.99618
0.93488
0.93913
0.94078
0.94102
0.94277
0.94355
1.08332
1.75150
1.76472
1.76982
1.41202
0.93928
0.93975
0.94232
0.94752
0.95098
0.95322
0.94687
1.38677
1.77862
1.83097
1.80167
1.16762
1.02377
1.01763
1.01130
1.01692
1.01303
1.02123
1.02860
1.76853
1.86177
1.91665
1.80198
1.13705
1.13962
1.14010
1.11777
1.02875
1.10620
1.13967
1.39485
1.96432
1.94097
1.87062
1.42592
1.00790
0.99392
0.98302
0.97935
0.99477
0.99617
1.00622
1.61758
1.85930
1.88222
1.93180
1.21165
1.13257
1.14228
1.13348
1.12928
1.12757
1.12170
1.29062
1.93338
1.94568
1.98710
2.19588
1.15047
1.23055
1.20680
1.21087
4.73837
3.02592
1.78257
2.04982
2.04573
2.06885
2.07705
2.12243
2.14890
2.18708
1.67778
1.22742
1.20980
1.21502
1.20127
2.16135
4.00357
2.48452
1.18570
1.19052
1.18235
1.19898
1.18698
1.18003
1.17498
1.40200
1.97675
2.05900
3.40105
2.71213
2.46565
1.83622
1.03608
1.00787
0.99913
0.98953
0.98313
1.56160
1.78153
1.79328
1.53298
0.97262
0.96543
0.96820
0.97735
0.98088
0.97898
3.45725
3.37468
1.77623
1.78740
1.82433
1.00168
0.97467
3.44930
3.10328
0.97953
0.98347
1.17192
3.92420
3.84088
1.78667
3.83622
4.59647
1.30388
2.33858
4.20627
4.23495
4.29537
4.07425
4.11742
4.12210
1.96425
1.92262
1.69192
1.10567
1.11505
1.11522
1.10650
1.09993
1.09880
1.19118
1.35127
1.92400
3.82602
4.00580
3.17848
3.18027
3.18708
3.17822
3.17368
3.17378
3.18782
3.18883
3.98538
4.00298
4.02637
3.49295
3.18468
3.18560
3.18153
3.19612
3.19097
3.18763
3.20243
3.73875
3.99837
4.01847
3.78048
3.19495
3.19372
3.17653
3.16257
3.14912
3.16475
3.19095
3.12132
1.97545
1.97225
2.00333
1.20218
1.15880
1.15627
1.15407
1.14798
1.15125
1.15175
1.15947
1.94553
1.97085
2.06442
1.59202
1.16722
1.16757
1.17220
1.16760
1.17038
1.17075
1.16840
1.63032
1.99117
1.99982
1.97430
1.17275
1.17197
1.17155
1.17473
1.69110
2.86448
2.87273
3.22175
4.68067
4.64823
4.66212
4.13508
3.88207
3.92332
3.92812
3.92627
3.91775
3.92800
3.91925
4.53993
4.74480
4.74768
4.57262
3.93700
3.91735
3.86802
2.41750
1.98652
1.97827
1.97805
2.26370
2.79947
2.81330
2.82828
2.13388
1.97792
