1.68102
1.81110
2.05452
2.02920
3.59730
6.36352
13.06932
3.71123
4.08790
3.90988
5.80093
17.99810
4.59553
9.27893
9.62028
24.55072
8.49185
14.56470
7.53105
15.62448
31.56288
26.87043
13.20355
18.74710
4.15102
10.02750
14.37308
25.08982
9.93968
24.38602
25.14128
24.51947
24.08223
24.73052
26.53917
11.26423
1.65870
1.54060
1.74318
1.85982
2.13667
2.94045
3.52817
3.71767
3.71060
5.04473
22.48948
6.32952
3.28015
2.77310
2.40550
2.75083
2.85343
3.38858
3.06405
2.83897
3.66213
2.68223
3.04005
2.70387
2.96582
2.75620
3.05603
3.67368
3.09063
3.28370
4.27690
14.26647
1.97793
1.39630
1.59780
2.38898
15.41062
22.57210
2.86250
1.81547
1.74457
1.63877
1.88633
1.90013
2.23297
1.90582
2.03322
14.85073
1.92435
1.96210
16.17070
2.09835
13.91713
2.98790
2.01107
2.03060
2.13173
4.56963
6.56755
3.88580
3.86410
3.64040
3.79948
3.84915
3.80732
3.81497
3.81887
3.79893
3.49865
1.81833
2.28405
1.91120
1.97260
1.99560
1.99455
2.23657
2.53015
2.07272
1.97842
1.99785
1.88993
1.87007
2.26735
14.00017
2.19195
2.20793
2.31457
1.51375
1.64975
1.72025
1.51485
1.51760
1.52258
1.51455
1.51558
1.86043
1.83855
1.85673
1.99235
2.10380
2.27078
2.74267
1.96793
2.68377
3.77627
2.52715
1.30880
9.69558
22.48523
11.29260
1.51450
1.52245
1.45413
1.56592
2.42217
2.38450
7.71127
9.88632
3.28353
3.61022
3.69273
3.62867
16.35030
3.51600
3.15857
4.32770
3.32277
13.06788
7.27898
3.70633
3.96833
4.26517
4.50548
19.43338
8.35242
4.59487
2.31455
1.97997
1.72262
8.87365
22.09557
1.55965
1.47140
1.47547
1.47732
13.68548
2.25657
22.24892
18.95940
2.73350
1.86692
1.87415
1.88915
1.88915
1.90538
2.21575
1.54943
1.33367
1.25455
1.44415
1.51977
2.02470
1.91922
1.52070
1.52227
1.85930
1.88652
1.99007
1.60668
1.65178
1.88692
1.90295
1.93012
1.71238
1.75390
1.47020
1.27218
1.51385
1.52450
1.52988
1.87015
1.52768
1.79917
4.90932
11.33905
1.72700
15.58700
23.36313
7.93535
2.07832
2.34387
1.74377
1.64985
1.64685
2.27760
1.56252
1.32867
1.26952
1.32650
1.73287
1.96572
3.41628
3.40757
3.41190
3.43490
3.43937
3.39235
3.13288
3.06650
3.06195
3.07293
3.05917
2.96887
1.54385
1.86640
1.53935
14.68968
1.87278
2.33913
1.96465
2.22177
1.86078
1.63502
1.87435
1.93127
1.61158
1.86478
1.53608
1.53518
1.53408
1.81043
1.53837
1.78280
22.77768
21.14847
9.36553
8.41413
8.41308
22.03782
7.28155
2.49842
19.85095
3.80020
3.23087
8.46067
14.70195
4.96712
4.85060
8.76312
10.44763
11.44580
22.99935
