3.51772
3.65348
4.98028
4.87375
4.25505
3.73732
3.51568
4.00397
4.35602
4.61938
4.67355
4.36248
6.80813
6.55265
9.88767
4.64192
4.35568
6.61985
6.38613
5.87557
5.87330
5.10918
5.24072
6.16985
5.75633
6.23883
5.83690
5.84932
6.17403
5.17235
5.54155
5.24017
5.18548
5.47452
5.95552
5.38110
4.23665
3.66813
4.09285
4.95683
4.60720
5.39912
5.04070
5.08497
5.85678
5.13058
4.96050
4.71600
6.11067
5.34762
7.74010
7.64687
7.08703
12.08010
5.85105
5.93212
5.83675
7.52347
6.51008
6.48103
5.98275
5.61007
6.60258
5.73225
5.54962
6.07157
6.61985
11.60280
8.01368
5.31762
4.91172
4.90275
4.28937
5.39568
4.97060
4.88973
5.25627
5.25025
5.33563
5.12562
5.97338
10.06777
10.88812
9.30775
11.25650
10.37602
10.43997
10.63140
11.19303
10.68237
5.18905
5.28535
5.29988
5.58027
4.75977
4.85712
4.76148
5.17483
5.80727
5.34883
5.02680
4.38667
4.23217
6.88817
6.34740
4.84240
5.34697
4.10432
5.00477
3.88883
3.79785
4.10267
4.83950
5.97442
5.19077
4.44352
4.54682
4.60272
4.66977
4.70143
5.24053
5.09557
5.67205
4.44725
4.19202
4.20895
5.14485
5.25720
9.09447
5.79077
5.48565
4.85975
4.46145
4.64730
4.47038
4.81607
4.79722
4.28092
4.13108
3.86417
4.41788
5.85777
5.12782
4.86217
4.37093
4.76903
3.05495
2.96618
3.26638
3.20768
5.24117
3.96650
4.27992
3.56108
3.54407
2.89222
4.80518
4.84768
5.18768
5.15643
4.57352
4.54218
4.19107
3.96125
5.47602
6.00407
4.37172
4.49310
5.20020
4.29125
6.21032
4.15517
4.37695
5.56417
4.73728
5.41092
5.15755
5.14637
5.19362
7.08262
4.37040
6.53182
4.43577
5.08657
3.34045
5.72717
4.37693
3.18443
8.36257
5.89007
4.73062
8.27873
5.24565
5.15707
7.13113
3.86683
6.39505
5.17608
4.44458
5.32383
2.21545
5.00138
4.51125
3.95285
6.84170
3.92468
6.24383
4.10067
4.70805
4.79940
3.59373
6.06685
3.81573
6.93798
4.27570
6.09932
4.14332
6.18983
3.92847
6.76987
7.45665
3.68052
2.96720
2.31868
2.80780
3.22575
2.65445
2.80367
3.18920
3.66210
3.64132
2.89517
2.93757
2.26908
2.56108
4.02930
3.28337
2.90457
2.25795
2.36123
3.00713
2.62480
3.33190
3.52170
4.09905
3.09793
3.66533
3.64300
3.44397
3.19627
3.39215
3.66043
3.19073
2.67535
2.97823
3.31953
3.21553
3.94383
3.94840
3.27395
2.92145
2.30873
2.67112
2.32627
2.73742
2.93500
2.88658
3.46825
3.51208
3.21655
3.48530
2.95255
3.38905
3.96943
3.59625
3.32387
3.29760
3.09930
3.08740
2.84022
3.03112
3.44655
2.82597
2.99543
3.28452
2.97607
3.53317
2.98445
