15.88902
12.13625
11.75660
11.50712
13.51527
11.09493
12.73558
13.81353
13.09810
12.57340
13.13212
13.02075
13.82005
14.10928
13.43530
12.04198
11.76117
13.10145
11.36112
10.87247
9.57725
10.08572
11.44413
13.22778
12.85048
12.90255
12.75412
12.68527
11.22282
15.92685
18.39977
13.39678
11.74838
13.50352
10.92892
11.39407
10.80552
9.53105
10.23375
10.18580
7.61375
6.04570
6.00205
6.04235
5.98730
6.62088
7.05378
6.42480
5.87207
5.88148
5.88453
5.93678
5.85697
6.83698
8.89502
6.22428
6.34443
6.46268
6.50763
6.49190
6.75792
7.32740
7.25537
6.99190
7.47673
7.59588
11.89355
15.20545
15.45987
16.06063
9.36155
7.48220
7.52325
7.45323
7.46457
7.15708
7.17157
8.02800
8.00917
9.19507
7.35462
7.45870
7.43673
7.47543
7.51087
7.72095
8.26295
7.84993
7.33857
7.06793
7.68118
7.92420
7.90885
8.07498
10.27567
10.63605
21.08453
23.53813
21.65088
21.66250
21.53897
22.81323
23.10890
24.63988
28.18937
24.98177
39.10470
25.33047
27.78022
29.54665
15.90670
22.89057
14.96122
19.96028
16.70763
14.13890
30.63883
19.75655
9.10978
9.11917
8.86543
8.77168
8.77700
13.30762
18.03378
19.34638
18.93130
12.77937
11.17428
9.95118
11.62670
9.94247
9.48465
9.80832
9.64477
9.92347
9.78733
7.49178
7.59278
8.07252
7.84707
8.05985
8.18665
8.33243
19.16478
12.42412
18.39202
12.23610
21.49818
29.30832
21.23923
9.52047
7.83478
6.03692
5.24560
4.97748
4.40080
4.42103
4.66540
5.29522
4.95227
4.47213
4.36397
4.09422
4.11540
4.09080
4.16367
4.16235
4.19335
4.73900
5.34888
4.78667
4.50935
4.49903
4.52042
4.54657
4.41088
9.28215
11.84062
12.02273
11.66872
4.70308
4.18103
4.32430
4.53147
4.55142
4.56745
4.53018
4.57948
4.97583
5.28843
4.50103
4.23377
4.23555
4.21150
4.23560
4.24815
4.31042
4.83648
5.34977
4.96233
4.54442
4.59522
4.58508
4.43075
4.22368
4.25255
4.74795
5.08882
4.37152
4.21472
4.42335
4.56998
4.57160
4.57185
4.96453
5.47553
4.84140
4.28927
4.24912
4.27627
4.24873
4.28733
4.83043
5.12057
4.99093
12.38810
12.37557
12.44648
9.54972
6.21285
5.34735
4.55820
4.25485
4.23227
4.23873
4.22092
4.48923
5.05380
4.49853
4.22785
4.20438
4.22008
4.18605
4.74267
5.04027
4.19278
4.18493
4.37835
4.59133
4.85990
5.41577
4.93090
4.65817
4.64377
4.75288
5.30777
6.93828
8.07115
7.59732
7.63043
7.62858
7.78900
8.45767
8.14775
9.81465
10.83863
6.59363
7.34545
7.96282
15.05723
17.71985
17.65175
15.72632
10.77053
11.17565
9.08288
7.60227
7.54920
7.74840
11.82078
14.21915
18.10037
14.47447
14.46953
12.55885
11.71857
12.25187
