1.76570
1.76055
1.80693
1.83832
1.81540
1.82408
3.78570
5.79575
2.10383
1.99825
1.98458
1.99993
2.27473
2.36002
2.46330
2.89693
2.67068
2.58845
2.48792
2.51578
2.48470
2.41007
2.36243
2.18833
1.88345
1.79380
1.80718
1.83017
1.80605
1.72092
1.68130
1.68552
1.70670
1.70588
1.92248
1.71680
1.77252
1.68408
1.68453
1.68658
1.83902
1.93180
1.93028
1.93322
1.93035
1.93860
2.56152
3.60165
2.50932
2.57438
2.53877
2.68518
2.56748
2.63780
2.48473
2.70367
3.07243
2.78198
2.30275
1.93790
1.94105
1.94567
1.95320
1.99735
2.08740
2.08313
2.09825
2.14005
6.92235
2.57835
2.07198
2.18757
1.96447
1.96932
1.97393
2.00677
2.03942
3.25823
2.13397
2.14448
2.16465
2.17767
2.26273
2.64668
2.14793
2.17462
2.11832
2.11847
2.92560
2.18670
2.13252
2.12738
2.20612
2.12368
2.12873
2.41933
2.58808
2.14885
2.16543
2.20665
2.24335
2.01293
1.30968
1.96365
6.76077
3.92918
2.43113
2.26823
4.77202
2.62532
4.98025
3.38002
2.31392
2.47218
2.09092
2.09377
2.09473
2.10110
2.10283
2.10192
2.09955
2.10842
2.13382
2.11378
2.13358
2.67915
2.10953
2.11693
2.12278
2.17632
2.17663
2.19165
5.02365
12.66988
5.45160
2.12250
2.13708
2.13337
2.80863
2.20680
4.07708
2.69668
2.56242
3.65747
4.23565
4.82252
3.92600
2.54732
1.43862
2.22807
2.24102
2.16835
1.92973
1.30610
1.09950
0.86880
0.84267
1.59098
1.63460
5.73588
2.92442
3.43540
5.40610
1.67368
1.13147
3.11935
3.20707
3.79607
4.00537
1.64962
1.67517
1.25750
1.00198
0.87408
0.81232
0.80623
1.30615
1.60803
1.61757
1.27235
0.80973
0.89792
0.93982
0.93922
1.40813
1.72838
1.77083
1.64613
0.96133
0.93717
1.16243
1.38498
1.76762
1.72672
1.71343
1.43070
0.90563
0.90818
0.90937
0.90947
1.37607
1.70140
1.72378
1.44532
0.91133
0.91075
0.91083
0.91048
1.37035
1.71033
1.72380
1.45903
0.90948
0.90693
0.90827
0.91020
1.39508
1.70817
1.72513
1.44068
0.91045
0.91070
0.90955
0.91108
1.42713
1.70428
1.71735
1.44043
0.91165
0.93003
0.91343
0.91030
1.44347
1.70332
1.71790
1.42745
0.91010
0.91053
0.91127
0.91042
1.48318
1.70400
1.72482
1.38630
0.90712
0.90827
0.90815
0.90525
1.54315
1.70757
2.09380
1.78472
1.35290
1.35008
1.35605
1.36560
2.07725
2.16260
2.17583
1.74275
1.35523
1.35627
1.35460
1.35685
2.14538
2.08817
2.35587
2.00475
1.72362
2.26663
2.23437
2.44485
2.91002
2.91067
2.93283
2.37382
2.09258
1.71023
1.70440
1.86472
2.38820
2.42982
2.43230
2.04765
2.11145
2.10933
2.11467
2.20107
