0.49404
0.53107
0.59329
0.59353
0.53012
0.58515
0.58485
0.58471
0.65416
0.68871
0.68280
0.58446
0.58642
0.61114
0.71327
0.78787
0.74142
0.77177
0.83147
1.05417
1.10673
1.02362
0.91742
0.91797
0.89763
0.95218
1.30142
1.25162
1.10941
1.25810
1.44360
1.38755
1.27536
1.27779
1.26512
1.24432
1.15761
1.15108
1.15009
1.15040
1.30738
1.28196
1.23400
1.04915
1.18060
1.25754
1.49516
1.31269
1.21037
1.25526
1.15854
1.12432
1.12994
1.12496
1.12519
1.22266
1.11446
0.60675
0.50755
0.41622
0.41560
0.41495
0.53164
0.62592
0.57610
0.52554
0.52550
0.52507
0.52393
0.61344
0.62406
0.57660
0.52139
0.52168
0.52026
0.51951
0.60096
0.61617
0.59834
0.64709
0.60081
0.63443
0.73968
0.89941
0.94848
0.89926
0.79074
0.76412
0.76699
0.77205
0.85953
0.88487
0.83808
0.66447
0.58060
0.54065
0.60052
0.61441
0.62572
0.58493
0.53429
0.59136
0.62921
0.66012
0.74788
0.65950
0.57455
0.52774
0.53337
0.52620
0.52904
0.71674
0.75432
0.75514
0.71135
0.71273
1.20185
0.83624
0.74859
0.87620
0.81779
0.78998
0.78642
0.77723
0.82186
0.97418
0.62955
0.55750
0.51170
0.64067
0.59408
0.40560
0.47680
0.62316
0.78624
0.84196
0.64017
0.65269
0.67690
0.75471
0.71640
0.54581
0.49261
0.42590
0.57981
0.60766
0.67728
0.68894
0.59843
0.61610
0.61710
0.61706
0.52917
0.56593
0.54550
0.51839
0.40439
0.50822
0.58001
0.62007
0.70839
1.76599
2.03399
1.97684
1.91098
1.03926
0.68888
0.74217
0.79081
0.80078
1.35192
2.04755
2.04021
2.26618
2.19831
1.18577
0.97659
0.80234
0.74868
0.75257
0.76755
0.85886
0.88325
0.82982
0.77846
1.52982
2.19134
2.73375
1.57624
4.35845
4.33594
1.49620
0.78201
0.81274
0.61880
0.57900
0.57878
0.50230
0.36105
0.36137
0.36192
0.38139
0.57655
0.58033
0.49735
0.48272
0.48181
0.49162
0.53671
0.55896
0.47391
0.38033
0.38044
0.40408
0.49584
0.57430
0.59608
0.54771
0.49532
0.49524
0.49556
0.50246
0.59629
0.59613
0.53515
0.49828
0.49856
0.49928
0.53117
0.59864
0.59890
0.52170
0.50044
0.50034
0.50131
0.56055
0.60269
0.59824
0.50681
0.50875
0.51202
0.51650
0.61392
0.51493
0.44994
0.42228
0.80561
0.80629
0.57415
0.59965
0.60043
0.52141
0.39866
0.38147
0.38153
0.45005
0.58612
0.56494
0.49697
0.49634
0.49548
0.51028
0.59728
0.59607
0.52454
0.49634
0.49644
0.49676
0.55863
0.59631
0.56612
0.49643
0.49589
0.49662
0.51664
0.59812
0.59721
0.51526
0.49682
0.49641
0.49680
0.55962
0.59599
0.56951
0.49640
0.49645
0.49764
0.50321
