0.50835
0.54699
0.50381
0.33471
0.36550
0.50331
0.54485
0.36102
0.33237
0.46249
0.56051
0.53553
0.48604
0.30800
0.30800
0.36208
0.65709
1.97870
4.65184
0.92084
0.45836
0.45320
0.47566
1.10311
1.37902
0.79828
1.02609
1.30058
0.77776
0.68774
0.62858
0.79223
0.84655
0.80356
0.73644
0.68672
0.67031
0.74194
0.83135
0.90468
0.74738
0.70299
0.74343
0.72383
0.78909
0.92736
1.00455
0.86315
0.84123
1.38829
2.26143
2.49751
2.42785
2.61558
2.38251
0.98643
0.52582
0.59639
4.39841
4.53101
4.65220
4.77716
4.74596
5.34696
6.42210
5.72586
4.65087
4.80111
4.86399
4.72608
2.09677
0.48754
0.57401
0.52593
0.65491
0.74205
0.65239
0.54483
0.43957
0.46452
0.55577
0.67504
0.73813
0.55872
0.43411
0.47009
0.65946
0.62112
0.50038
1.58586
0.68233
0.55266
0.58842
0.50325
0.42703
0.39076
0.60553
0.64342
0.55351
0.50077
0.47053
0.49403
0.46147
0.47400
0.62526
0.57850
0.57391
0.42696
0.35608
0.44437
0.60301
0.75998
0.71539
0.57136
0.55628
0.60721
0.49352
0.53458
0.49019
0.49821
0.85975
0.92892
0.73451
0.60054
0.51903
0.53712
0.50769
0.43736
0.40993
0.62869
0.74159
0.61594
0.44618
0.28180
0.28122
0.34449
0.42071
0.49662
0.47942
0.40027
0.39407
0.39590
0.31443
0.26401
0.35242
0.53492
0.48018
0.58572
0.24891
0.74943
0.73468
0.49182
0.48871
0.46207
0.36829
0.33884
0.36226
0.30482
0.25244
0.28086
0.52211
0.52311
0.40212
0.25143
0.25150
0.28312
0.36139
0.46407
0.56261
0.50467
0.43428
0.57189
0.52687
0.43923
0.60566
2.18221
1.99143
0.63527
0.37420
0.37288
0.53945
0.76697
0.55763
3.56927
2.65645
0.46982
0.67864
0.85827
0.43951
0.77815
0.86896
0.82716
0.97279
0.79662
0.78810
0.60459
0.62585
1.66092
0.41666
0.46783
0.36451
0.37561
0.31153
0.26975
0.26407
0.39351
0.52358
0.53848
0.32191
2.53367
3.83539
0.38846
0.33634
0.38468
0.44748
0.49516
0.38897
0.34226
0.27791
0.27754
0.31406
0.50390
0.56324
0.39989
0.27918
0.28848
0.39063
0.35304
0.34402
0.39488
0.49767
0.47184
0.36180
0.27922
0.27874
2.82910
4.70468
0.65545
0.45098
0.31386
0.27975
0.38018
0.37525
0.35831
0.39498
0.43412
0.51085
0.37371
0.27988
0.27954
0.32274
0.49088
0.48371
0.43177
0.34767
0.27952
0.36875
0.40437
0.81621
4.60088
1.63691
0.53352
0.39049
0.27866
0.28570
0.39317
0.49726
0.39738
0.40010
0.39136
0.28039
0.39397
0.48096
0.39851
0.30246
0.31923
0.54869
0.39962
0.29514
0.39555
2.60022
3.83960
0.35037
0.37312
0.41853
0.32832
0.50886
0.47046
