0.08216
0.08205
0.08201
0.08204
0.08202
1.30920
3.23532
0.37430
0.28788
0.29194
0.19487
0.14061
0.14208
0.14514
0.14159
0.14240
0.14218
0.20683
0.30432
0.30475
0.31500
0.12504
0.09129
0.09132
0.09161
0.09121
0.09147
0.09152
0.11993
3.82629
2.39376
0.25706
0.26435
0.10397
0.09125
0.09141
0.09129
0.09118
0.09116
0.09145
0.13962
0.25006
0.25104
0.25250
0.25361
0.25577
0.25794
0.26071
0.26480
0.27024
0.28221
0.10885
0.09258
0.08828
0.19289
0.52734
0.52858
0.38607
0.21165
0.08540
0.08390
0.08577
0.08501
0.08143
0.08533
0.08490
0.08128
0.08192
0.13299
0.23989
0.24280
0.25004
0.25257
0.27122
0.40444
0.33125
1.90803
3.42933
5.10181
5.27681
5.20259
5.13310
5.00494
5.22054
5.65155
5.77142
5.79976
3.47280
0.69665
0.25120
0.25301
0.25700
0.17691
0.07868
0.08051
0.08011
0.07856
0.80753
0.35292
0.35624
0.34842
0.35072
0.42921
0.51694
0.70388
1.14076
3.92871
2.97072
3.40928
0.55582
0.88364
1.13075
0.07762
0.07742
0.07763
0.07772
0.07690
0.07543
0.07771
0.07741
0.07709
0.07696
0.14841
0.23233
0.23408
0.23731
0.24328
0.12707
0.07317
0.07391
0.07419
0.07367
0.07353
0.07323
0.07294
0.07314
0.07321
0.09808
0.22896
0.23146
0.23447
0.23979
0.15127
0.07334
0.07351
0.07351
0.07409
0.07425
0.07429
0.07445
0.07454
0.07448
0.10857
0.23058
0.23910
0.24113
0.24764
0.26101
0.09255
0.14065
0.55391
3.92021
0.24008
0.24628
0.98854
0.34679
0.27487
0.40141
0.40592
4.71727
0.83023
0.24384
0.25231
0.25239
0.16202
0.10727
0.10764
0.10843
0.26326
0.27125
0.21856
0.10682
0.10683
0.10709
0.10721
0.10753
0.10767
0.10801
0.10778
0.24225
0.27056
0.24406
0.10770
0.10786
0.11131
0.11243
0.10854
0.11089
0.14249
4.59123
1.45026
0.27402
0.27545
0.11176
0.11299
0.11095
0.11428
0.11992
0.11996
0.11987
0.11926
0.21881
0.28027
0.29100
0.12418
0.11905
0.11905
0.11921
0.11944
0.11948
0.11955
0.11986
0.20448
0.28107
0.28835
0.14930
0.12000
0.12000
0.12000
0.12000
0.12000
0.12001
0.12000
0.21768
0.28179
0.28943
0.14345
0.11999
0.12000
0.12000
0.12000
0.12003
0.12001
0.12000
0.19513
0.28138
0.28731
0.16972
0.12000
0.12000
0.12000
0.12001
0.12000
0.11999
0.12000
0.18562
0.28132
0.28694
0.18298
0.12000
0.11999
0.11994
0.11998
0.11997
0.11994
0.11994
0.18720
0.28177
0.28891
0.18693
0.12128
0.12096
0.12101
0.12085
0.12054
0.12028
0.12234
0.18826
0.28724
0.29463
0.19998
0.12804
0.12884
0.12913
0.12903
0.12916
0.12943
0.13251
