7.47805
7.78063
6.74358
7.16253
10.18617
8.99722
5.98077
6.34877
5.89192
6.44293
7.67040
6.62640
6.58378
5.63532
5.37442
6.42817
6.90335
5.91452
7.21528
6.83340
7.22360
7.64155
6.85533
6.43275
5.67032
6.08085
6.98032
7.17538
6.83277
7.00975
6.32427
6.08432
6.69312
6.33222
10.64538
13.40858
11.78615
12.80382
13.30437
13.32455
13.87922
13.86778
14.52717
14.15972
13.50857
13.12082
14.25213
13.28440
12.93378
14.21458
14.01828
14.70408
9.11590
8.54857
7.21657
5.78322
5.49715
6.74152
5.38875
5.71380
5.74740
5.35347
6.14523
6.67380
6.89155
6.70605
5.79695
5.88030
6.27898
5.83307
6.63358
6.77173
5.67533
5.67007
6.82367
15.09038
15.72448
16.02433
15.60203
15.90602
16.02205
15.35978
16.37937
16.93273
15.92178
17.30305
16.25432
6.80762
7.23915
6.70198
7.04688
7.34707
6.90033
7.03617
7.58142
7.60895
7.69337
7.75418
6.74805
7.58358
7.11412
6.97813
7.00777
6.37912
7.19228
7.10100
7.65478
8.25845
7.37017
7.24613
6.96397
7.13267
7.44973
8.66083
7.66415
7.21587
7.61727
6.62245
7.08402
7.82050
7.01745
6.68543
6.35877
5.97642
7.45425
7.11798
7.63007
7.55897
7.99320
7.40120
7.68025
6.85798
6.27347
6.22735
6.05162
6.07010
7.26642
6.76942
6.69125
6.58895
6.07880
6.72543
6.39127
7.14093
7.81175
7.85048
6.46097
6.54390
6.37990
7.04237
7.06900
7.34187
7.51450
6.29517
6.51692
7.48867
7.00243
6.11420
6.89192
6.94520
6.86138
7.79340
6.37565
5.85303
13.99205
14.43447
6.15673
6.88018
5.81735
5.99550
5.79948
5.79028
6.30185
6.45172
6.49055
6.82828
6.58115
6.36353
5.81352
5.92532
6.44047
6.04423
6.52710
6.37295
5.35798
5.34060
6.25245
5.38433
5.46952
5.94685
6.17125
6.84453
6.47017
5.63488
6.27675
5.32782
4.80068
6.33622
5.79580
5.53493
6.05962
6.05298
6.30543
6.87308
6.79958
6.79265
6.70663
5.46585
5.33777
5.36720
5.57568
5.76283
6.18185
5.64617
5.80607
5.51953
5.79892
5.91890
5.74322
6.62103
6.19960
5.47640
6.62448
5.92518
5.52065
6.85402
6.06103
6.50527
6.36632
5.82833
5.59590
5.12945
4.88425
6.63395
6.75055
6.62442
6.77087
5.88438
5.40747
5.72740
6.15855
6.04105
5.49990
5.13667
5.51328
5.87520
6.52657
6.45222
6.48665
5.77618
6.12720
6.77288
6.37523
6.72482
6.43248
5.80915
5.67100
5.40042
6.41813
6.07443
5.68467
5.78167
5.09183
5.11380
6.26243
7.10118
6.21098
6.79202
6.02178
5.38512
6.69728
5.58617
5.15403
5.52713
5.38345
6.49933
6.71265
6.30308
6.94585
6.44885
7.24040
6.23522
5.76113
5.57588
5.57145
4.92523
6.96090
5.97062
