22.73997
22.26257
23.86920
22.23377
21.21232
21.94160
21.51147
20.99340
22.64540
22.62492
20.92318
21.63680
21.92007
21.19510
21.27650
21.42315
20.92180
21.46975
22.84145
21.95647
20.88745
22.21560
21.84780
21.24787
22.01037
22.43203
21.92117
22.79188
24.10307
22.24945
20.98547
22.17487
20.66002
20.70023
21.73357
19.78938
21.84317
18.19607
14.60640
15.59990
15.83647
14.05630
15.46642
15.81962
13.97543
14.98910
15.44708
13.67672
14.62325
14.53833
12.86168
13.64712
14.51747
13.17608
14.60018
16.28067
14.54467
15.36548
15.95460
14.42243
15.32517
15.41333
13.70943
15.11622
15.28933
14.18758
15.46818
15.17408
13.44472
14.69812
15.01527
14.06562
13.62707
14.41297
13.79787
13.71637
14.26300
13.64090
13.48852
14.39512
14.16610
13.67812
14.93490
15.23558
14.69007
15.47137
14.01253
13.24348
13.17485
12.62440
12.25712
13.79932
13.53178
12.83712
14.01680
14.20915
13.62298
15.24260
15.43357
14.25710
14.69565
14.02720
13.23473
14.41885
13.07410
12.68610
14.19255
13.58620
13.50573
15.13290
13.54287
13.42405
14.42800
13.06810
13.97723
14.53018
12.99762
13.96497
15.43103
13.80873
14.92752
15.59593
14.06085
15.47508
16.36397
14.39313
13.95667
13.95468
12.50248
14.34383
14.50435
12.48465
13.49882
13.02282
11.86978
14.24850
15.24407
14.43923
16.13158
14.85192
14.48705
15.40510
14.28787
14.53800
14.74827
12.54843
12.93143
13.94595
12.31088
13.03920
14.20223
12.83710
13.77500
14.64868
14.19255
14.57445
15.45477
14.75158
15.08063
14.55273
13.10275
12.91805
13.85612
13.73545
13.43672
14.56828
14.36062
14.27248
15.31307
14.58580
13.82923
14.05997
12.81098
13.27512
14.62497
13.91158
13.43022
14.08550
14.01157
13.71683
14.94840
14.67408
14.02177
13.57512
13.80092
14.13677
13.77873
14.02773
13.77410
12.25908
13.01785
14.36428
14.50318
14.29005
14.94773
14.62000
14.69798
15.41540
14.87442
14.41883
15.04203
14.61395
13.55085
14.68765
14.56493
14.37620
15.71537
15.94113
15.04572
15.40828
15.56443
13.90832
14.69992
14.66960
14.32562
13.74220
12.76527
12.38780
13.28418
13.14633
12.77823
13.36032
14.05483
13.98345
14.73220
14.47572
12.86663
13.23403
13.63567
13.50742
13.68177
12.87895
12.38173
13.50552
14.24915
14.61503
14.72373
14.35442
13.59478
13.55360
14.21968
13.53097
13.10822
13.23550
13.04233
13.17507
14.14955
13.45808
14.02498
15.13937
13.77365
13.81310
13.65038
13.11222
13.36360
13.56205
12.94688
12.96022
13.61787
13.92103
14.43615
14.81112
13.59963
14.30863
14.82910
18.09548
24.00348
26.10820
25.96795
25.51148
26.49520
34.09477
20.97057
13.65957
12.71862
12.53947
13.85238
14.18780
15.23375
15.43368
13.59330
15.19212
15.50597
14.14870
15.31958
13.56328
12.60520
14.13683
