6.08392
9.58575
13.24762
13.19533
21.21347
15.95320
13.13908
16.78835
23.10153
9.46837
10.72847
27.50742
20.03747
8.68207
18.61605
25.60265
16.74393
11.24372
19.29268
26.05143
25.87697
26.13918
25.94288
25.35443
7.57452
5.96840
6.81615
7.92792
8.28832
8.59237
8.32883
7.63547
7.65232
7.35005
6.16460
6.23387
6.34070
5.83928
5.84305
7.16717
7.87868
6.62980
6.67147
6.70265
6.51018
5.82933
4.22910
4.23687
4.24402
4.26125
5.61642
5.30990
4.90220
5.53025
5.18067
5.19780
5.19547
5.57345
3.69162
3.46063
3.46447
3.37090
3.34640
4.72617
4.92022
5.79203
5.32100
5.18897
5.19563
4.77677
3.41183
3.41022
3.41902
3.41547
3.49072
4.75547
5.16503
5.17417
5.17848
5.18770
5.21717
4.80493
3.37958
3.40015
3.40545
3.41810
3.55247
4.71863
4.72402
4.71945
4.72525
4.75330
4.75643
4.76343
3.27910
3.40857
3.41582
3.41938
3.68963
5.24473
5.17605
5.18828
5.20387
5.20623
4.72102
4.70942
3.07227
3.30377
3.40975
3.41778
3.50168
5.18842
4.74272
4.75038
4.72055
4.70225
4.71042
4.71417
3.16245
3.07513
4.03487
4.94387
8.28653
6.63285
5.92690
6.01673
6.46708
5.28615
5.71182
5.99512
5.19138
5.90530
6.82393
6.96110
6.75320
8.23703
7.28830
6.50863
6.58070
5.75833
5.82627
5.94133
4.51647
3.90533
4.11625
4.92028
4.94200
6.84955
8.06035
6.96462
5.85667
5.83008
12.41497
6.98292
4.99500
4.01428
3.80400
4.08243
6.93652
11.44902
12.80495
11.83975
7.78217
7.54287
7.54785
7.56157
6.95017
3.50810
4.00792
3.91068
3.49710
5.36143
6.12878
5.39992
5.39620
4.91628
4.78237
4.82775
3.76273
2.90423
2.88087
2.78965
2.81430
4.27527
5.25325
5.30480
5.29662
5.28585
4.91820
4.71835
3.76747
3.12440
3.25383
3.24798
3.28703
4.58168
5.35807
5.30700
5.36248
5.36348
5.26238
4.76785
3.89255
2.83143
2.78610
2.81158
2.80380
3.97367
4.71697
5.24620
5.31548
5.31085
5.30097
5.13415
4.69620
3.74668
3.73110
3.79963
3.78667
4.56542
4.89692
5.21720
5.41228
5.45975
5.47633
5.46057
4.22817
2.96440
2.91902
2.91188
2.91605
3.86150
4.84495
5.14545
5.35033
5.33737
5.33702
6.00927
4.88020
3.27830
3.28680
3.33367
2.83303
3.67553
4.75485
4.75017
5.33785
5.34988
5.37107
5.31610
4.96412
2.83078
2.87338
2.81142
2.82355
3.57403
4.75422
4.78210
5.27478
5.46420
5.79513
5.83597
5.47043
3.39165
3.26308
2.87285
2.93238
3.52313
4.83445
5.09455
6.56902
7.24745
7.07292
6.72805
6.51483
4.43730
4.31562
4.53307
4.20175
4.71377
6.52017
7.11703
7.91973
8.17760
8.34247
8.73513
8.64267
5.98137
