0.30732
0.30985
0.39093
0.36783
0.31202
0.30256
0.25114
0.30519
0.31040
0.32065
0.32952
0.31510
0.41804
0.31449
0.35492
0.62467
0.99179
1.12528
1.20226
1.23080
1.21824
1.34214
1.54468
1.85828
1.92852
1.75892
1.84881
1.75220
1.73517
1.74782
1.74243
1.70204
1.67772
1.69416
1.71613
1.83209
1.81096
1.79820
1.71492
1.59996
1.59017
1.61526
1.43485
1.42535
1.45581
1.44192
1.45744
1.37000
1.23570
1.27675
1.27695
1.28331
1.14882
1.22136
1.22516
1.06213
1.06062
1.08410
1.18120
1.19769
1.14977
1.17293
1.21345
1.25265
1.28222
1.27348
1.24024
1.23954
1.25063
1.27495
1.16620
1.17084
1.19421
1.06275
1.01342
1.08774
1.12251
0.97833
0.94049
0.55311
0.60587
0.59480
0.58017
0.88834
1.95856
2.22986
2.32228
2.36673
2.53153
2.26213
2.33218
2.82053
3.14294
3.20723
3.08051
5.02386
5.75429
6.15408
2.55057
2.61012
2.63283
2.63459
2.64688
2.68542
2.72432
2.70266
2.76583
2.83183
2.47195
2.99082
3.00356
2.34164
1.96592
1.20525
1.24136
1.57889
1.26549
2.24869
2.70077
2.27926
2.01128
1.44735
1.48647
2.48942
2.86648
2.74484
2.70863
2.70250
2.68584
2.71095
2.81093
2.49798
2.72708
2.67529
2.65871
2.64432
2.53888
2.62621
2.60208
2.70781
2.74292
2.69445
2.66770
2.66268
2.64887
2.65486
2.62116
2.56376
2.49823
2.51798
2.53135
2.21491
2.18793
2.18351
2.14517
2.10920
2.01775
1.95244
1.96520
2.21496
2.13132
2.06371
2.19206
1.78676
1.54519
1.49193
1.43193
1.37422
1.31598
1.25932
1.19680
1.11231
1.06115
1.04966
1.01168
0.96093
0.82987
0.91862
0.90045
0.68842
0.59678
0.51750
0.55282
2.85128
3.72346
3.99176
1.21640
1.55778
1.29364
1.36318
1.10299
1.13536
1.13370
1.12613
1.12364
1.12565
1.20264
1.15525
1.05155
1.14611
1.43558
2.55404
3.27739
4.58824
3.12040
0.80746
0.58256
0.26603
0.26792
0.26890
0.26971
0.28777
0.37994
0.28639
0.31059
0.33390
0.32713
0.23708
0.20893
0.19779
0.19754
0.20916
0.21169
0.26667
0.26681
0.26708
0.26731
0.26754
0.32450
0.33139
0.34035
0.27980
0.27012
0.27106
0.27359
0.26023
0.21254
0.21271
0.21274
0.21265
0.21268
0.25316
0.44262
0.33495
0.34085
0.26766
0.26787
0.26797
0.26854
0.26868
0.26845
0.27000
0.27320
0.27478
0.27520
0.29754
0.27790
0.27732
0.27242
0.21172
0.21182
0.21161
0.26904
0.27160
0.27188
0.27195
0.27263
0.26244
0.26188
0.38812
0.39367
0.33898
0.31704
0.27310
0.27531
0.27588
0.27625
0.26526
0.21170
0.20903
0.21133
0.21177
0.21165
0.30303
0.33166
0.33931
0.30003
0.28153
