6.66512
7.13665
8.62158
7.92345
7.19928
6.96200
6.95270
7.28067
8.21032
7.57620
6.93297
7.09055
7.03575
7.68190
7.70878
9.17582
9.23267
9.26813
9.79108
9.18322
9.04557
9.18837
9.14777
9.75290
8.98938
7.94627
7.69605
6.53023
6.85273
6.76297
6.64205
6.54945
6.20627
6.83330
6.69098
6.64885
7.33532
7.65522
7.90937
6.68102
5.44750
5.44047
5.76850
6.20782
5.87813
6.19370
5.86587
5.86398
5.41952
4.90710
4.92000
5.09212
25.28288
7.23998
4.91663
4.90170
5.20948
5.69722
4.70267
6.48037
6.13737
6.54497
6.54085
5.67323
5.65980
5.76613
7.04095
5.45110
5.67600
5.35202
4.78917
5.40172
6.28460
4.79428
4.80225
4.84490
5.43225
5.44833
7.72817
21.55487
5.37725
5.49497
5.47350
4.83517
4.83228
4.81917
6.40155
5.44228
5.03260
5.18685
5.68562
6.28033
6.34605
5.32205
5.16810
5.37915
5.88883
5.83805
5.16140
5.99767
5.28170
5.90707
5.64567
5.16208
5.52957
20.32525
13.25593
6.14770
4.84503
5.30055
8.73182
9.37687
7.96678
5.52982
4.89458
5.60678
5.46998
4.81162
4.83877
5.76705
5.59087
5.32128
4.83748
5.08697
5.53097
11.27363
21.85723
5.71713
5.14722
6.29218
6.48195
5.61285
5.13727
3.79428
4.30890
3.96495
3.48297
3.31317
3.59732
4.35932
5.06438
2.78402
2.54050
2.90027
3.49578
3.86187
5.75577
4.59277
4.37992
4.93730
5.05383
5.97073
7.01075
3.46843
6.39993
5.91822
3.91757
1.09653
1.32307
3.75210
3.55575
3.05373
3.06807
3.15845
3.76038
3.52030
3.04783
3.05162
3.21625
3.76197
3.45877
3.03548
3.02982
3.29290
3.72803
3.33263
3.02410
3.02202
3.43563
3.88708
3.18883
16.03925
7.49267
1.55738
2.57255
1.03088
0.98650
1.00233
1.70298
1.58952
1.85203
0.98708
1.21343
1.72018
1.40393
0.98920
1.24508
2.04613
1.70947
1.16543
0.98362
0.99447
1.71135
20.43505
7.58520
1.00592
1.27452
1.72088
1.43037
0.99247
1.24195
2.13162
1.71545
1.21208
0.98893
1.05630
1.72203
2.60308
1.03515
0.99098
1.27527
1.73802
3.56362
9.06405
8.64513
8.77055
9.16082
9.17478
9.19545
9.31577
31.40432
11.21488
15.39092
17.95138
18.17217
16.73995
15.90707
16.01527
15.60228
15.94013
16.09115
15.48028
15.41598
15.75880
16.92560
15.76025
15.37975
15.52430
16.05492
15.02695
9.26863
8.41375
8.96055
9.13935
8.74530
8.42922
10.17197
30.80180
10.59463
8.43325
8.42927
9.13783
11.19058
10.08725
4.73025
3.79302
3.24812
3.60012
3.43673
4.56527
5.05960
6.58322
5.56027
4.48905
4.66063
5.34805
5.27077
6.00552
4.00767
4.89000
5.52283
5.31548
5.31017
5.40017
3.77647
3.99372
4.00890
4.08712
