15.47057
15.50327
16.00263
49.96427
50.25380
26.01907
29.15963
28.59193
30.97663
30.73827
32.09397
64.92487
64.77297
20.53977
18.46327
19.20820
18.45080
19.35237
19.89213
58.78397
50.19403
21.15377
33.19207
40.24587
48.40867
66.24227
100.36663
134.81380
31.57953
44.77037
43.44183
85.47847
48.60020
40.20340
23.20480
37.78807
25.64660
101.96063
140.68420
119.80267
84.00870
103.65527
102.84823
104.65773
95.04510
81.39463
94.57933
85.90690
81.55443
65.67860
17.10067
16.07533
61.84890
71.76657
70.14740
65.25327
65.25953
81.06313
52.15393
14.25413
24.31860
23.48853
11.66483
19.83870
12.05200
14.16700
23.55513
13.93303
10.59320
24.04620
17.25027
4.85227
26.24017
16.05250
18.36053
9.62823
22.07577
45.41557
37.14940
1.96043
4.27007
5.17553
5.73223
5.72310
5.45553
4.94960
7.69113
8.85817
9.85120
14.59190
15.10913
11.18187
8.57753
9.76040
7.96663
6.25113
6.34277
4.66597
4.80957
10.07640
2.25500
5.74773
4.16717
3.92043
7.02873
10.52423
11.98350
10.27550
8.09127
4.94710
5.77393
4.73537
8.98600
4.15277
2.85857
7.38883
5.02160
4.72343
3.73823
3.81347
5.66017
5.88133
2.38333
2.42963
4.98090
4.24540
4.92777
3.29093
1.38690
1.33503
0.75407
1.26587
0.82590
1.65240
1.85653
2.18710
1.85860
1.96597
1.93097
0.94137
1.57750
0.76180
1.08383
1.60787
3.43787
4.45883
1.45747
2.89540
7.09077
51.43370
48.30240
63.98773
78.86087
49.19967
58.46903
52.49363
52.37500
51.41713
52.85567
50.50627
52.66957
57.38597
55.00237
54.94690
38.23573
16.64210
18.99093
59.27643
61.09970
63.46900
44.35720
25.14210
30.92040
34.66697
35.10913
68.92143
59.68770
26.02467
28.37060
31.35783
62.06403
91.62803
79.74030
57.44623
21.09410
21.80000
42.04140
59.25577
18.90627
16.69383
15.79600
13.15280
13.07020
13.66797
32.43453
56.59160
21.09083
15.33013
15.39847
14.63603
14.56127
13.81143
15.30280
52.95340
53.58183
14.90297
14.21460
13.23133
13.28197
13.43073
14.20000
14.07333
55.61270
76.55683
68.26447
22.51437
16.29080
61.64820
69.62840
67.52747
34.81843
60.89843
55.59407
71.41957
70.11360
69.02920
68.60983
67.20493
50.67910
68.51503
108.90130
66.46093
18.97403
53.97980
71.60777
67.93857
18.03800
16.58267
55.54883
71.53357
70.76980
62.72297
14.93580
16.16863
23.31927
50.85693
79.09213
111.07103
45.43453
15.75357
88.90560
156.46550
152.97047
66.58913
36.39353
28.32630
57.63393
23.79467
13.88197
13.78030
13.99550
13.96923
13.28523
14.22007
32.06057
56.67667
21.30700
15.01743
15.76957
14.50613
13.82147
13.18473
13.35303
35.56123
55.75267
13.89550
13.98063
13.82983
13.94453
13.71180
13.32050
14.39217
41.63993
51.73983
14.53023
15.26120
26.42103
25.26623
