0.54666
0.54631
0.63810
0.66485
0.66719
0.74652
0.75852
0.63634
2.46122
1.81936
0.60983
1.38401
3.05073
0.78952
1.55539
3.33010
2.64548
0.91453
3.29134
3.43418
3.41968
1.59108
1.87025
3.28502
3.52082
3.47770
3.46260
3.48658
3.43150
3.43184
3.30074
3.28907
3.38270
3.49674
3.50119
3.52391
3.62529
3.59776
3.52465
3.43899
3.60372
3.77342
3.77341
3.86882
1.95306
1.51432
3.82885
4.31878
4.42384
4.49876
4.36825
4.50882
4.48443
3.48157
2.88614
4.35310
4.21274
3.87525
3.69075
3.25072
3.27329
3.49812
3.69137
3.68832
3.47208
3.23591
3.67424
3.71953
3.53321
3.66017
3.77116
4.35515
2.26435
2.40814
2.21387
1.95394
1.95764
1.89042
1.96298
1.98435
2.07677
1.88560
2.00030
1.91724
1.77568
1.37167
1.18258
1.15016
1.18499
1.30933
1.36321
1.20606
1.13999
1.14987
1.31679
1.38320
1.89409
1.75431
1.66869
1.67462
1.63038
1.61002
1.65870
1.79560
1.72452
1.66741
1.85124
1.93530
1.89707
1.68663
1.72014
1.64819
1.67329
1.59769
1.63215
1.76002
1.24641
0.94911
0.95366
1.51074
1.75059
1.62415
1.07633
1.19224
1.31565
1.28365
1.72310
1.71097
1.06809
1.07435
0.91552
0.97669
0.75389
0.69608
0.67425
0.74195
1.43167
1.73288
1.84807
2.23532
3.64639
2.03291
2.04640
2.06345
2.50706
2.20806
2.20434
2.20776
2.20585
1.83569
1.69947
1.94914
1.76077
1.70759
1.70768
1.57701
1.56199
1.51159
1.53403
1.54082
1.70669
1.67044
1.57129
1.56922
1.57887
2.51994
2.06773
1.82750
1.79694
1.75023
2.50500
2.76009
2.72709
2.87114
2.48252
2.71901
2.50185
2.00733
1.99620
3.21179
2.21843
2.20566
2.09592
2.08963
2.00954
1.85855
3.31625
2.70083
2.12749
1.95694
1.69880
1.42066
1.81463
1.66426
1.68302
1.56232
1.52610
1.43776
1.48246
1.76094
1.30542
0.97346
0.71642
0.72906
0.68881
0.65733
1.12174
0.70314
0.53800
0.36677
0.36651
0.62498
0.77448
0.66448
0.67338
0.58912
0.73404
0.77152
0.45578
0.49021
0.49594
0.50910
0.39788
0.54144
0.54200
0.58832
0.75351
0.75996
0.67722
0.40630
0.36868
0.36876
0.45447
0.66465
0.67212
0.61292
0.54225
0.54153
0.54148
0.57330
0.49595
0.50455
0.40703
0.43160
0.54342
0.58008
0.66632
0.67177
0.67437
0.51521
0.36969
0.38851
0.53483
0.58576
0.73882
0.66871
0.54343
0.54362
0.55391
0.67579
0.58812
0.51237
0.45031
0.36727
0.42973
0.55150
0.66288
0.67042
0.67806
0.60717
0.54738
0.38537
0.40342
0.49100
0.49459
0.61712
0.68262
0.63646
0.63907
0.65174
0.66465
0.67332
0.50574
0.41427
0.36855
0.36850
0.55589
0.66499
