2.26793
2.70498
3.60098
4.39995
4.38932
6.72133
6.94027
6.08367
7.40018
7.39367
6.06875
6.02803
6.73385
7.64027
7.64673
7.65502
7.64973
6.59198
6.01353
5.99133
5.99647
5.99095
6.17557
7.10598
7.66282
7.60597
7.61770
7.63057
6.71480
6.74427
6.82017
6.59717
7.23693
8.52743
9.38473
9.60447
7.51747
7.50753
7.26692
6.43822
6.46888
6.66477
6.67103
8.93767
6.69912
7.66130
8.70733
7.58477
7.63638
8.06712
6.07092
4.93020
5.80395
7.42442
5.00832
3.76015
3.48702
3.89815
3.92705
3.96135
4.00630
4.05045
4.03698
4.06002
3.29357
2.54998
1.82757
1.86145
3.56787
5.01942
4.64463
3.44618
3.45820
3.44800
2.68447
2.51417
2.22093
1.82668
2.23927
2.55487
3.29447
3.72642
3.88280
3.86437
3.43602
2.93990
2.26342
2.52088
3.09645
3.14577
3.88437
5.33057
7.11717
7.33155
6.18533
5.04153
5.25905
5.24183
5.17700
4.86455
4.51047
5.82275
5.62982
5.21498
5.25285
4.63988
5.56168
4.83270
3.26205
3.27282
3.27417
5.61035
3.67383
5.11382
5.86583
5.14433
4.69997
4.41650
4.10127
4.02332
3.41318
3.84245
5.00505
5.04010
5.24792
5.01153
4.01962
4.48622
4.68117
4.68593
4.69487
4.76287
5.62302
5.63727
5.63723
5.59373
4.67112
4.70860
4.01103
4.02098
4.64317
4.65747
5.38028
5.32018
5.92620
5.86372
4.88510
5.04163
5.21637
5.24643
5.24093
4.56592
5.07720
6.13552
6.12532
6.13345
5.66578
5.13700
4.78182
4.54385
5.05562
5.50670
6.49673
6.25375
5.51205
6.07592
6.51495
5.68235
5.80930
5.48707
5.47673
5.70888
5.85195
4.64613
4.47200
4.41137
5.02077
3.89073
3.93997
5.05248
6.35008
6.32933
5.41093
5.31302
5.38375
6.06658
6.09977
4.96913
4.68760
7.25075
8.35887
5.27722
3.15032
2.51812
3.16180
3.13567
3.75440
3.55662
2.87352
2.88777
2.81602
2.23588
2.21813
2.23233
3.15253
3.15977
3.16823
3.17913
2.27815
2.25788
2.84305
2.86900
2.88105
2.89735
3.31957
3.18522
3.15260
3.15338
2.67933
2.21882
2.20732
2.20440
2.20495
2.44753
3.13428
3.82328
3.83222
3.83993
3.40088
2.23770
2.22278
2.21165
2.20528
2.20445
2.20502
3.02930
3.14680
3.64352
3.79310
3.23367
2.89197
2.92950
2.27630
2.24240
2.23167
2.60277
3.17905
3.18100
3.17463
3.15712
2.66677
2.88185
2.90513
2.91283
2.95847
2.35283
2.96582
3.16043
3.16732
3.15923
2.93802
2.21125
2.20878
2.64688
2.86348
2.88108
2.91103
3.74940
3.28287
3.19332
3.14957
3.04807
2.28823
2.28952
2.29848
3.76350
4.03985
4.05857
4.96582
6.52390
6.16652
5.88253
5.88227
5.91662
6.09937
6.26153
5.48450
5.48907
