1.19193
1.19535
1.19465
2.08403
2.40738
2.24060
2.57270
2.59543
2.49052
2.03110
1.55987
1.19605
1.19682
1.18952
1.76960
2.19975
1.90638
1.96327
2.04330
1.96698
2.41282
2.24717
1.96042
1.97697
1.73917
2.10645
2.30690
1.62313
1.18492
1.18592
1.23230
1.65517
1.73630
1.95607
2.54598
2.57030
2.90985
2.47217
2.32258
1.58583
1.17635
1.33073
1.66903
1.77375
1.81638
1.82165
1.48385
1.96157
2.35737
1.92113
1.92777
1.93653
2.19372
3.04045
2.75600
2.14642
1.18368
1.18352
1.60203
1.58438
1.18847
1.29135
2.03285
2.86922
3.07092
2.31125
1.95233
1.95692
1.96567
2.41815
2.35787
2.19447
2.62658
2.65375
2.71168
2.52867
1.86810
1.19555
1.19543
1.20500
2.31418
4.64568
4.41467
2.11803
1.47470
1.65690
1.69198
1.28197
1.17163
1.19557
1.48015
2.63862
2.95340
2.32647
1.95762
1.96532
2.24503
1.91642
1.28395
1.20115
1.80142
1.87557
2.34073
1.54855
1.20115
1.50772
1.94482
2.35758
2.64338
2.30047
2.60743
2.04255
1.69830
1.67198
1.39047
1.20193
1.20258
1.20250
1.68402
2.58950
2.59410
2.60107
1.96737
2.19695
2.48013
1.54942
1.21188
1.20365
1.65927
2.26558
2.56622
1.39940
1.20973
1.58808
2.20123
2.38350
2.05237
2.15347
2.61765
1.96832
2.17155
1.53492
1.20093
1.20303
1.21095
1.49780
1.68148
2.40510
2.57508
2.61905
1.98943
2.43115
2.64333
1.19565
1.19827
1.19770
1.87793
2.30907
3.77302
1.73435
1.20937
1.90468
4.20502
3.48900
1.95760
3.57217
4.17265
2.85667
4.49227
1.73957
3.30643
2.21638
3.44292
3.31568
3.68925
2.98522
4.81433
4.92008
4.93255
2.55822
1.99195
1.20632
1.21877
1.17360
1.63838
2.03320
1.82477
1.85047
1.33268
1.86182
2.40373
2.11617
1.95638
1.97412
1.46482
2.10808
2.25508
1.84707
1.31745
1.19093
1.38960
1.66342
1.56208
1.93838
1.95288
2.54763
3.07607
3.01188
1.19415
1.19520
1.19607
1.45705
1.66730
1.49020
1.22830
1.81802
2.34698
3.04388
2.44605
2.46068
2.48702
2.10943
1.68967
1.20162
1.20130
1.81765
1.83470
3.00927
3.32435
1.26557
1.97052
1.92008
2.00167
2.43790
2.33807
2.12887
1.83990
1.74690
1.54203
1.65295
1.20048
1.20045
1.20165
1.45170
2.70372
2.76197
2.60762
2.31575
1.98800
2.01987
1.56882
1.20253
1.20383
1.19970
1.83157
2.30202
1.88305
1.49848
1.94485
2.02218
2.42312
2.20710
1.97515
1.98663
1.75898
2.16665
2.32897
1.23947
1.19807
1.19690
1.32580
1.66723
1.95635
2.00705
2.56912
2.59778
2.96350
2.37122
2.36588
1.25243
1.16612
1.40170
1.65955
1.59885
1.80790
1.82547
1.69887
2.41928
