0.30605
0.30605
0.34229
0.30639
0.37469
1.96129
2.20666
0.69314
2.17250
2.31354
1.75062
0.35370
0.46301
0.34153
0.18834
0.17782
0.54895
1.03254
0.48652
0.91356
0.36293
0.31054
0.17908
0.15400
0.16053
0.11948
0.06282
0.05973
0.06484
0.05978
0.06271
0.05993
0.06269
0.05994
0.06289
0.06019
0.06288
0.06033
0.06290
0.06030
0.06219
0.06023
0.06461
0.06037
0.06189
0.06036
0.06185
0.11860
0.14666
0.15003
0.15279
0.15167
0.15605
0.15524
0.15650
0.15489
0.15899
0.16704
0.06800
0.06012
0.06061
0.14596
0.06079
0.05943
0.05964
0.05944
0.06036
0.06026
0.05896
0.06005
0.06314
0.06023
0.05894
0.05883
0.05872
0.05857
0.05831
0.05834
0.05925
0.09567
0.14572
0.15046
0.15125
0.15224
0.15494
0.15503
0.15507
0.15324
0.15570
0.12578
0.06034
0.05925
0.06203
0.06121
0.06025
0.05989
0.06031
0.06000
0.06004
0.05944
0.05968
0.05963
0.06031
0.06010
0.06033
0.15591
0.32043
0.32079
0.34432
0.36365
0.37817
0.49973
0.50803
0.41238
0.53299
0.69710
0.48310
0.49909
0.51503
0.49026
0.51528
0.44416
0.41893
0.39360
0.45273
0.46443
0.48122
2.09189
2.50980
1.18116
0.22141
0.06232
0.06236
0.06226
0.06247
0.06232
0.06248
0.06228
0.06268
0.06235
0.06249
0.06234
0.11497
0.14742
0.15149
0.15393
0.15518
0.15733
0.15944
0.15859
0.15867
0.15835
0.16214
0.06261
0.06337
0.06321
0.06365
0.06369
0.06379
0.06292
0.06566
0.29386
0.19677
0.14634
0.18457
0.15597
0.17029
0.15829
0.14990
0.15977
0.15197
0.20574
0.23552
0.28818
2.24404
2.29231
2.29173
2.30590
2.31774
1.22726
0.20961
0.15864
0.16110
0.12647
0.06373
0.06350
0.06371
0.06349
0.06369
0.06351
0.06376
0.06351
0.06354
0.06326
0.06330
0.06248
0.06253
0.06302
0.06324
0.06280
0.06259
0.06315
0.06274
0.06317
0.06355
0.10974
0.14831
0.15208
0.15498
0.15545
0.33785
0.35535
0.24589
0.27627
0.24996
0.26490
0.17976
0.14592
0.17816
0.12412
0.17971
0.21611
0.21513
1.28835
2.19387
2.21307
2.23044
2.24915
2.25317
0.53937
0.13878
0.07573
0.09502
0.11134
0.25285
0.43419
0.11494
0.19105
0.16227
0.16638
0.16798
0.17067
0.17192
0.17186
0.17306
0.18511
0.51061
1.22429
1.03462
1.07895
1.23050
2.63288
2.94419
0.07843
0.07679
0.07507
0.07767
0.07500
0.07474
0.07519
0.08004
0.10501
0.10152
0.08486
0.16091
0.16893
0.21565
0.24415
0.24959
0.24834
0.25384
0.22635
0.21392
0.21641
0.17420
0.11894
0.12280
0.11890
0.14106
0.12551
0.12394
0.11924
0.21176
0.28168
0.29040
0.19016
0.12598
0.14098
