1.32715
0.81617
0.58533
0.77743
1.29522
1.29948
1.30745
1.34717
0.63725
0.58512
0.93242
1.28902
1.29707
1.30552
1.25208
0.92940
2.00333
3.07273
3.29155
3.29838
3.30602
3.12385
2.57090
2.59575
3.19837
3.30157
3.29935
3.31490
3.21643
2.57695
2.58498
3.09120
3.27438
3.28203
3.27657
9.78007
16.58473
2.99572
2.81812
3.08835
3.32905
3.17322
2.94528
2.95338
2.96422
2.75457
2.23468
2.23533
2.91287
2.94497
2.95160
2.96027
2.97458
2.98607
3.03867
2.26822
2.28013
2.75297
3.00118
3.01968
3.04397
3.19407
1.81987
1.39583
1.39995
1.40490
1.41340
1.41805
1.42858
1.69292
12.76547
25.83163
21.02180
4.08975
3.60643
3.10060
3.12125
2.23303
2.23548
2.29143
4.90977
4.61432
2.94377
18.70608
25.42537
25.14870
24.78378
24.80962
25.50640
25.50982
25.46608
25.56298
25.58458
25.13682
24.99138
25.13720
25.69505
25.74558
15.38942
3.19173
2.98040
2.61108
2.60182
3.31297
3.30273
3.32948
3.32102
3.21013
2.57422
2.59553
3.01728
3.18137
2.95793
2.97022
2.99313
2.45298
2.26777
2.36623
2.97808
2.98237
2.99252
3.00247
2.93010
2.25192
2.26523
2.66310
2.97705
2.98572
2.99227
3.00323
2.78358
2.27633
2.28102
2.78720
2.99017
2.99690
3.01203
2.94718
2.28570
7.21697
17.39377
3.00388
3.01407
3.02458
2.99607
2.30640
2.31812
2.65317
3.05107
3.06808
3.09067
3.35380
1.02107
0.72468
1.05610
1.63547
1.90867
3.13703
3.16672
2.52912
2.52380
2.95945
3.23495
3.24655
3.26415
2.67130
2.51975
2.70735
3.22368
3.23533
3.21002
2.95477
2.40525
2.41115
2.97488
3.11968
3.12760
3.16420
2.51237
2.42863
2.87715
3.44982
3.43648
3.43198
3.26968
2.79520
2.77610
3.45667
3.46168
3.43825
3.37987
2.58468
2.15210
2.38093
3.00272
3.39583
3.31218
3.43530
3.04853
2.77543
3.04217
3.41802
3.88472
3.91347
3.87107
3.92405
3.18897
3.17558
3.71477
3.81785
3.79268
3.82522
16.20220
12.63987
4.03008
10.84743
26.11420
26.00543
11.48170
4.05745
3.91133
4.07157
5.24098
11.44528
5.17078
2.85977
2.86220
3.23895
3.57147
3.57663
3.58562
3.59802
3.59227
2.86113
2.86033
3.20148
3.57702
3.58252
3.59077
3.59973
3.60800
3.61865
3.62443
12.33265
26.14892
26.12585
26.16698
26.15148
25.26855
25.39855
25.60603
28.19630
27.72293
26.02438
25.50925
25.53030
26.03745
26.17057
22.93180
3.53435
2.88637
2.75898
2.98710
3.48397
3.47707
3.49952
3.28620
2.75443
2.75690
3.35067
3.47430
3.49093
3.50730
2.98273
2.76125
2.92573
3.47800
3.47358
3.50835
3.37100
2.76612
2.76565
3.30243
3.50488
3.49083
3.52825
3.03917
2.93208
