1.86728
1.88403
1.83282
1.81750
1.81518
1.85724
1.93621
1.84846
1.83606
1.95065
1.82323
1.89208
1.88408
1.76486
1.77889
1.83261
1.82435
1.80708
1.90780
1.96886
1.81914
1.88628
1.88913
1.83806
1.85134
1.89416
1.93695
1.93395
1.91064
1.71115
1.53186
1.64819
1.76017
1.79068
1.70689
1.74136
2.01830
1.86012
1.86816
2.09082
1.92683
2.07316
2.03313
1.98600
1.99569
2.49642
3.42189
3.62688
3.00576
1.98792
1.98095
2.05944
2.06679
2.04169
2.09727
2.56129
3.39516
3.49231
3.78162
4.09143
3.20684
3.26921
3.30979
3.28307
3.27278
3.22500
3.28753
3.30202
3.13054
3.18112
3.18962
2.72278
1.97405
2.43268
2.56103
2.97613
3.98031
3.91976
3.92942
3.83129
4.00192
3.93252
4.00281
3.97425
3.94231
3.92359
3.93192
3.27119
3.01740
2.90699
2.51555
2.51206
2.49628
2.53741
2.68043
3.00822
3.01038
3.03154
3.00671
2.53815
2.51418
2.64940
2.58275
2.45175
2.56070
2.51459
2.56374
2.52235
2.58254
2.96072
2.95650
3.02231
3.11509
2.79924
2.45255
2.60519
2.96678
2.72619
2.54845
2.44126
2.37539
2.47853
2.45545
2.82653
2.51214
2.47002
2.75200
2.43693
2.36488
2.30463
2.45979
2.61689
2.66101
2.64178
2.66884
2.68305
2.83533
2.89946
2.85860
2.79823
2.71912
2.49707
2.49614
2.45615
2.49817
2.57829
2.71755
2.66847
2.63633
2.50898
2.44461
2.68455
2.30384
2.16335
2.17192
2.07101
1.84714
1.94687
2.91335
1.61837
1.63452
1.59932
1.65747
1.58501
2.02071
3.55220
3.59767
3.72092
4.19778
5.35368
5.31282
5.05412
5.06106
5.02565
4.97215
4.96711
5.01357
4.97323
4.92996
5.01679
4.66164
3.65164
3.17856
1.54426
1.43960
1.42781
1.48683
1.48935
1.44116
1.48840
1.47993
1.49123
1.55371
1.47841
1.43127
1.43505
1.55762
1.57325
1.52914
1.61652
1.63339
1.69290
1.60316
1.51342
1.52024
1.46280
1.53515
1.50615
1.46546
1.47140
1.56447
1.60265
1.39428
1.36373
1.36715
1.44651
1.52879
1.50291
1.50751
1.56991
1.61450
1.63082
1.50060
1.43690
1.49455
1.48706
1.53304
1.51605
1.59524
1.60013
1.59478
1.71185
1.57237
1.55751
1.56042
1.58323
1.70302
1.71880
1.69133
1.86170
2.65490
2.58888
2.50176
2.54869
2.54617
2.13039
2.11569
2.03415
2.05261
2.09791
2.12530
2.25006
2.26076
2.32020
2.25396
2.34040
2.37128
2.31220
2.56840
2.54360
2.65060
2.72573
2.59958
2.54192
2.55128
2.63488
2.49167
2.55014
2.59828
2.54613
2.52895
2.48038
2.58150
2.71086
2.81664
2.85896
2.83894
2.32538
2.40159
1.97785
1.91519
1.84899
1.89290
1.97123
1.96097
1.95719
1.93893
1.91331
