18.81953
19.25420
6.72307
6.72042
6.71123
15.54675
39.89363
6.79877
7.03318
7.02848
7.03162
31.60448
7.02467
7.04877
7.05815
7.32412
27.41930
14.03337
8.06610
8.09143
8.08918
20.27005
21.22707
7.39317
7.23295
7.25300
15.77463
25.14810
7.02535
7.39295
7.08043
7.81693
37.69852
8.56070
8.52472
11.04853
8.23623
32.60762
10.22615
9.59400
10.16095
10.32933
34.81142
15.48888
15.32588
14.31533
20.76303
32.13008
13.29115
12.96485
13.19180
11.88370
36.92202
14.52060
14.01660
13.46508
19.88087
52.52698
23.32485
12.94347
13.91923
13.04710
24.35487
28.25788
13.03248
22.23363
30.30765
30.54898
12.51515
8.03403
8.01650
7.61963
33.98387
29.81182
7.56257
7.90935
9.67055
7.48518
27.35385
11.66450
6.98637
6.53747
7.09637
18.13455
8.33363
6.90102
6.79087
7.18592
22.35037
18.51658
6.97187
7.39595
7.14928
21.53560
6.30693
6.28227
6.33578
19.38777
23.85310
6.77285
6.99177
6.75328
12.97522
24.39635
6.14485
6.11388
6.15800
9.01395
26.69247
6.25733
6.26483
6.49200
11.71177
58.38722
17.79428
8.04418
10.91447
9.94782
36.44038
12.44817
15.27165
15.26808
16.12345
43.44557
18.50308
18.83105
18.70562
18.68368
41.68435
17.02930
14.39985
14.26138
13.87657
43.64010
20.48507
13.07805
12.27792
12.12057
13.00248
36.43115
11.86168
12.49657
13.31807
13.46970
37.99642
13.47153
13.50255
13.72603
12.94007
34.05670
13.52170
11.18475
10.39627
8.70980
25.45950
23.78778
20.12223
8.61400
8.16058
21.70668
18.80910
8.52657
8.85568
11.65763
21.45518
25.13453
9.75697
17.30072
17.29475
22.34360
36.50162
15.58570
14.56777
14.70975
18.14297
48.22458
33.78803
33.67310
32.80670
24.58090
49.03977
24.86275
25.14897
20.96945
18.25398
41.56502
19.50930
18.31867
18.32688
18.29065
36.95080
28.20298
18.15225
17.75050
17.74362
17.75270
43.18883
18.17465
17.76072
17.77428
17.76443
38.98745
23.35267
18.25118
18.26695
18.31365
35.08115
20.86868
5.96897
5.96385
5.71975
23.10320
30.25948
5.45687
5.46375
5.46795
29.40182
35.54983
13.11943
4.95198
5.35093
5.63432
5.47722
5.49160
6.58633
6.94240
5.75497
6.24803
6.26580
6.26443
5.84195
5.76442
5.76858
5.76622
5.79763
5.83883
5.84673
5.38382
6.70008
5.47432
5.81253
5.82410
24.61590
5.49602
5.47867
5.48268
5.50308
5.50778
5.47408
5.29937
4.99430
4.98692
4.99967
4.99427
4.99063
4.99083
4.98175
4.97600
4.98580
5.32690
5.45892
5.46585
5.48005
5.47840
5.50198
7.39413
7.46140
5.50698
5.52387
5.15925
4.97652
4.95582
4.95088
4.97348
5.01547
5.01923
5.01802
5.02830
5.42203
5.50287
5.50278
5.55772
5.85238
5.85532
5.96510
10.65447
26.59845
6.36447
