0.24448
0.16846
0.15306
0.25448
0.14250
0.21280
0.19776
0.14301
0.25525
0.15628
0.14950
0.26186
0.14387
0.20581
0.21010
0.14313
0.24555
0.16681
0.14714
0.26129
0.14262
0.20334
0.21179
0.14291
0.24663
0.16452
0.14855
0.26778
0.14188
0.19200
0.22040
0.14350
0.22795
0.18165
0.14242
0.26567
0.22973
0.26152
0.32065
0.23157
0.31654
0.26699
0.23073
0.35333
0.23090
0.27622
0.31761
0.23253
0.33053
0.26642
0.23826
0.35886
0.24289
0.31208
0.21053
0.13953
0.25076
0.15636
0.15003
0.25412
0.14186
0.21254
0.19145
0.14092
0.26204
0.13787
0.17355
0.22556
0.14004
0.23553
0.17119
0.14282
0.26719
0.14339
0.19214
0.21671
0.14361
0.24801
0.16142
0.15399
0.25765
0.14960
0.21838
0.19951
0.15128
0.26679
0.14785
0.19160
0.22433
0.14863
0.25345
0.16452
0.16745
0.29921
0.24006
0.30862
0.28980
0.23833
0.35684
0.24141
0.27193
0.32768
0.23915
0.32938
0.27285
0.24385
0.35857
0.24891
0.30412
0.32175
0.25907
0.28838
0.17589
0.14947
0.26882
0.15125
0.19642
0.22521
0.15472
0.24425
0.18324
0.15624
0.27021
0.15061
0.19606
0.22744
0.15403
0.25380
0.17613
0.15739
0.26907
0.15566
0.20868
0.21658
0.15094
0.26131
0.17398
0.15455
0.26866
0.14960
0.20891
0.21938
0.15199
0.25514
0.17633
0.15476
0.26768
0.15040
0.20518
0.21548
0.15030
0.25525
0.22649
0.25014
0.34297
0.23846
0.49828
0.28765
0.23568
0.35211
0.24333
0.25603
0.33922
0.24234
0.34396
0.40261
0.43145
0.46379
0.31751
0.21056
0.26538
0.18249
0.18522
0.30229
0.43068
0.44329
0.17015
0.25129
0.42270
0.23239
0.28981
0.48663
0.86819
0.76645
0.17403
0.17269
0.25904
0.14470
0.19819
0.20941
0.14387
0.24482
0.16310
0.14730
0.26359
0.14370
0.19363
0.21763
0.14277
0.24704
0.15628
0.15482
0.24899
0.13990
0.21012
0.19482
0.14266
0.26126
0.14349
0.17620
0.23127
0.15214
0.31730
0.26746
0.23401
0.34912
0.23612
0.28829
0.31207
0.23718
0.33648
0.26811
0.24205
0.36051
0.24333
0.30766
0.30863
0.25516
0.26109
0.15660
0.15917
0.25833
0.14656
0.20000
0.20595
0.14418
0.26240
0.14371
0.17731
0.23419
0.14343
0.23838
0.17394
0.14528
0.27044
0.14382
0.19082
0.21906
0.14331
0.25322
0.15376
0.16790
0.23901
0.14548
0.23089
0.17833
0.14709
0.26390
0.14339
0.20914
0.19518
0.14416
0.26877
0.14419
0.18022
0.23316
0.14467
0.24365
0.17315
0.21519
0.35124
0.23260
0.30457
0.28099
0.23460
0.35732
0.23363
0.27122
0.32972
0.23596
0.32646
0.27696
0.24259
0.36117
0.24709
0.32204
0.21362
0.14420
