4.15987
4.14950
4.23860
4.78122
4.80133
4.74250
4.13765
4.14100
4.17995
26.02765
29.62370
29.90177
12.75962
2.65243
3.23168
2.53227
2.10937
1.60683
1.59552
1.57358
1.59235
1.99938
2.26518
1.90285
1.62577
1.63580
1.65035
1.64107
1.87752
2.33155
2.34603
2.09097
1.67853
1.65265
1.66067
1.67565
1.67363
2.29882
2.38107
1.78207
1.62773
1.62653
1.63847
2.08198
2.35052
2.35907
1.94283
1.66327
1.68073
1.68323
1.68652
1.63303
7.22613
28.04560
28.22132
25.41933
1.68332
2.09948
2.54435
2.96692
2.68287
1.93682
1.93852
1.90938
1.90388
1.88743
1.88292
2.19322
2.64165
2.67317
2.31528
4.03005
7.97927
3.36487
2.69430
2.37237
2.80433
3.00827
5.92485
30.51662
33.64182
33.37962
6.92533
3.51917
6.89817
7.17813
6.27117
3.17983
3.58725
2.17338
1.87780
1.99185
2.05273
2.09533
2.21792
2.46515
2.93850
3.00202
2.44337
2.25583
2.62653
3.09025
2.92818
2.52380
2.23288
2.21997
6.87360
29.99462
30.28950
23.25420
2.98297
2.99417
2.41160
2.14388
2.36158
4.62377
2.35377
2.14610
1.71843
1.76243
1.74645
1.73448
2.09878
2.46882
2.36013
1.86715
1.86785
2.50578
2.55017
2.58045
1.87413
1.84433
1.88590
2.16785
2.37575
2.55252
2.56533
2.14548
1.85073
2.07098
2.52703
2.56902
6.69492
7.50457
2.22735
3.44708
6.40175
6.01717
2.65963
2.64072
2.10112
8.69552
33.49785
31.11967
27.01290
2.72445
1.96972
2.68743
2.67985
2.67798
2.11708
4.03158
6.53190
1.94065
1.97487
1.95025
8.14653
8.55062
5.11905
6.05287
5.68828
7.48648
5.94805
3.65267
2.71363
4.24483
6.26457
6.05995
2.98325
1.86953
1.85333
3.61500
4.00048
6.74415
2.03127
2.03248
2.05200
2.66277
2.69117
2.12378
1.99257
19.13888
28.41812
28.34038
12.26567
1.95812
1.97942
1.97802
1.98148
2.04588
2.64783
2.39905
2.04847
1.59857
1.57248
1.56073
1.56885
2.28093
3.12865
8.35730
1.52868
1.38002
1.37687
1.37347
1.36965
1.38100
1.38348
1.38452
1.36962
1.80428
1.99413
1.51018
1.30687
1.33965
1.52855
2.01730
2.02648
1.74800
1.35495
1.36742
1.37517
15.50208
28.21850
28.06902
14.91300
1.32217
1.76247
2.00875
1.58988
1.31770
1.31447
1.30813
1.31910
1.31990
1.31110
1.77002
2.01247
2.03962
1.56745
1.35258
1.32495
1.33448
1.33808
1.57070
2.00595
1.87965
1.33822
1.34265
1.34957
1.34868
1.35052
1.34955
1.34460
1.35097
1.35152
2.00862
2.06195
2.07965
1.38785
1.37315
1.35797
1.36353
1.81905
2.06047
1.78365
1.38452
5.13080
28.01997
28.03622
28.90065
4.55907
2.24495
2.25103
2.26420
2.86247
2.99077
3.03797
2.37015
