1.87867
1.77841
1.77547
1.65074
3.26735
1.20119
1.25839
1.60603
1.88593
2.58996
2.40560
2.41660
2.39322
3.16325
6.37759
5.52828
1.72492
2.01606
2.09705
3.10412
3.46968
3.01168
2.22240
2.57090
1.88781
2.03586
2.19479
1.37387
1.12306
2.24336
1.31448
1.36393
1.82328
2.44308
2.28401
1.80436
2.41177
2.36244
2.02162
2.07771
1.41302
1.11380
1.71002
1.87752
0.75621
0.51144
0.41137
0.75938
0.70045
0.70957
0.65703
0.97408
3.41958
3.40620
0.97292
0.91236
1.07369
1.02644
0.99655
1.11504
1.28767
1.11927
0.96330
1.29835
1.24782
1.53001
1.58356
1.30952
1.24106
1.23887
1.12699
1.53495
2.25332
2.66013
3.30568
3.23013
3.07069
2.35080
2.20378
2.46674
2.39993
3.57098
2.91721
2.47123
1.98535
1.97313
2.24624
2.09764
2.47211
2.49428
1.89889
2.16950
2.44393
1.85061
1.71287
1.77470
2.21567
2.29487
2.09968
2.28314
2.20192
2.13294
1.88468
1.90311
2.54524
2.91045
3.56476
2.37615
2.33528
2.36624
2.30779
2.05364
2.14990
2.23940
1.88574
2.08275
2.52568
2.54582
2.75847
2.69264
2.79948
2.61295
2.73141
2.76263
2.73595
2.57612
2.84977
2.83716
2.92234
2.89201
2.95706
3.09938
2.89236
2.82688
2.52585
2.59032
2.74533
3.39307
3.41491
3.13647
3.19955
3.25565
2.96532
2.40630
2.48855
2.65977
3.56667
4.39989
3.99536
2.40896
3.04311
2.18477
1.91596
1.66193
1.85234
1.62420
2.15110
2.16851
2.26620
2.06005
2.31778
2.25675
2.53468
1.69251
1.92610
2.91654
1.80673
2.35951
2.55324
1.91075
2.34498
2.15748
3.25049
2.27695
2.17874
1.83744
2.11942
1.93626
2.50246
2.28800
1.98664
1.88544
1.69415
1.77804
1.54967
1.71303
1.38360
1.26308
1.24818
1.15968
1.57832
1.17814
1.32170
1.34662
0.77140
1.10530
0.80419
0.79321
2.76078
3.28146
2.80370
1.39062
1.33981
1.03505
1.07050
0.99286
0.75187
0.59273
0.64398
0.60761
0.77262
0.68414
0.79774
0.82888
0.88329
0.88157
0.87717
0.82765
0.67465
0.48515
0.21134
0.30193
0.44338
0.48990
0.49176
0.66537
1.44316
1.64732
1.56357
1.33764
1.37524
1.40636
1.19749
1.25327
1.28005
1.29058
1.40786
1.50770
1.31316
1.40827
1.45033
1.50857
1.81404
1.35286
1.37316
1.30581
0.63598
0.49360
0.76365
0.67749
2.25335
2.88991
2.38125
0.90967
0.98354
0.99781
1.00988
1.02555
0.94890
0.83980
0.72406
0.55965
0.47369
0.69710
0.70605
1.21128
1.32734
1.47299
1.22772
1.24035
1.18491
0.77604
0.71356
0.70533
0.70163
0.84780
0.93596
0.96711
1.00945
1.12325
1.18947
1.27628
1.47151
1.65789
1.64980
1.66840
1.83192
1.98786
