15.65560
15.87067
16.31527
18.92012
30.98432
17.99632
18.00767
29.72108
19.59948
17.20398
17.21417
16.30420
16.29447
25.72663
24.75065
17.08753
21.59010
30.36917
16.51288
16.21770
16.19217
25.70738
19.93467
16.30818
16.84343
24.06992
29.18788
16.93467
16.65325
30.10675
19.96828
16.17807
16.97947
17.68717
33.17702
22.48485
19.84047
32.58290
21.23688
17.50460
29.46232
16.64810
16.65192
17.98785
31.36370
17.23247
24.12378
27.97763
16.61105
30.50222
20.81123
14.49020
14.55335
14.20808
14.03098
15.57895
13.99088
13.11235
13.09148
13.06457
13.08263
13.39023
29.06947
30.52242
15.71247
23.26775
30.96152
30.81747
29.93988
30.85948
31.26227
31.19793
31.20187
31.76805
32.07748
31.45202
31.16475
31.26822
29.24677
13.96368
30.60045
30.64105
30.69807
30.93270
31.58755
31.44992
31.47487
31.67207
31.18185
30.90658
30.82603
30.93538
30.88197
31.14788
31.89868
31.67705
31.78273
31.60362
31.83017
27.13638
16.58720
31.18323
30.48913
30.50285
30.41615
31.31990
31.41390
23.67647
14.52292
31.14030
18.16545
14.83820
30.60578
29.95267
12.64612
25.59815
31.76673
24.21835
19.88030
31.45010
31.41787
18.58403
21.83733
31.06417
14.51048
23.04080
22.70058
13.24775
30.77718
23.55592
13.82738
27.29505
18.73370
12.36513
25.76517
12.80218
12.37055
12.37005
12.58135
13.14863
13.17647
13.18478
13.20282
12.94548
12.38240
12.38052
12.38123
12.38873
12.38842
12.73868
13.09378
13.04275
13.05147
13.06117
12.61542
12.23812
12.24470
12.24293
12.27183
12.26072
12.85858
13.04378
13.04280
13.05463
12.76973
12.24177
12.24012
12.23113
12.23665
12.23223
12.59108
13.03445
13.04098
13.03962
13.05288
12.43467
12.21980
12.21943
12.22300
12.22333
12.25432
12.91008
13.05250
13.06647
13.07915
12.97065
12.26192
12.25767
12.25890
12.26003
12.26047
12.42023
13.22313
13.24363
13.38380
13.41528
13.00272
12.59490
12.59558
12.59685
12.59940
12.60762
13.09310
13.44442
13.45327
13.68708
14.00600
13.28680
13.16660
13.16418
13.16472
13.16753
13.15652
13.87810
13.95160
13.96707
13.97583
13.90188
13.16768
13.18805
13.18165
13.17352
13.17305
13.44720
13.94882
13.97025
13.98880
14.00340
13.25852
13.14672
13.15015
13.15780
13.15215
13.24275
13.92558
14.01738
14.01780
14.03020
13.50597
13.18860
13.16652
13.18083
13.17995
13.18473
13.77270
13.98002
13.98592
13.99555
14.03467
13.23317
13.17618
13.17948
13.17828
13.73480
14.63345
15.35433
15.36823
15.39965
16.21390
15.10675
14.07668
14.07128
14.07192
14.07625
14.07422
14.36740
14.86393
14.88763
14.89532
14.90543
14.47785
14.06832
14.07495
14.07253
14.07345
14.06763
14.60493
14.86728
14.88685
14.91338
14.91722
14.27062
14.08170
14.07720
14.07688
14.08827
14.07235
14.82990
