4.65240
4.45420
4.17612
4.17580
4.17663
4.16432
4.17038
4.55315
4.64082
4.65442
4.66713
4.24140
4.16405
4.58703
4.60057
4.59963
4.60302
4.59925
4.62942
4.68992
4.68667
4.69872
4.28160
4.22448
4.21527
4.22005
4.21275
4.21130
4.21192
4.20382
4.20695
4.20950
4.20288
4.38943
4.64680
4.67360
5.05647
5.05703
5.05347
5.05452
5.08085
4.74163
4.64197
4.41047
4.17293
4.17695
4.17130
4.16995
4.17173
4.17042
4.17255
4.18128
4.19738
4.19005
4.25837
4.65107
4.65615
4.65835
4.65872
4.66157
4.65672
4.69745
4.75852
4.97562
5.09107
4.84923
4.90197
4.88588
4.48488
4.47870
4.52548
4.47080
4.56897
4.62457
4.65338
4.68702
5.13717
5.16578
5.20215
5.23838
5.25663
5.27633
5.27808
5.31297
5.34767
4.83442
4.87595
4.83368
4.90937
4.92468
4.94923
5.42155
5.43108
5.44362
5.45657
5.47390
5.47490
5.52737
5.47115
3.67350
3.12630
4.24247
4.25377
4.33498
4.46943
3.73178
3.78437
2.94642
2.60297
2.69318
2.88473
3.15643
2.41293
2.34943
2.77955
2.91768
3.36940
4.06917
4.17257
3.77300
3.95270
3.98135
3.91410
4.19420
4.62200
4.45928
4.38538
3.89698
4.90295
5.76312
3.69937
3.78145
3.80790
3.76615
3.74362
3.29665
3.17272
3.62983
4.03200
4.02162
4.02010
4.01383
4.04215
3.76013
3.62772
3.62253
3.61120
3.15992
3.14327
3.11012
3.13283
3.89627
9.31287
9.30333
7.81910
3.23573
5.27007
4.69638
9.41678
9.79172
9.76250
8.62042
3.60390
3.30330
3.23600
3.23190
3.22273
3.03780
2.68717
2.66522
2.65743
2.61520
2.75593
2.97333
3.64252
6.44183
2.53602
2.30155
6.18725
4.92475
3.52535
6.39383
3.34157
3.26292
6.44632
4.66082
2.63343
5.50912
4.86125
2.48417
5.96922
3.69890
2.63728
5.98888
3.54347
3.11222
6.08390
4.18023
2.45720
6.79192
7.19223
6.85797
7.19192
4.97095
2.56035
2.48383
2.46690
2.46268
1.98423
1.98595
1.98590
1.98847
1.99135
1.98505
1.98507
1.98985
1.98648
1.98592
1.98985
2.00948
2.43842
2.44050
2.44660
2.45532
2.46005
2.45787
2.46630
2.47628
2.12310
1.99465
1.99917
1.99523
1.99670
2.00382
2.43885
2.47950
2.49487
2.45308
2.00878
2.00713
2.43368
2.45575
2.45997
2.45908
2.46742
2.46495
2.46928
2.46722
2.22355
2.00318
1.99973
1.99732
1.99703
1.99390
1.99518
1.99855
1.99310
1.99248
1.99705
1.99067
2.32173
2.44837
2.83452
2.88053
2.88797
2.90450
2.70128
2.49208
2.49488
2.19985
2.02788
2.02565
2.02702
2.01253
1.99360
1.99037
1.99315
1.99105
1.98942
1.99123
1.98803
2.40583
2.44168
2.44172
2.73020
2.44917
2.46973
2.49193
