0.92494
0.86722
0.95508
0.94437
0.95949
1.06661
0.97030
0.86952
0.77366
0.64571
0.65525
0.77936
0.68884
0.67106
0.59211
0.60277
0.60331
1.18401
1.35156
1.34300
1.39794
1.19764
1.34284
1.35001
1.23511
1.37998
1.24042
1.19564
1.16858
1.27625
1.37186
1.34118
1.25378
1.25924
1.10890
1.16713
1.03335
1.17565
1.13112
1.13066
1.13233
1.07893
1.03844
1.13259
1.07776
1.13809
1.14473
1.51441
1.35043
1.43751
1.35735
1.22419
1.08095
1.37466
1.14689
1.06497
0.67062
0.71161
0.78480
0.94240
1.00442
1.08544
1.05294
1.06560
1.04712
0.95844
0.92895
0.98242
0.88705
0.86806
0.77053
0.73852
0.80122
0.85400
0.82863
1.07606
1.32005
1.97278
2.57611
2.40278
2.52690
2.55199
2.75132
3.26661
3.27852
3.76528
3.64998
3.08696
3.61458
3.52211
4.11008
1.63006
1.33783
1.06437
1.02378
0.91669
1.28027
1.35737
1.28842
1.14917
1.16707
1.01739
1.02656
1.03274
1.19781
1.24234
1.10612
0.85858
0.86945
0.70282
0.75276
0.81209
0.86437
1.15026
1.02820
0.99633
1.03194
1.02526
1.62376
1.33988
1.02519
0.98561
0.87379
0.88769
0.95996
0.72280
0.66679
0.60369
0.59195
0.50521
0.50674
0.62582
0.50630
0.55604
0.72643
0.73528
0.66068
0.78702
0.66309
0.67110
0.72496
0.70664
0.68213
0.50817
0.50355
0.50362
0.50370
0.64426
0.83221
0.84428
0.81950
0.87551
0.90536
1.08081
1.55161
1.45863
2.31570
1.82422
1.18273
1.85317
1.82400
1.83677
1.94753
1.75807
1.44773
1.74871
1.51966
2.13488
2.15956
2.27242
1.61994
1.04837
1.40635
2.14853
1.98712
1.16327
0.76144
0.90055
0.72090
0.65546
0.67322
0.83636
1.64546
1.27770
1.11318
1.09700
1.13385
0.99015
1.10027
1.73658
1.82438
1.20083
1.37614
1.18528
0.89038
1.37041
0.66718
1.24985
1.29534
1.12853
1.59818
0.82092
1.04520
1.67424
1.03033
1.72564
1.39025
1.79721
1.28030
1.11765
1.70644
1.62979
1.14724
1.35798
1.65916
1.58582
1.61495
1.52212
0.79296
0.79095
0.95178
0.88603
0.89485
0.77500
0.77884
0.78386
0.81660
0.87625
0.78052
0.50680
0.50632
0.50640
0.50703
0.52709
0.71462
0.61121
0.59489
0.66429
0.66630
0.66717
0.78961
0.76796
0.78090
0.63408
0.50627
0.51315
0.60060
0.52944
0.60400
0.61382
0.50789
0.60573
0.61937
0.66213
0.69416
0.76430
0.77049
0.77397
0.67844
0.60769
0.50716
0.54356
0.69033
0.81844
0.62021
0.62194
0.62348
0.70135
0.82510
0.87802
0.75753
0.67313
0.67460
0.67641
0.77669
0.70269
0.60870
0.58140
0.50862
0.50731
0.50842
0.62035
0.59238
0.60949
0.69877
0.66639
0.75444
0.76840
