2.05110
2.09022
2.70655
2.73587
2.30122
2.04925
2.05352
2.54325
2.99448
2.83723
2.24605
2.19005
2.23797
2.69758
2.74185
2.14685
2.04120
2.03697
2.65553
2.57088
2.12733
1.74825
1.75432
2.05138
2.41237
2.46548
1.79342
1.75878
1.82447
3.46853
3.60395
3.26627
2.91017
2.90837
3.36003
3.58597
3.66862
5.41102
4.30657
4.44453
4.97037
4.98828
4.71485
4.29803
4.19008
4.52663
4.85598
4.89313
4.22067
4.26633
3.97737
4.51953
4.56680
4.05333
2.65670
2.63653
3.12957
3.25805
3.00738
2.52187
2.42495
2.46695
2.70947
2.53447
1.68260
1.35202
1.35835
2.02342
2.08332
1.68612
1.61412
1.11595
1.32005
1.23388
0.79145
0.06907
0.26975
0.57745
0.78833
0.39570
0.74697
0.66017
1.46443
2.13747
2.45647
2.33340
2.01990
2.32115
2.83617
3.25795
3.49758
3.40182
3.83508
4.28912
5.47112
6.21255
6.38485
6.64317
6.66968
5.94267
7.46810
8.51657
8.55435
7.16362
6.92713
8.95905
10.36452
6.44855
3.76257
2.58493
2.32488
2.12518
1.83432
2.21498
11.59402
6.21453
4.21310
5.08808
3.26503
2.50483
2.41083
6.46663
5.60222
4.24633
7.26860
12.14475
12.08512
13.68677
9.66983
9.98248
13.57920
11.49162
6.79310
13.78450
13.10138
13.18077
13.54985
13.97405
13.95283
13.57655
13.32353
14.04083
14.08625
14.13358
14.09408
13.92857
13.43025
13.29513
13.75028
13.80610
13.70058
13.36077
12.99813
13.00700
13.47307
13.33293
12.90660
12.22638
12.06617
12.64950
12.53282
12.09897
11.39168
11.48400
11.56012
10.01827
9.93728
9.52875
9.66672
8.19420
8.67657
7.82725
7.69788
7.80968
6.88135
7.89902
6.59747
5.29805
5.16555
5.04422
4.87835
4.76358
3.93790
2.64873
2.50425
2.27302
1.99380
1.55563
0.84357
0.12652
0.29168
0.06408
0.45530
0.91657
1.74300
1.90075
1.80362
1.81685
1.34773
1.88595
1.90012
1.58003
0.66532
0.51595
1.47153
1.59845
1.80022
1.57577
1.56548
1.55350
1.54803
1.84705
2.21477
1.65560
1.55343
1.55482
1.55472
1.55427
1.92862
2.24330
2.14422
1.58027
1.58190
1.77022
2.22993
2.23270
1.56538
1.56752
1.77917
2.22978
2.27723
1.56870
1.57527
1.54390
1.54580
1.54545
1.54532
1.88175
2.22360
2.09762
1.54320
1.54363
1.56188
1.56777
2.13563
2.24780
1.87500
1.56682
1.57138
1.98500
2.23990
2.04690
1.57005
1.56492
1.59530
2.22015
1.94023
1.55013
1.55302
1.55342
1.55063
1.80462
2.23205
1.94623
1.55763
1.56727
1.70895
2.22573
2.27002
1.63502
1.56293
1.60600
2.21878
2.24085
1.88797
1.57728
1.56013
1.55105
1.70362
2.25923
1.89360
1.55472
1.55047
1.54677
1.55032
1.96750
2.24735
2.14800
