3.93968
3.96028
3.96048
3.98390
4.20650
5.70440
6.77660
6.43772
6.00627
5.68978
5.27577
5.26072
5.57975
5.62605
5.67845
4.60807
3.81905
4.12457
4.42238
5.14953
6.04890
5.89912
6.56908
6.77083
8.13630
8.74057
8.23012
7.97053
6.98290
6.33297
4.37108
4.27667
4.04333
4.13800
4.07223
4.01248
4.07773
4.05180
4.21590
4.65557
4.87983
4.72205
4.88102
5.21398
4.97478
5.82900
5.45942
5.06817
5.21132
5.14297
5.28175
5.24793
5.34848
5.33025
5.31515
5.13128
4.54425
4.49483
4.41577
4.39580
4.35820
4.33335
4.30218
4.42325
4.47880
4.35833
4.52920
4.49073
4.45477
4.48737
4.57378
4.41497
4.99263
8.70728
5.93920
4.53447
4.48217
4.61660
4.89473
4.72157
5.05117
4.71788
5.62408
4.67610
5.08362
4.47202
4.64673
4.44907
4.24437
4.30000
4.29625
4.27037
4.57410
5.19813
4.86677
4.87122
5.00482
5.52517
11.12502
11.76452
8.10043
6.02287
6.25843
5.15758
5.50532
7.88598
10.66878
10.62985
5.52918
5.04330
5.40652
5.25542
5.13942
5.11308
5.09878
6.79605
4.60828
4.63800
4.71918
4.67583
4.82870
4.01175
3.32583
3.29810
3.31428
3.33143
3.31100
3.29467
3.39927
3.37113
3.29637
4.30240
4.45230
4.62185
4.47083
4.74682
6.13170
5.67013
5.16657
5.53717
5.38463
5.35032
5.55633
5.78718
5.95582
4.54805
3.62558
4.46975
6.16528
6.09778
6.78947
6.56762
5.21178
5.54982
6.26392
6.19975
6.25927
6.33503
6.21850
6.61903
5.79110
5.60582
7.32752
7.64313
7.06837
5.47657
5.96538
5.99687
5.68470
5.69332
5.58513
5.34833
5.27932
9.83227
6.27418
5.23255
5.57598
4.05660
3.50758
3.39987
2.73732
2.01625
2.04222
1.91743
1.82043
1.83045
1.80583
1.71560
1.46147
1.21313
1.21278
1.21465
1.21478
1.21260
1.21270
1.21362
1.49023
1.77295
1.82873
1.77213
1.75913
1.77602
1.80498
1.76885
1.76330
1.78935
1.80367
1.76437
1.77155
1.79798
1.82365
1.82500
1.79663
1.67638
1.22032
1.22963
1.22563
1.22105
1.22272
1.22890
1.22752
1.22562
1.22977
1.65802
1.77352
1.76683
1.79680
1.82153
1.77098
1.76977
1.81427
1.80410
1.76455
1.77252
1.81635
1.82495
1.81598
1.79707
1.67858
1.52058
1.21868
1.23082
1.23077
1.22310
1.22117
1.23053
1.21937
1.75237
1.78367
1.81577
1.75760
1.75932
1.79117
1.78108
1.75200
1.77003
1.82588
1.78663
1.76832
1.79442
1.81947
1.76297
1.76600
1.80323
1.80093
1.76560
1.77555
1.81232
1.82417
1.80642
1.73215
1.64973
1.41690
1.20647
1.21323
1.22557
1.22030
1.20680
1.26003
1.20583
1.20678
1.71702
1.77043
1.74985
1.76372
3.45112
3.94990
5.61707
