78.93623
79.02297
75.14040
78.30647
79.94420
75.31213
77.31137
81.56293
74.67135
75.55027
81.58605
75.93757
75.67740
78.93237
78.94773
75.31700
78.98937
89.59868
75.28942
75.20830
79.90635
78.56540
76.65662
74.95992
81.73380
76.38168
74.76702
77.99033
79.65953
75.06833
75.85788
81.91937
75.78400
75.99625
77.79165
78.82858
76.16028
74.53010
79.49547
78.48590
75.14647
75.49983
82.10675
74.68805
75.51238
78.12605
78.82350
75.33885
86.06993
79.61787
78.33108
75.82522
74.95888
82.16937
75.26972
75.37358
77.60177
79.56398
75.23650
75.81858
79.16297
77.74260
75.78280
75.52303
82.16535
75.27710
75.17765
77.12825
81.85752
75.73058
76.83948
77.20435
81.89153
76.93632
76.84532
78.71920
80.64530
75.85673
77.11805
80.39053
79.33508
77.60532
76.77700
80.66537
79.60630
76.19378
78.11313
83.71785
77.82625
78.03953
79.01358
85.08307
79.64643
80.94135
81.83172
85.51703
79.57847
77.84982
83.62420
79.26847
77.76558
80.19563
84.67982
78.64735
79.20972
79.96213
82.37035
78.51245
77.60282
83.81848
79.46327
77.69180
81.36210
82.23195
80.95938
110.74158
126.68945
112.59820
111.98065
112.84680
113.32592
79.51537
77.34073
82.31248
79.26128
76.08930
78.77733
81.82310
77.23042
77.69288
83.72475
76.70290
77.20190
82.61968
79.26967
77.40028
80.84517
80.85610
77.45882
77.41187
83.64632
78.16465
76.72580
81.75382
93.08490
76.83418
77.27207
84.14853
75.26678
76.28500
80.87037
79.40045
76.33822
76.04408
81.43498
76.50658
75.19840
78.36375
80.05668
75.52917
76.19550
81.52890
75.00678
74.77195
80.88348
76.50898
76.39900
77.09738
80.46365
75.51935
83.51997
80.90018
80.36143
75.77640
74.75575
81.73562
77.21695
74.97292
76.97172
81.25272
75.82075
76.20738
77.87318
79.37650
75.54793
75.16727
80.96135
79.52285
74.90065
77.61647
81.08952
74.74263
75.55738
80.08593
78.50145
76.27572
76.28868
82.17863
75.58233
75.02253
89.41182
80.03367
75.34617
75.08152
81.83048
75.00818
75.52592
80.12803
78.10597
76.30100
76.88388
80.42622
75.78377
75.41163
79.27695
77.77905
76.48442
76.61328
80.89157
75.47417
74.98630
81.44937
76.95752
76.18017
77.20692
80.46313
75.57110
75.83695
81.14980
75.96142
75.62227
79.00978
79.74290
75.01565
86.29877
81.29520
76.10793
75.96867
79.39613
77.95993
75.62592
75.34850
82.46128
75.52343
74.80888
81.65463
78.32178
74.77775
78.12713
80.52510
75.31950
75.92920
80.46632
76.04258
76.70045
78.14055
78.69490
75.85722
76.74392
80.52778
75.55855
75.56627
82.56288
76.52723
74.63523
79.16410
79.07695
74.72447
76.42303
82.73323
75.43020
76.13263
80.74693
77.22822
75.99167
77.94602
90.92052
76.53102
75.69503
82.22788
76.46892
75.39073
78.92185
78.09030
75.04757
77.37198
80.39145
75.57105
