0.29077
0.34665
0.39883
0.43187
0.50329
0.51125
0.39995
0.29067
0.29042
0.29362
0.28957
0.31009
0.42459
0.49578
0.50215
0.44815
0.41447
0.29061
0.28953
0.29045
0.28865
0.33181
0.45255
0.49857
0.42658
0.40376
0.40861
0.38054
0.28933
0.28898
0.35140
0.38893
0.40215
0.39831
0.39863
0.39947
0.40563
0.41132
0.32963
0.37771
0.38791
0.36527
0.29001
0.34880
0.39586
0.40053
0.40137
0.43653
0.51197
0.41677
0.32758
0.28892
0.31912
0.29282
0.34253
0.39495
0.47717
0.50081
0.49682
0.41110
0.32295
0.28914
0.28907
0.29011
0.35283
0.44656
0.49997
0.41009
0.40251
0.40974
0.41313
0.33474
0.33908
0.39055
0.39402
0.31943
0.73840
0.64202
0.64539
0.64692
0.69541
0.75349
0.71173
0.55929
0.53600
0.53401
0.53064
0.56337
0.69700
0.73575
0.74889
0.66944
0.66192
0.66968
0.54957
0.54175
0.64062
0.64494
0.61467
0.63942
0.65085
0.65308
0.66402
0.73775
0.77049
0.81382
0.67112
0.55752
0.48845
0.48671
0.56645
0.69114
0.70913
1.05977
1.15224
1.42648
1.48979
1.20447
1.13598
1.12794
1.09663
1.02520
1.09445
1.13124
1.16224
1.20270
1.24603
1.20386
1.14929
0.97649
1.01286
0.87413
0.90646
0.96355
1.01482
0.97585
1.04791
0.98457
0.99875
0.93432
0.86679
0.83332
0.99401
1.10021
1.05937
0.92825
0.92205
0.93065
0.94892
0.96382
0.97852
0.97374
0.93657
0.81498
0.82354
0.90432
0.92265
0.98798
0.95108
0.93474
0.93956
0.94937
0.95539
0.88110
0.85221
0.79648
0.72441
0.78475
0.80481
0.79249
0.84661
0.82758
0.81465
0.79842
0.85006
0.89361
0.90300
0.91071
0.92619
0.86574
0.82111
0.83426
0.75034
0.73159
0.80256
0.87628
0.91652
0.92173
0.92008
0.93354
0.93405
0.94889
0.95231
0.86489
0.74563
0.76150
0.81088
0.80186
0.81452
0.90435
0.83101
0.82951
0.82909
0.83681
0.83949
0.81589
1.06638
0.83785
0.88300
0.94117
0.90788
0.88101
0.80048
0.84892
0.95523
1.44920
3.01892
3.00160
2.99107
2.98144
2.54821
0.80766
0.84898
0.80270
0.85378
0.75970
0.76990
0.76669
0.71634
0.69680
0.78599
0.72508
0.85064
0.86674
0.90775
0.79594
0.80814
2.48551
0.73571
0.70363
0.75013
0.82166
1.24276
2.28887
3.12151
2.82870
2.93569
2.37567
0.98699
1.04111
1.02684
0.80501
0.78994
0.80478
1.08916
2.91380
3.01154
2.87960
1.32529
0.61248
0.71231
0.64146
2.56312
2.83798
1.15183
0.57412
0.52992
0.54043
0.49216
0.43365
0.50532
0.56556
0.56902
0.57462
0.59152
0.53733
0.55792
0.59650
2.08184
0.50492
0.49111
0.48484
0.49024
0.49645
0.51183
0.42394
0.50442
0.48214
