2.66393
11.18788
8.19822
2.26662
3.24707
12.27905
11.43703
2.97158
2.87225
11.29173
10.92952
1.72523
5.52440
13.09400
11.36892
4.64603
11.96545
12.27398
12.37550
11.93635
12.38493
13.35863
13.49450
13.26993
13.26545
4.84117
5.60975
5.60540
3.46057
3.47960
2.84765
5.60963
5.74070
5.24272
3.89380
4.51888
4.54945
4.84323
4.57882
4.57215
4.69420
4.44568
4.57438
4.53678
3.66425
5.20268
5.24697
4.82402
5.37548
5.08890
4.72138
4.80547
4.83612
4.29120
4.03535
4.06338
4.00298
3.99892
3.86575
3.68105
3.55600
3.59992
3.30060
2.77827
2.39232
2.40283
2.53820
2.95622
2.99338
3.33553
3.60357
3.67743
3.75773
4.00848
3.69610
3.47863
3.49453
3.49300
3.13398
3.81513
4.87452
5.21503
5.18710
4.87485
5.17243
4.43850
4.03287
3.72443
3.68372
3.66693
3.77230
4.24148
4.32957
4.40752
3.90400
3.61338
3.04242
2.97920
2.99273
3.03187
2.75303
2.44580
2.83938
3.66237
3.67138
3.57448
3.75325
3.29935
3.04738
3.13388
2.95440
3.05033
3.12310
3.07113
3.69583
3.73440
3.52052
3.78780
2.84448
2.48102
2.37425
2.47453
2.37382
2.48162
2.34805
2.41683
2.80742
2.81103
3.00643
3.07422
2.67318
2.73670
2.79290
2.94583
2.77880
2.77367
2.77147
2.82620
3.23032
3.21612
3.22318
3.28020
2.67568
2.70033
2.66627
2.66100
2.36873
2.12788
2.10927
2.09690
2.48805
2.64595
2.65225
2.71668
2.31957
2.08750
2.09502
2.10255
2.26050
2.48965
2.51083
2.52642
2.54030
3.06870
3.13157
3.22907
3.29722
2.63802
2.64857
2.67178
2.66567
2.69068
1.82810
1.85520
1.37088
4.34205
4.79778
4.28965
2.64425
2.31092
1.98672
1.98127
1.97940
1.99425
2.00168
2.51765
2.56835
2.58023
2.99282
3.13423
3.17170
3.25547
2.80338
3.21515
3.74583
3.57453
3.90642
3.79907
3.83495
3.57753
3.32947
3.20035
3.27453
3.33357
2.93697
2.68452
2.68377
2.69885
2.90555
3.17772
2.96245
3.37390
3.54653
3.94085
4.81542
5.34532
5.63665
5.19010
4.87518
4.01322
3.60152
3.63442
3.61892
3.58442
2.87782
2.97785
2.98955
2.47035
2.08325
2.81352
3.81495
3.81368
3.81010
2.60448
2.27162
2.27070
2.60858
2.89638
2.91808
2.99423
2.68457
2.35312
2.35673
2.47783
2.37398
2.31660
1.84842
1.95370
2.41648
2.64145
2.55535
2.63065
2.27257
1.97497
1.97210
1.97340
1.97193
2.07528
2.37567
2.38788
2.69937
2.97463
3.00238
3.10845
3.03705
10.64368
4.51527
2.49583
2.50430
2.50608
2.49773
2.50967
2.95903
2.59365
2.58850
2.64507
2.13938
1.98665
1.98932
1.99463
1.98862
1.98548
1.98403
1.98253
2.67462
2.97362
10.57053
7.42620
