15.28390
15.63767
18.07670
18.55088
16.64615
15.84510
16.15635
17.66878
19.02127
15.87770
16.51512
16.48505
16.94660
16.05497
18.19638
15.44058
15.37195
17.26780
16.48328
16.19317
19.55495
16.51762
16.68402
15.60270
16.14533
16.73318
19.44057
17.42932
16.18543
16.27182
16.14682
18.42778
18.83697
19.06730
15.83645
15.95165
17.31030
17.22352
17.12472
18.76110
17.89802
16.52237
16.04612
17.08770
16.06165
20.25648
17.33298
16.23797
17.83492
17.21948
18.85173
19.49667
19.40812
17.85668
18.28358
17.35782
17.47690
17.12637
16.20353
17.36933
19.33593
16.68898
17.54037
16.11587
17.22025
16.79622
15.58003
19.26807
18.17730
18.40918
18.05668
17.95413
15.65955
16.66945
19.12512
16.27307
17.71703
16.60715
16.14253
16.66420
16.79573
15.79210
19.53755
19.36345
17.91563
16.31767
17.62763
17.71475
17.27543
15.54768
20.00342
18.41225
17.09460
15.97858
17.39910
16.95915
15.23267
17.95315
19.63228
20.00633
15.68052
17.46017
18.75590
17.42868
17.44367
17.06087
18.03810
18.73705
19.13218
16.63755
15.42145
16.28278
16.95220
16.15462
16.31002
15.89762
19.31330
16.88493
16.65197
15.58692
16.07212
17.68685
16.47142
15.76190
15.79982
18.06960
18.43608
16.02030
16.00598
15.93870
17.13848
16.73572
15.91783
15.85183
15.98882
17.08678
16.24145
19.75097
16.11390
16.06355
17.09828
15.93138
16.18283
16.79062
16.80340
15.90200
15.85685
16.33265
16.55247
17.56405
15.81252
15.50940
15.49535
16.17418
15.16017
16.55142
16.24287
16.25563
16.91583
15.31157
15.95247
17.29668
16.58465
15.57223
15.53378
14.98707
14.94138
17.13080
15.11520
15.16385
15.27903
16.36183
15.29902
16.76972
16.02785
15.78452
16.86805
15.31810
15.23478
15.13580
17.18395
14.88312
14.80497
15.07923
16.22038
16.63328
16.26583
15.36483
14.82790
16.03218
15.16423
15.24908
17.15357
16.98468
16.85893
16.70840
16.65060
16.67597
19.67987
23.03258
20.69930
17.55655
18.11197
16.83317
16.93638
9.96317
12.03170
10.50982
22.35253
22.36262
23.54403
19.49617
37.51553
47.72475
29.97612
25.05253
17.42838
15.00358
15.77167
15.22528
17.57335
15.37643
15.54003
16.64762
17.57008
15.43995
18.04170
17.26550
15.65047
17.19303
17.49705
17.61712
16.07275
15.92003
18.78567
18.47787
18.23293
15.77490
16.63465
16.00835
18.24540
17.38140
16.15245
17.01082
18.29522
18.39052
15.72630
16.63738
15.97280
16.39672
17.92325
16.51522
15.12687
16.00307
16.87740
17.16952
15.37002
17.43903
16.47273
17.72720
20.02262
16.64203
15.53980
15.10727
17.84607
16.48555
15.43722
17.63257
16.06748
18.28677
15.67533
16.11213
17.22880
18.22400
19.32508
16.34127
16.86465
16.20408
17.79210
17.08955
15.73007
17.06137
15.18492
17.13948
15.75622
15.27065
18.64115
16.57967
