3.62222
3.62087
3.62438
3.62170
3.67988
3.73028
2.58912
1.67567
1.74565
1.74572
1.75043
1.74650
1.74810
1.74542
1.74977
1.74497
1.74945
1.74570
1.75230
1.74903
1.74307
1.74972
1.75180
1.73755
1.73637
1.74758
1.75827
1.74850
1.74827
1.75760
1.75188
1.74735
1.75195
1.74505
1.75518
1.75338
1.76422
1.75550
1.75382
1.75723
1.75263
1.76757
1.75742
1.76845
1.78107
1.90375
1.78223
1.76942
1.76325
1.77233
3.84373
1.76568
1.71500
1.72088
1.72437
1.73358
4.42343
1.74683
1.77247
1.78912
1.81933
1.18840
0.95035
0.98463
3.09343
3.03908
1.56058
1.56247
1.55987
1.58205
1.57368
1.56705
1.77748
1.57733
1.56053
1.54353
1.51545
1.51610
1.51770
1.52742
1.53770
1.44443
1.42858
1.44820
1.45440
1.46793
1.50707
1.09452
0.91972
0.91562
1.68688
2.48135
2.31552
2.31278
2.32002
2.30152
2.29882
2.29520
3.88245
2.84263
2.28088
2.25933
2.27212
2.24543
2.24642
2.22998
2.24845
2.21592
2.30958
1.95622
1.78767
1.75830
1.76052
2.32532
2.35720
2.22742
2.16735
2.30990
2.31177
2.31582
1.72958
1.62570
1.60217
1.76213
2.16168
2.16152
2.16467
2.11968
2.11560
1.96340
1.51460
1.51442
1.48993
1.91672
2.11255
2.11810
2.11917
2.13053
1.37083
1.10415
1.10670
1.64067
9.15485
10.50698
15.24030
2.41452
1.02740
1.04312
1.05808
0.56118
0.46820
0.47423
0.46328
0.84530
1.04090
1.05513
1.08407
0.60150
0.59842
0.61602
0.64260
1.05245
1.15907
1.95263
1.60465
0.75042
0.61495
0.61428
0.62707
1.07440
1.20060
1.19847
1.20600
0.71475
0.63560
0.64922
1.53507
2.65803
2.72700
2.44718
1.30968
0.86463
0.73245
0.73567
0.82817
1.29115
1.30265
1.30845
1.32285
1.34257
1.36822
1.39125
1.43202
1.17083
0.77640
0.77898
2.57635
2.91075
1.82547
0.89278
0.78303
0.78813
0.78885
1.08928
1.35640
1.36452
1.31503
0.81345
0.81517
0.81487
0.81462
1.33803
1.35995
1.36650
1.15427
0.81478
0.81478
0.81458
0.95505
1.35583
1.36173
1.36792
1.23337
0.81503
0.81503
0.81505
0.97672
1.36097
1.36482
1.37218
1.38910
0.84458
0.81718
0.81750
0.90588
1.36713
1.37070
1.37578
1.38493
1.24047
0.81768
0.81780
0.81778
1.13505
1.42555
1.42658
1.42523
1.42443
1.42452
1.42320
1.41758
1.12437
0.81623
0.81578
0.81642
1.28715
1.42297
1.42245
1.42368
1.43540
1.67000
1.67068
1.67065
1.66758
1.66885
1.52230
2.11515
1.94140
1.45775
2.03865
2.02963
2.01413
2.01393
2.01767
2.02072
2.02350
2.02493
2.02753
1.50763
1.46658
1.43542
1.60887
2.05618
2.09012
2.12632
2.12562
2.14133
2.15103
