4.18374
4.49543
4.09538
4.20157
4.14106
4.06837
3.87685
3.87528
4.24342
4.10117
4.28892
4.27268
4.37819
4.34461
4.08996
4.04533
3.83178
4.02798
4.01444
4.14346
4.10263
4.54638
4.52460
4.25249
4.28259
4.13597
3.86850
3.98886
4.42806
5.66240
5.69857
5.78804
5.65034
5.82499
5.98662
6.07958
5.88237
5.76724
5.60624
5.63190
5.72076
5.75286
5.63639
5.52731
5.57098
5.70878
5.84198
8.46945
10.39472
7.07202
5.67634
5.14364
5.12116
5.12884
5.08276
5.34367
4.94242
4.58298
4.97067
4.70287
6.11754
5.38049
4.76354
4.28958
4.18990
4.16037
4.15774
3.90174
3.65339
4.21345
4.00785
3.91458
3.92137
3.61102
3.19620
3.26651
4.06017
3.35810
3.53046
2.85500
3.33040
3.09474
3.05017
1.62851
3.98220
4.43076
4.25353
4.54872
4.70571
5.13640
4.94109
3.15658
3.74177
4.80214
4.82628
4.37846
3.78918
2.72087
2.32508
2.25777
1.98246
1.94483
2.13230
2.15814
1.89405
2.16582
2.25941
3.42585
2.38424
2.45216
2.06228
2.44377
2.65326
3.14215
3.23858
3.62281
3.36200
3.35921
3.34874
2.90786
3.02622
2.72881
3.13090
2.73512
2.44009
2.50693
3.18420
3.93990
2.33524
4.34951
3.66535
2.38124
2.50479
2.65470
2.77248
2.90702
3.16958
2.78005
3.02303
3.06662
3.03312
3.10561
3.38952
3.10217
3.16222
3.96817
3.86453
3.42589
3.53489
4.04113
4.10688
4.41056
4.21400
4.44151
4.96694
5.55283
5.33015
5.09523
8.58692
7.05236
5.11760
5.51351
5.56031
5.30514
5.58249
5.48540
5.88551
5.82069
6.09546
6.51776
6.80301
5.80142
5.30982
3.99654
4.20499
3.92993
3.95148
4.43503
4.92814
4.62931
4.85158
5.08109
5.22074
4.84308
4.95921
5.05608
5.47526
6.85378
6.20639
5.60176
5.19244
5.49583
5.18763
5.38342
5.06797
5.05533
5.17126
5.30801
6.49190
7.10705
5.41852
5.16200
5.35302
5.08254
5.06405
5.23757
5.26199
5.26409
5.27930
5.29197
5.24600
5.26924
5.51833
5.34996
5.26801
5.23614
5.12738
5.22611
5.53587
5.32396
5.52184
5.21321
5.14710
5.14218
5.39612
5.51678
6.57816
6.62277
5.32018
5.25825
5.29976
5.69014
5.33287
5.12514
5.11718
5.42370
5.24777
5.69405
5.55145
5.39407
5.17568
4.96107
4.95746
5.40730
7.68972
5.67565
5.33468
5.28064
5.14824
5.03035
5.37539
5.27647
5.11119
5.04519
6.38102
6.65995
5.44075
5.24857
5.16136
5.18700
5.19349
5.05853
5.08436
5.49238
5.23543
5.21426
5.33684
5.23459
5.15328
5.37261
5.11236
9.33452
8.98578
6.79114
7.61144
8.72703
9.69092
10.89058
12.65143
13.14246
13.58364
14.16534
14.21427
13.75029
14.08969
14.62873
14.33327
14.67903
