2.47018
2.65533
2.96643
2.96763
2.65058
2.92575
2.92427
2.92357
3.27080
3.44357
3.41400
2.92230
2.93212
3.05568
3.56633
3.93937
3.70710
3.85887
4.15735
5.27083
5.53365
5.11808
4.58712
4.58985
4.48815
4.76090
6.50712
6.25812
5.54703
6.29048
7.21802
6.93773
6.37682
6.38897
6.32560
6.22158
5.78805
5.75542
5.75043
5.75202
6.53688
6.40978
6.16998
5.24573
5.90300
6.28768
7.47578
6.56347
6.05185
6.27628
5.79268
5.62158
5.64972
5.62480
5.62593
6.11328
5.57228
3.03373
2.53773
2.08110
2.07800
2.07473
2.65820
3.12958
2.88048
2.62768
2.62750
2.62537
2.61967
3.06720
3.12028
2.88300
2.60695
2.60840
2.60128
2.59753
3.00482
3.08085
2.99172
3.23547
3.00407
3.17215
3.69842
4.49705
4.74238
4.49630
3.95372
3.82060
3.83497
3.86027
4.29767
4.42433
4.19038
3.32233
2.90298
2.70323
3.00260
3.07203
3.12858
2.92467
2.67145
2.95678
3.14603
3.30062
3.73938
3.29752
2.87275
2.63872
2.66687
2.63102
2.64518
3.58370
3.77160
3.77572
3.55675
3.56363
6.00927
4.18120
3.74293
4.38100
4.08895
3.94990
3.93208
3.88613
4.10930
4.87090
3.14773
2.78750
2.55852
3.20337
2.97038
2.02800
2.38400
3.11578
3.93118
4.20982
3.20085
3.26347
3.38452
3.77357
3.58200
2.72903
2.46307
2.12952
2.89907
3.03832
3.38642
3.44470
2.99215
3.08050
3.08550
3.08528
2.64583
2.82965
2.72752
2.59193
2.02195
2.54110
2.90005
3.10033
3.54197
8.82993
10.16993
9.88422
9.55490
5.19630
3.44438
3.71083
3.95405
4.00390
6.75958
10.23777
10.20105
11.33088
10.99157
5.92883
4.88293
4.01168
3.74340
3.76285
3.83777
4.29430
4.41623
4.14908
3.89230
7.64908
10.95668
13.66877
7.88120
21.79223
21.67972
7.48100
3.91003
4.06368
3.09402
2.89500
2.89388
2.51148
1.80527
1.80683
1.80962
1.90695
2.88273
2.90167
2.48673
2.41360
2.40907
2.45810
2.68355
2.79478
2.36955
1.90163
1.90220
2.02042
2.47920
2.87148
2.98040
2.73855
2.47662
2.47618
2.47780
2.51232
2.98147
2.98065
2.67575
2.49142
2.49282
2.49642
2.65585
2.99322
2.99450
2.60850
2.50218
2.50172
2.50657
2.80275
3.01345
2.99122
2.53407
2.54377
2.56010
2.58250
3.06958
2.57467
2.24968
2.11142
4.02807
4.03143
2.87075
2.99827
3.00217
2.60707
1.99330
1.90735
1.90763
2.25023
2.93060
2.82470
2.48483
2.48170
2.47738
2.55142
2.98642
2.98033
2.62272
2.48170
2.48222
2.48382
2.79313
2.98157
2.83058
2.48217
2.47947
2.48310
2.58322
2.99060
2.98605
2.57628
2.48408
2.48203
2.48402
2.79808
2.97997
2.84755
2.48202
2.48227
2.48820
2.51607
