3.33417
3.32600
3.32670
3.32742
3.32867
3.40000
3.48817
4.01752
4.02652
4.03615
4.05082
4.07068
4.08937
4.49848
5.12690
4.17037
3.80328
3.31297
4.46042
4.60292
5.23982
6.77435
6.80198
5.20803
5.20572
5.20377
5.21497
5.15113
6.21922
6.85988
5.72272
7.37760
8.90663
9.86038
11.29623
10.07248
8.63885
8.76180
8.55487
8.99013
8.55932
8.63953
9.59333
10.05728
9.85120
10.89465
10.02603
8.83320
8.47987
7.98098
9.58618
8.69470
8.70635
6.89705
6.90523
7.46612
7.59763
7.45032
7.71853
7.48585
7.25807
7.67857
7.36897
7.20208
7.31548
8.26478
7.22813
7.47972
7.90923
8.42565
8.15975
7.74220
7.71873
8.08760
8.94310
7.94497
7.85110
7.68153
7.92512
8.61853
9.19107
8.19762
8.07270
8.55363
7.45782
8.12378
8.45425
8.31372
8.33715
8.33123
8.30787
8.32220
8.70270
8.94328
8.95133
9.02312
8.74103
8.84600
8.00482
7.50943
6.04263
5.94148
6.17472
6.17752
6.98748
11.97458
9.66300
11.50658
7.67953
6.77845
6.28125
6.26473
6.26092
6.26252
6.42347
6.94392
8.76907
6.87725
6.81423
6.83060
6.84135
6.52558
6.11042
6.10953
6.13088
6.12622
6.17723
6.19473
8.90607
9.18162
7.60708
7.06142
6.63883
6.59255
5.89962
5.90290
5.91197
6.21667
6.97962
6.24023
5.72318
5.21942
5.61568
6.28297
5.17280
4.52817
3.98533
3.79823
4.05453
3.89398
3.81407
3.81143
3.85987
3.92563
4.56588
5.31088
4.63965
4.65343
4.01067
3.34722
3.28077
3.28297
3.28340
3.28522
3.28690
3.28505
3.28572
3.92745
4.00720
4.02507
9.04637
3.78912
3.30533
3.35030
7.83222
5.41505
3.79322
10.60310
4.01532
7.34585
12.06812
8.41973
15.54952
7.72947
16.33502
7.12010
12.05392
4.84900
13.22777
5.97595
11.15155
7.73717
10.98352
11.34015
11.29467
12.35458
10.97395
8.12628
9.27920
8.96597
8.47765
9.37213
8.44322
9.07018
8.16628
10.61472
7.37808
11.67892
6.39032
12.75990
4.62195
13.16927
4.00950
13.32950
4.18705
13.34918
4.07588
13.73585
4.97822
13.37097
5.38402
11.78990
5.55372
11.87350
5.20588
12.34587
4.84803
11.59428
5.03878
12.54377
6.05360
11.27273
7.07905
9.92903
7.14882
9.03162
7.70805
8.00063
8.62795
7.03350
8.78232
6.03923
10.63667
5.04662
13.17093
4.72852
12.39925
4.35590
8.54067
5.94387
4.57898
10.38205
3.54492
9.46277
4.08432
4.51548
9.74817
4.27908
3.84457
9.53403
3.53225
3.52980
3.53285
4.33393
7.85085
3.53770
3.68193
4.24890
4.25828
4.27045
4.28715
3.70197
3.54787
3.52143
3.54517
3.62798
3.53010
3.52622
3.52627
4.19950
4.23482
4.24338
4.26287
4.27537
4.28903
4.30795
4.34452
4.37190
