1.44920
1.34848
1.47150
1.34725
1.34746
1.43707
1.45245
1.24466
1.29365
1.07639
1.07609
1.14297
1.29158
1.88347
1.96964
1.80128
1.84629
2.44394
2.07406
2.05236
2.41474
3.43179
2.95464
2.51924
2.41068
3.60058
2.92149
2.79912
2.84458
3.62216
3.74001
3.42792
3.44553
4.20972
3.25767
3.05629
3.11910
2.76117
2.33848
2.79702
2.63426
2.30748
2.91279
2.53110
2.83660
3.01783
3.02638
2.75885
2.32465
2.32081
2.36018
2.13443
2.02133
2.06212
2.19775
2.07728
1.95063
1.99966
2.31690
2.66313
8.16389
8.08773
2.26037
2.24204
2.28399
2.22570
2.26941
2.24595
2.29583
2.33897
2.24984
2.26377
2.18293
2.19324
2.10394
2.03327
2.11543
1.93298
1.94192
1.93777
2.05761
2.24085
2.08955
1.99662
1.97160
1.93689
2.13970
2.06660
2.06161
2.01115
1.95773
2.09163
1.99494
2.06321
2.34283
2.38335
2.23686
2.23815
2.35127
2.27952
2.21732
2.42612
1.97481
1.98569
2.08196
1.73632
1.32524
0.85273
0.85913
0.98597
0.83898
0.82608
0.89841
0.94335
1.06085
0.89934
0.92408
0.65370
0.61251
0.70770
0.62829
0.90344
0.86526
0.77440
0.75862
0.75789
0.75638
0.88217
0.85475
0.86043
0.68825
0.59035
0.59889
0.70247
0.64400
0.74237
0.80295
1.27599
1.31415
1.52832
1.51584
1.57873
1.68779
1.47689
1.38747
1.38937
4.86884
7.07431
2.06263
1.36848
1.43873
1.20862
1.23620
1.11239
1.40353
1.43360
1.45425
1.57372
1.63704
2.64636
2.78424
2.85696
2.91244
3.30043
3.14002
2.83876
2.42515
2.24315
2.67115
2.14562
2.04703
1.83777
1.87054
1.95029
1.95130
2.01549
1.92251
1.99702
1.92393
1.72131
2.24319
2.25125
2.23023
2.26457
2.32849
2.48105
2.79566
2.24677
2.58320
2.18373
2.34636
2.24940
1.18969
1.90605
1.69739
1.33285
2.28075
1.36040
1.54474
1.87895
1.25474
2.03553
7.25453
6.88255
2.06024
1.94997
1.92787
2.03041
1.93306
1.65525
0.89952
0.83731
0.94584
0.88108
0.67100
0.63391
0.72554
0.79442
0.58091
0.47975
0.47974
0.47806
0.59320
0.58298
0.67254
0.59494
0.63253
0.63365
0.73939
0.63724
0.68763
0.71640
0.56015
0.48122
0.59087
0.48104
0.48023
0.53908
0.58350
0.59667
0.74556
0.63486
0.63630
0.63827
0.70487
0.87164
0.73158
0.58010
0.63927
0.59031
0.66390
0.72323
0.69066
0.62762
0.66024
0.74561
0.91956
0.74695
5.60103
6.73204
1.09611
0.78560
0.77981
0.58251
0.58068
0.67021
0.68719
0.70327
0.58812
0.58992
0.61878
0.75008
0.85769
0.94445
0.77064
0.75282
0.75094
0.74996
0.74812
0.81473
0.69340
0.59847
0.58892
0.59001
0.67455
0.59775
0.73910
0.85854
