0.40597
0.35299
0.19800
0.16101
0.25470
0.30437
0.21190
0.16074
0.16038
0.29297
0.30546
0.17352
0.16097
0.19736
0.30443
0.28433
0.17800
0.17842
0.27413
0.34742
0.31016
0.23766
0.37037
0.51018
0.50121
0.38403
0.44773
0.45743
0.56683
0.54570
0.42064
0.41299
0.51941
0.74719
0.50287
0.41096
0.40874
0.46593
0.55428
0.48684
0.41987
0.60086
0.59981
0.56466
0.48556
0.38188
0.30647
0.38536
0.44360
0.31959
0.17333
0.15461
0.25003
0.28853
0.17677
0.14634
0.14644
0.26796
0.29111
0.15948
0.14451
0.14450
0.26822
0.27133
0.12780
0.12780
0.13914
0.27047
0.33283
0.20919
0.20956
0.23858
0.35423
0.32152
0.21086
0.21241
0.26693
0.35579
0.30476
0.21915
0.21724
0.33104
0.36661
0.30751
0.22338
0.25650
0.41883
0.49060
0.43638
0.35037
0.25039
0.28881
0.38940
0.35636
0.26374
0.23579
0.26815
0.37367
0.32232
0.22586
0.22979
0.36195
0.37307
0.25157
0.23346
0.27364
0.33949
0.36474
0.22835
0.21838
0.22028
0.32204
0.36609
0.25442
0.22376
0.22559
0.35284
0.37214
0.23474
0.23741
0.24030
0.35406
0.37986
0.24802
0.16235
0.17364
0.27548
0.24176
0.11763
0.11711
0.12136
0.22311
0.26219
0.12951
0.11840
0.11838
0.17600
0.25981
0.17803
0.11839
0.11813
0.12910
0.25732
0.22153
0.11711
0.11706
0.11695
0.22419
0.32812
0.20554
0.20048
0.20088
0.26392
0.34181
0.25301
0.20343
0.20431
0.22690
0.34635
0.29887
0.20807
0.20944
0.21335
0.34073
0.35386
0.18824
0.11216
0.11143
0.19629
0.25228
0.13876
0.11014
0.10975
0.16086
0.24905
0.17228
0.10844
0.10839
0.12950
0.24754
0.20060
0.10689
0.10627
0.10578
0.24044
0.22665
0.11076
0.10460
0.53543
0.48639
0.25766
0.76155
0.83190
0.26791
0.31564
0.33680
0.19546
0.19307
0.19122
0.33023
0.30520
0.19416
0.20510
0.20762
0.34425
0.38078
0.24057
0.23113
0.13157
0.21891
0.27419
0.16148
0.13170
0.13192
0.19596
0.27365
0.18669
0.13144
0.13161
0.17272
0.27418
0.21092
0.13192
0.13184
0.15416
0.27504
0.23227
0.13334
0.13339
0.13950
0.27481
0.24893
0.13266
0.13275
0.13290
0.32778
0.34580
0.21682
0.21806
0.21898
0.35029
0.35783
0.21992
0.22096
0.22638
0.37800
0.51558
0.22924
0.23439
0.23882
0.35499
0.30042
0.14619
0.13299
0.13214
0.23030
0.27668
0.16019
0.13162
0.13158
0.21881
0.27707
0.17371
0.13342
0.13411
0.21497
0.27759
0.18093
0.13316
0.14602
0.26165
0.28790
0.15050
0.13338
0.13316
0.23231
0.27768
0.17599
0.21745
0.21702
0.30798
0.36039
0.25448
0.21829
0.21991
0.30477
0.36386
0.26524
