0.25802
0.25990
0.30582
0.73865
1.21896
0.94603
0.67794
0.70329
0.80469
0.62256
0.50991
0.34306
1.04842
0.91918
0.54343
0.55763
0.59221
0.61195
0.51789
0.51812
0.53925
0.64364
0.53030
0.56968
0.32989
0.41130
0.31112
0.31173
0.37588
0.39570
0.32024
0.31906
0.44645
0.33707
0.31219
0.31348
0.38973
0.37364
0.31789
0.30874
0.33931
0.35778
0.28134
0.28502
0.33838
0.41065
0.30681
1.08241
0.42188
0.58622
0.44038
0.53291
0.46559
0.48084
0.41299
0.34683
0.34841
0.46900
0.35143
0.35814
0.38435
0.49200
0.41275
0.35730
0.36368
0.36947
0.52466
0.41131
0.42901
0.45514
0.58992
0.73832
0.73942
0.84327
0.86413
0.74747
0.73284
0.85959
0.98519
0.90169
0.89749
0.99642
1.19748
1.15968
1.12255
1.13808
1.04939
1.28694
1.32684
1.10671
1.41049
1.61367
2.25460
1.49512
1.54218
1.53580
1.60569
1.60753
1.61224
1.63101
1.75878
1.64713
1.61965
1.56666
1.69277
1.74447
1.72191
1.53633
1.73039
1.73473
1.69321
1.72639
1.83521
1.75584
1.44089
0.97195
1.35856
1.67085
1.69529
1.33125
1.21790
1.00690
1.12459
1.10799
1.59371
1.62313
1.71736
1.58317
1.39736
1.50703
1.43242
1.56069
1.77524
2.32163
2.12606
1.70832
1.32843
1.22561
1.05553
1.01683
1.56845
1.82987
1.28395
1.21375
1.14826
1.30542
1.06025
0.93418
0.84779
0.87438
0.91780
0.98701
0.99284
0.91342
0.88091
0.76282
0.76108
0.93813
0.94768
0.74755
0.85008
1.42131
1.15376
0.83591
0.76413
0.81105
0.82967
0.70342
0.65775
0.63171
0.72124
0.71483
0.70800
0.82824
0.89013
0.72401
0.72104
0.63862
0.58556
0.39963
0.34083
0.36812
1.16022
0.97866
0.87564
0.29427
0.39863
1.06183
0.21924
0.14988
0.24972
0.11127
0.10495
0.10351
0.21701
0.10272
0.10647
0.25148
0.36068
0.24944
0.24254
0.24264
0.36966
0.22534
0.21655
0.22381
0.32027
0.21504
0.20968
0.24112
0.29146
0.21587
0.21731
0.27566
0.27634
0.21377
0.21025
0.28088
0.25944
0.21709
0.21746
0.31715
0.23713
0.21163
0.21045
0.32349
0.21297
0.21784
0.26344
0.28573
0.21757
0.21133
1.06577
0.24023
0.21546
0.21773
0.33648
0.23081
0.21551
0.21437
0.33563
0.21249
0.21899
0.26472
0.29749
0.21802
0.21336
0.29018
0.26048
0.21399
0.21976
0.34660
0.22080
0.21956
0.25420
0.29650
0.21438
0.21928
0.33084
0.23743
0.22410
0.25760
0.29767
0.22017
0.22213
0.34967
0.23438
0.23860
0.29504
0.12247
0.06478
0.08579
0.16672
0.07160
0.07164
0.70787
0.31988
0.06358
0.48730
0.78201
0.38493
0.26082
0.29008
0.21519
0.21625
0.31810
0.20847
0.21180
