0.41078
0.41023
0.41003
0.41022
0.41012
6.54602
16.17660
1.87148
1.43938
1.45972
0.97435
0.70307
0.71042
0.72568
0.70797
0.71200
0.71092
1.03413
1.52158
1.52377
1.57500
0.62522
0.45643
0.45662
0.45807
0.45603
0.45735
0.45758
0.59963
19.13143
11.96878
1.28530
1.32175
0.51985
0.45625
0.45705
0.45645
0.45590
0.45580
0.45725
0.69810
1.25028
1.25520
1.26250
1.26807
1.27885
1.28970
1.30355
1.32402
1.35118
1.41103
0.54425
0.46288
0.44138
0.96445
2.63672
2.64290
1.93035
1.05827
0.42698
0.41950
0.42883
0.42505
0.40717
0.42663
0.42450
0.40640
0.40958
0.66497
1.19943
1.21402
1.25018
1.26287
1.35608
2.02222
1.65627
9.54013
17.14665
25.50905
26.38405
26.01293
25.66548
25.02472
26.10272
28.25775
28.85708
28.99882
17.36400
3.48325
1.25600
1.26503
1.28498
0.88453
0.39340
0.40255
0.40053
0.39282
4.03767
1.76458
1.78122
1.74210
1.75362
2.14605
2.58468
3.51942
5.70382
19.64355
14.85360
17.04640
2.77912
4.41820
5.65373
0.38812
0.38712
0.38817
0.38862
0.38450
0.37717
0.38857
0.38705
0.38543
0.38480
0.74205
1.16165
1.17042
1.18655
1.21640
0.63535
0.36587
0.36953
0.37097
0.36837
0.36765
0.36615
0.36472
0.36570
0.36605
0.49038
1.14482
1.15730
1.17237
1.19893
0.75635
0.36670
0.36757
0.36753
0.37045
0.37127
0.37143
0.37223
0.37268
0.37242
0.54285
1.15290
1.19550
1.20563
1.23820
1.30503
0.46273
0.70327
2.76953
19.60105
1.20042
1.23140
4.94268
1.73393
1.37435
2.00703
2.02958
23.58637
4.15115
1.21922
1.26155
1.26193
0.81008
0.53633
0.53820
0.54217
1.31628
1.35627
1.09282
0.53410
0.53417
0.53543
0.53605
0.53763
0.53837
0.54007
0.53888
1.21123
1.35278
1.22028
0.53852
0.53930
0.55653
0.56213
0.54268
0.55447
0.71247
22.95617
7.25132
1.37012
1.37723
0.55882
0.56497
0.55477
0.57142
0.59958
0.59980
0.59937
0.59632
1.09407
1.40135
1.45502
0.62092
0.59527
0.59523
0.59605
0.59722
0.59740
0.59777
0.59932
1.02242
1.40533
1.44173
0.74652
0.60000
0.60000
0.60000
0.60000
0.60000
0.60005
0.60000
1.08842
1.40895
1.44717
0.71727
0.59997
0.60002
0.60000
0.60002
0.60013
0.60007
0.60000
0.97567
1.40688
1.43655
0.84862
0.60002
0.60002
0.60000
0.60003
0.60002
0.59997
0.60000
0.92812
1.40662
1.43468
0.91488
0.60000
0.59993
0.59972
0.59988
0.59985
0.59970
0.59968
0.93600
1.40883
1.44457
0.93465
0.60638
0.60480
0.60505
0.60423
0.60268
0.60140
0.61170
0.94132
1.43620
1.47315
0.99992
0.64018
0.64422
0.64563
0.64515
0.64580
0.64715
0.66257
