9.04100
9.77515
10.25517
10.25903
10.10678
9.96085
9.73998
10.12318
11.23382
10.50698
12.16812
11.68762
11.02700
11.11860
11.18737
9.90797
9.65062
11.93250
11.61835
11.64838
13.09157
12.36808
8.60347
7.32800
7.14423
6.23457
6.04385
6.04018
6.18467
6.90248
7.27350
7.08955
6.75675
6.78898
6.33525
6.55600
6.56257
6.53930
6.04433
6.69045
6.75788
7.15575
7.78353
7.78188
6.68185
6.47828
6.07248
6.17827
6.97322
7.28300
7.11003
6.76225
6.79032
6.33935
6.01085
5.83942
5.82143
5.38898
6.01212
6.06550
6.22752
6.63332
6.66632
6.01855
7.38043
8.44402
8.96268
9.60768
9.87278
10.01558
9.60228
9.32453
8.99970
8.65247
10.58205
9.77687
8.79675
9.60642
10.15717
12.41477
9.41340
8.28333
7.43480
8.94408
7.78263
4.38678
4.38708
4.93257
5.38643
4.58970
4.10328
3.61735
3.20282
2.55673
4.56295
7.41298
6.05697
5.29478
5.32422
5.33433
5.50998
5.18538
4.86498
4.17178
3.93365
4.58125
4.80710
6.00773
6.08658
6.73355
8.08047
7.69177
6.86345
7.11000
7.52767
7.14760
7.08310
7.70037
7.73950
8.26272
8.59090
8.53338
7.24732
6.51383
6.41013
5.88295
6.26023
7.70648
7.70867
7.17387
7.44602
7.32128
6.86597
6.75837
6.47187
6.10288
5.95192
6.96715
7.38225
10.44585
11.19077
11.34710
11.48968
12.51638
11.60915
13.84512
11.99747
12.69342
13.62242
15.23160
20.13235
18.77370
18.86872
14.70092
9.22945
9.96615
10.64355
12.68023
12.20695
8.39763
7.87108
7.15643
8.88630
7.78258
7.45552
7.10590
7.37552
10.95400
12.83245
12.16622
12.89103
11.51252
11.22727
10.73318
11.09898
7.68652
6.87705
7.30675
5.59297
7.25033
7.90237
8.33957
10.34450
15.43608
14.07080
14.25237
14.69595
17.54763
17.61290
14.64078
14.24917
13.52758
14.19657
15.64612
14.18282
14.91117
14.72307
14.29493
14.65008
14.29245
13.72358
13.39617
14.65055
20.27447
16.66530
14.04622
13.51490
7.77578
6.55590
5.55262
6.36073
4.23810
5.70178
5.07942
6.13152
7.29812
5.22313
7.31088
5.08357
8.35217
16.19475
15.14237
15.99058
15.86112
16.60343
17.33660
17.34525
17.76098
17.20475
16.77297
16.33950
15.26935
16.01657
16.21265
16.86618
17.48215
17.42748
17.45880
15.04350
13.42700
12.86193
12.33957
13.43887
12.07693
5.84262
5.36747
7.04360
5.56105
5.41000
5.01310
4.73330
3.68388
3.65047
3.80813
4.97240
5.61743
9.26185
13.34010
12.97182
12.73552
13.25372
13.34110
13.21945
12.83835
13.43218
13.48608
13.95612
14.16905
13.07725
13.28892
12.36565
11.79767
12.73555
14.34382
18.61973
16.25192
14.18365
13.18493
12.52672
13.00867
11.11580
5.34913
4.38970
4.95983
5.16448
5.58093
5.73637
5.49838
