0.11488
0.11483
0.11472
0.11480
0.11477
0.11467
0.11475
0.11477
0.11463
0.11448
0.11458
0.11443
0.11438
0.11452
0.11457
0.11463
0.11437
0.11392
0.11425
0.11432
0.11447
0.11398
0.11413
0.11408
0.11395
0.11393
0.11413
0.12440
0.14518
0.16180
0.09957
0.09518
0.09393
0.09067
0.08383
0.07125
0.06217
0.02902
0.62993
2.50677
2.64078
2.77692
2.91207
3.02192
3.12315
3.21207
3.30303
3.40122
3.09747
2.99895
2.76077
3.60545
3.73607
3.76527
3.78103
3.80005
3.87387
3.99457
3.40753
3.73738
3.92352
3.96398
3.96490
3.96405
3.96582
3.98615
3.98872
3.99768
4.01170
4.01637
4.04820
4.06492
4.04360
4.01555
4.01095
3.79627
4.11378
4.09312
4.12948
3.95817
2.80797
4.12120
3.91560
3.42787
3.45942
4.18847
2.13262
1.70380
1.46225
2.18998
1.12180
1.06693
1.62083
4.04048
2.46213
2.24195
2.42137
1.68712
3.44868
3.97417
3.41742
3.87192
4.06682
4.03120
3.98412
3.87128
3.94777
3.95522
3.74950
2.85835
2.79595
3.92912
3.56292
3.91948
3.87080
3.87525
3.86248
3.84402
3.83853
3.82797
3.83098
3.83023
3.82895
3.80442
3.79258
3.79433
3.81312
3.84440
3.85752
3.84973
3.82235
3.81708
3.81522
3.81998
3.79140
3.79988
3.81033
3.80782
3.81022
3.81333
3.80828
3.81090
3.80537
3.81717
3.79913
3.82578
3.85713
3.78155
3.58432
3.54638
3.45322
3.50810
3.25983
2.61978
2.47692
1.63898
1.51185
1.49212
1.49117
1.26498
1.02537
0.90192
1.06233
0.83668
0.69103
0.60622
0.43947
0.38645
0.34510
0.27103
0.22160
0.18515
0.14810
0.11002
0.08022
0.04695
0.01245
0.01500
0.02077
0.02495
0.07975
0.08712
0.10205
0.11228
0.11463
0.11450
0.11468
0.11463
0.11465
0.11462
0.11453
0.11470
0.11472
0.11480
0.11428
0.11453
0.11452
0.11458
0.11448
0.11463
0.11483
0.11468
0.11452
0.11478
0.11482
0.11490
0.11480
0.11497
0.11485
0.11482
0.11483
0.11472
0.11465
0.11473
0.11477
0.11490
0.11497
0.11495
0.11500
0.11498
0.11498
0.11498
0.11498
0.11500
0.11498
0.11498
0.11498
0.11495
0.11492
0.11495
0.11500
0.11498
0.11495
0.11495
0.11498
0.11493
0.11498
0.11497
0.11497
0.11498
0.11492
0.11492
0.11490
0.11492
0.11495
0.11500
0.11487
0.11492
0.11488
0.11490
0.11487
0.11488
0.11475
0.11473
0.11495
0.11482
0.11483
0.11473
0.11487
0.11475
0.11467
0.11458
0.11475
0.11470
0.11470
0.11490
0.11483
0.11488
0.11487
0.11453
0.11467
0.11458
0.11463
0.11450
0.11443
0.11450
0.11458
0.11458
0.11443
0.11450
0.11450
0.11450
0.11460
0.11492
0.11493
0.11490
0.11477
0.11475
