2.10326
2.27380
1.76730
1.90513
1.80481
2.21685
2.09738
2.09888
1.79504
1.75454
2.04318
1.85395
2.11157
1.86367
1.97297
1.70803
1.70503
2.13565
2.32284
2.22938
2.18472
1.71266
2.05891
2.32359
2.59174
2.32878
1.85381
1.83429
1.76070
2.15183
2.63548
2.27725
1.70283
1.54277
1.61279
2.18005
3.29564
3.40120
4.23209
7.27748
6.80693
7.06336
4.51754
3.92797
3.61260
3.68794
3.66272
3.80187
4.40267
3.88614
3.60278
2.31661
1.67803
2.08087
2.62145
6.31669
1.94312
2.05087
1.55817
1.85759
2.26392
2.29987
2.50779
2.32361
2.35485
2.46089
2.94317
2.63780
2.48180
1.77779
1.40335
1.59174
2.18556
2.02302
1.97248
1.59386
1.49268
1.83417
2.13311
1.70047
1.23422
1.09047
1.20781
1.66670
1.83010
1.83172
1.46659
1.46998
1.34099
1.30201
1.78725
1.93997
1.40163
1.39765
1.01335
1.23763
1.61254
1.88193
1.36678
1.10067
1.25358
1.44133
1.74599
1.81802
1.51326
1.21015
1.25958
1.36508
1.48811
1.91623
1.30072
1.10229
1.03561
1.31224
1.63277
1.68862
1.51765
1.31528
1.28457
1.23306
1.67487
1.78672
1.29972
1.18025
1.13392
1.12331
1.35142
2.03024
1.62630
1.07330
1.25040
1.07709
1.64804
1.39190
1.02996
1.00756
0.91183
0.83546
1.25983
1.17572
1.25159
1.03038
1.11619
1.00215
1.37031
1.41295
1.12970
1.03516
1.23954
0.95081
1.14722
1.33884
0.87682
1.00602
0.98840
1.04626
1.50133
1.25254
1.12086
1.00054
1.08717
1.02687
0.93134
1.10774
1.05323
0.94489
1.02631
0.87477
0.93984
0.98868
2.36410
3.36458
1.14711
0.98173
1.26317
0.97549
1.02589
0.93303
0.90290
0.99494
1.19483
1.13244
1.25227
1.22100
1.36121
1.28958
1.18606
1.31807
1.26640
1.14098
1.50216
1.12794
1.08745
1.14977
1.09266
1.19912
1.25072
1.24493
1.32378
1.28843
1.25334
1.29059
1.23878
1.33880
1.26465
1.26051
1.29010
1.35380
1.09632
1.32467
1.24421
1.08839
1.14846
1.28127
1.53781
1.38087
1.36858
1.16759
1.49429
1.32373
1.40873
1.24175
1.50391
1.39251
1.24849
1.38025
1.35117
1.25807
1.20692
1.30329
1.63501
1.63912
1.62444
1.43849
1.26334
1.36066
1.34487
1.32171
1.55504
1.29900
1.25275
1.32802
1.35241
1.26400
1.25089
1.16721
1.30756
1.72048
1.19294
1.36593
1.43796
1.29915
1.46698
1.47901
1.16401
1.25411
1.48762
1.30758
1.29870
1.32928
1.16679
1.41181
1.39883
1.47829
1.55173
1.59729
1.24632
1.45613
1.25745
1.36408
1.41607
1.34828
1.41883
1.42540
1.68959
1.54232
1.45699
1.41304
1.50168
1.40113
1.40320
1.44976
1.26168
1.64948
4.80174
1.34757
1.38639
1.27675
