13.18678
14.17895
11.28398
14.52860
12.83742
13.46043
14.52988
11.55290
14.84953
12.79362
13.26003
14.44978
11.40860
14.82132
12.73440
12.53000
17.41382
13.75937
15.98893
16.82820
14.60745
17.87148
13.38095
15.36183
15.97855
13.87740
16.77358
13.03443
15.20010
14.50400
12.17153
16.38660
16.05117
16.39513
11.14095
11.33592
22.53405
19.63345
21.29092
21.26417
13.34575
11.81903
9.71845
18.74795
23.90185
20.48912
25.03945
20.41962
21.95010
22.71827
20.71347
22.94238
20.52062
21.99778
22.97290
24.43825
26.44363
29.10962
29.06463
29.09083
29.08502
29.15927
29.28207
29.21018
30.94255
30.19153
28.02045
27.05182
29.32272
26.02533
26.80860
27.02408
25.92805
27.26523
31.18582
31.36010
31.19810
31.24513
31.28862
31.39338
31.44092
31.43720
31.21992
31.11507
30.69612
30.88708
31.00978
32.28923
32.55012
32.89355
32.99787
32.41210
32.53798
32.04275
31.88930
31.74027
30.67457
30.08850
29.39042
30.85598
30.52992
30.36927
29.63762
31.62125
30.81632
26.72910
24.52053
22.65805
24.66205
23.74440
22.99230
24.41565
23.72263
24.91562
23.89340
23.77733
23.59955
23.37333
23.80752
24.02608
23.49405
23.54230
19.60845
14.11978
10.98677
20.65660
11.02975
11.01287
11.26272
11.75287
11.75943
11.79153
11.71577
10.82558
10.64253
10.62623
10.55330
10.68947
10.64468
10.62967
10.61250
10.68783
10.68640
10.60635
10.61490
10.36463
10.43283
10.45775
10.51297
10.51933
10.16333
7.28503
7.41152
8.42527
8.45360
8.41102
8.56002
7.92987
8.46582
9.78703
12.71567
12.62698
12.87398
14.99968
12.92840
15.00620
13.84470
14.07187
15.65787
13.62870
16.22623
15.05210
16.25075
16.68032
14.31432
16.72943
16.86372
21.32975
19.35375
18.93033
22.24890
20.80463
27.31525
20.12895
14.19578
16.34568
14.74515
16.39228
16.85552
13.99822
16.21688
14.73500
16.86042
18.03260
15.10077
17.88798
15.77320
16.76308
17.69507
14.92327
17.49617
15.82222
17.03867
18.03533
14.73688
17.46615
15.72348
15.94417
17.02660
14.10625
17.61172
15.77128
16.89527
18.21977
15.29218
17.83598
15.51987
16.51248
17.18757
13.78642
16.57028
15.04167
15.58578
16.52783
13.27122
15.17980
14.95830
14.27453
16.43472
13.32700
16.21398
14.99775
14.25257
16.41982
13.33667
15.24220
15.13112
14.31812
16.54413
13.48135
15.42128
15.36970
14.42103
16.58493
13.48780
15.69572
15.69947
14.68548
16.94408
13.87413
15.82275
15.83382
14.82277
16.92523
14.21128
15.80940
13.19505
12.03342
13.93537
13.21137
16.12725
14.71537
11.27398
13.55703
10.57993
12.44958
12.53892
11.45837
14.76965
13.67335
14.36620
15.12923
14.78672
14.80830
13.74483
14.54077
15.08217
14.81012
14.78025
13.52305
14.44512
14.54652
14.22948
14.06468
13.05957
13.80693
14.37002
14.31580
