0.25597
0.25698
0.24882
0.13252
0.13324
0.13394
0.13354
0.13317
0.13330
0.24867
2.84815
0.25510
0.25609
0.55372
0.80400
0.71120
0.71093
0.70616
0.71267
0.66338
0.85102
1.07267
2.77148
5.41800
1.53327
5.14548
1.82570
1.78868
4.01646
1.71086
3.68453
0.75938
0.78995
0.79004
0.78383
0.66083
0.71851
0.71802
0.70221
0.67045
0.71534
0.70304
0.72138
0.76329
0.72062
0.72441
0.71785
0.71729
0.75864
3.99010
2.85865
2.41196
3.01246
2.89782
2.82284
0.82010
0.57227
0.61669
0.48082
0.47027
0.47877
0.46863
0.47218
0.41492
0.56439
0.58968
0.59392
0.55172
2.86205
0.46721
0.46177
0.46623
0.51085
0.55189
0.58207
0.57399
0.56728
0.44454
0.44772
0.44140
0.44801
0.43397
0.44775
0.50415
0.47331
0.56566
0.56544
0.45375
0.44303
0.44771
0.44036
0.42005
0.42915
0.41810
0.49320
0.50544
0.51149
0.67117
2.63215
0.39370
0.37192
0.38134
0.40444
0.41192
0.52355
0.53642
0.54025
0.47830
0.41319
0.40763
0.41086
0.40861
0.35576
0.28270
0.43980
0.57264
2.47900
1.27087
0.28590
0.29562
0.29884
0.28680
0.28523
0.29152
0.40518
0.42156
0.43578
0.33757
0.30579
0.38522
0.28913
0.25796
0.25638
2.59459
0.74078
0.37959
0.38476
0.31142
0.25724
0.25877
0.26184
0.27008
0.35027
0.35854
0.45166
1.54431
2.19701
0.34739
0.34030
0.32887
0.33428
0.33927
0.33751
0.34458
0.41162
0.47271
0.46522
0.43153
0.35526
2.27128
2.10490
0.35326
0.35211
0.35533
0.40576
0.46071
0.46220
0.46798
0.90952
4.08069
0.96865
0.47752
3.03565
4.20295
4.19526
4.28730
4.30939
4.40709
4.30235
4.27992
4.25468
5.86656
4.74429
1.11879
1.06396
2.37020
25.28512
10.19822
16.88623
25.67121
26.28199
24.83040
23.77586
17.31722
0.43825
0.39734
0.40130
0.45474
0.44572
0.41344
0.33602
0.32919
0.30948
0.31311
0.31829
0.31636
0.29930
0.31125
0.38126
0.37755
0.35077
0.25261
0.24323
0.12840
0.10578
0.10572
0.10568
0.12573
0.22632
0.22890
2.62034
0.10633
0.10638
0.10616
0.10592
0.10607
0.10697
0.10711
0.15917
0.22812
0.23084
0.19330
0.10700
0.10719
0.10732
0.10740
0.10695
0.10720
0.10718
0.20158
0.22860
0.23234
0.15255
0.10752
0.10739
0.10749
0.10751
0.10733
0.10739
0.17950
0.22852
0.23140
0.17800
0.10733
0.10749
0.10752
0.23891
2.25897
0.10751
0.18120
0.22826
0.23092
0.18927
0.10747
0.10766
0.10750
0.10735
0.10743
0.10748
0.17018
0.22797
0.23060
0.20414
0.10758
0.10777
0.10766
0.10784
0.10786
0.10771
0.19143
0.22856
0.23131
0.19047
0.10711
0.10698
0.10791
0.10789
0.10784
