0.78705
0.90423
0.83654
0.76594
1.00291
0.82357
0.77683
0.91121
1.13334
1.38430
1.17085
1.01745
1.00037
1.25012
1.08527
1.02287
1.05362
0.77038
0.89075
0.87913
0.95423
0.99693
1.02844
1.04536
0.88293
1.05317
1.01362
0.94815
0.87677
0.89073
0.63318
0.98856
0.95845
0.82778
0.74431
0.67445
0.68405
1.12454
1.17661
0.87102
1.52000
0.77114
0.80837
0.81193
0.87218
0.74373
0.83159
0.92715
0.68925
0.79436
0.84908
0.82699
0.77449
0.72993
0.64742
0.84539
0.78176
0.67972
0.58101
0.51058
0.54857
0.55679
0.66178
0.64787
0.69794
0.58801
0.69082
0.67094
0.74258
0.67726
0.82437
0.65796
0.94189
0.99697
0.65882
0.77744
0.58468
0.54769
0.44999
0.52746
0.60644
0.72175
0.86165
0.90912
0.71509
0.50106
0.73324
0.56585
0.56738
0.61407
0.97149
0.84450
0.92197
0.82849
0.61792
0.91621
0.75133
0.68166
0.73830
0.66826
0.47195
0.51186
0.60453
0.68575
1.02931
1.17755
0.63132
0.66613
0.59888
0.51373
0.72755
0.68886
0.97213
0.94197
0.66840
0.66854
0.81970
0.99261
0.92723
1.05839
1.11593
0.94283
1.25506
1.26883
1.03356
0.95597
0.86398
0.79764
1.12371
1.17154
1.98153
0.95300
0.92169
1.32344
1.37717
1.08355
0.92221
0.96539
0.86568
0.65831
0.78999
0.88176
0.86470
1.11263
0.87032
0.48625
0.70609
0.91549
0.79236
0.66645
0.63756
0.77709
0.76544
0.92289
0.73338
0.50521
0.51895
0.61114
0.65002
0.80851
0.60965
0.55010
0.61339
0.79842
0.80558
1.09779
0.88401
0.85982
1.07273
0.84519
0.87026
0.98336
0.73457
0.78671
0.65891
0.68342
0.93911
1.40487
0.97153
0.43652
0.39056
0.43687
0.58590
0.66498
0.70027
0.38557
0.38394
0.46081
0.57258
0.76855
0.53417
0.38372
0.38379
0.48713
0.65269
0.43260
0.38380
0.38376
0.38349
0.66156
0.65728
0.50074
0.47696
0.47751
0.51819
0.71748
0.62321
0.48459
0.48121
0.58960
0.47355
0.51791
0.51509
0.38284
0.50793
0.38408
0.42929
0.51969
0.50607
0.51808
0.38380
0.38333
0.43759
0.51829
0.61496
0.38196
0.38523
0.38436
0.44595
0.64185
0.49580
0.38282
0.38260
0.42498
0.52480
0.54663
0.58808
0.47935
0.58437
0.53280
0.56162
0.63379
0.61697
0.63484
0.51372
0.48248
0.54562
0.52006
0.63865
0.38362
0.38496
0.38325
0.41674
0.51771
0.66806
0.42351
0.38388
0.38319
0.38298
0.63666
0.51848
0.47651
0.38343
0.43008
0.44898
0.45284
0.51852
0.52338
0.43362
0.51152
0.38438
0.38381
0.57316
0.62500
0.65091
0.86676
0.73203
0.72908
0.73747
0.83670
1.16918
1.03711
0.87212
0.85638
0.80691
1.01305
1.03677
1.04162
