5.14773
5.20232
5.54772
5.42253
5.23422
5.23082
5.40273
5.54180
5.27907
5.22355
5.23453
5.53673
5.48180
5.51580
5.54685
5.70260
5.87477
5.57467
10.66383
14.94328
10.10818
5.55868
5.41155
4.90643
4.30142
4.54715
4.33175
4.16088
5.41998
5.22812
4.79685
4.69392
4.84995
5.00087
5.17108
4.90107
4.85663
4.59750
4.82677
3.96753
3.09145
2.90902
2.57437
4.01337
4.88502
11.31680
10.27490
1.96830
1.90532
1.69137
1.79335
2.08062
2.27548
2.02270
1.96893
1.95598
2.05568
1.91862
1.68953
1.69153
1.80810
2.01110
1.76903
1.69652
1.69000
1.95278
1.93317
1.69580
1.69753
1.82197
2.26160
2.03343
1.96970
1.97768
2.28373
2.21552
4.55790
11.29403
11.23105
2.65673
1.78817
1.69117
1.68845
1.94962
1.94243
1.69545
1.69628
1.79870
2.01070
2.03522
1.95823
1.97735
2.22953
2.23855
1.90002
1.70552
1.80658
2.02172
1.79515
1.70748
1.70388
1.96435
7.62435
11.33997
5.93015
1.81318
2.02065
1.83475
1.96577
1.97518
2.23063
2.25168
2.04895
1.96302
1.87908
2.09428
1.87762
1.78350
1.77973
2.05160
2.04490
1.78895
1.88212
2.67922
4.15235
4.12455
3.95317
8.22355
14.22952
11.98273
4.11535
3.99100
4.69605
4.93835
4.69212
4.62750
4.64413
4.85695
4.86590
4.49923
4.43420
4.75110
4.95450
4.74323
4.65763
4.86688
5.16817
5.02438
4.92058
4.93265
5.04040
5.02220
4.72802
4.47102
4.63993
7.33938
14.49380
14.29502
5.91380
4.78755
4.97325
4.73565
4.66232
4.70795
5.14100
5.12872
4.93172
4.91960
5.05982
5.18315
4.67467
4.61652
4.63497
4.62745
9.02037
14.53767
11.96775
4.87437
7.73630
8.34282
9.88070
10.31742
10.24635
13.27815
15.91673
8.72597
4.99902
5.18107
4.81750
4.57550
4.57317
4.86788
4.78213
4.57157
4.57765
4.71347
4.89292
4.62360
4.52808
4.61378
4.88875
5.11185
10.05363
13.61535
13.03037
4.54752
3.92088
3.39355
3.43048
3.84190
3.73552
3.70990
3.62238
3.17033
2.73187
2.45567
2.41642
2.41433
2.71330
2.84428
2.66683
2.68223
2.82452
3.00305
2.67307
2.40812
2.39843
2.70570
2.61875
2.40928
2.40413
2.53415
2.71815
8.82642
11.70863
8.06637
2.68713
2.61050
2.49488
2.66070
2.79752
2.98520
2.71117
2.66180
2.49302
2.68733
2.59725
2.39323
2.39505
2.52703
2.71157
2.43752
2.39142
2.39320
2.67530
2.61382
2.39137
2.40138
2.76462
3.09627
2.95937
5.25593
11.93862
12.18865
5.13803
2.39680
2.39387
2.50975
2.71338
2.46362
2.40813
2.41327
2.80365
3.06167
3.75538
3.76477
3.86542
4.25145
3.99212
3.35240
3.36460
3.62307
3.76440
3.26935
3.27808
3.40207
4.12247
3.86087
