0.81720
0.81680
0.80378
1.25367
1.74188
2.43817
4.02755
4.02353
4.02220
4.05173
3.58425
3.09485
3.07038
3.04558
3.10298
3.81647
4.05802
4.14112
4.60027
5.98638
6.48732
6.71847
7.30898
4.48145
6.93655
8.07797
7.91903
7.89638
7.78243
7.84990
8.79317
8.65208
8.77367
8.87588
8.59978
8.52263
8.62897
7.55335
7.42080
7.42560
7.43637
7.70710
8.35858
8.35492
8.23542
8.66710
6.04162
4.05353
4.21143
4.18433
4.01402
4.02250
4.10542
3.94453
3.89952
3.91530
3.91775
3.91968
3.93395
3.95895
3.96533
4.94178
12.40685
15.89512
14.62478
12.15100
13.77745
11.42280
16.06755
12.09975
7.58870
5.80582
5.81073
3.36148
3.30185
3.29302
3.29985
3.30427
3.31800
3.34303
3.37353
3.44120
2.25120
1.48240
1.51935
0.67508
0.43580
0.43537
0.43245
0.42965
1.17433
1.36053
1.36428
1.49655
1.38267
1.38728
1.39003
1.78603
1.40977
2.58277
2.83667
1.47262
1.44310
1.46282
2.71148
5.45543
1.56898
1.65527
1.67502
0.41292
0.40685
0.44460
1.23195
2.70663
2.72020
1.83518
0.43807
0.39825
0.45392
0.45228
0.44278
0.45085
0.42255
1.57445
1.25467
1.25465
1.26500
1.25042
1.25195
1.25277
1.25362
1.25635
1.25660
1.25462
1.25890
1.26563
1.27182
1.27717
1.27857
1.27677
1.28382
1.29238
1.30100
1.31083
1.33650
1.34273
1.38065
1.09817
0.98425
0.50402
0.50687
0.41588
0.40722
0.40813
0.40825
0.74070
1.00448
0.47977
0.41028
0.83882
1.59013
1.34272
1.39205
1.86538
3.64277
4.35930
4.18652
3.80460
3.83358
3.87338
3.81968
3.91650
3.84612
3.92917
4.11607
3.90660
4.98745
4.47830
3.26217
1.40668
1.42250
1.48235
1.43672
0.48648
0.48073
0.48117
0.53655
2.02063
0.56043
0.55977
0.57793
0.58778
0.59497
0.59903
0.59752
1.12853
1.99115
2.85552
2.87247
2.86285
2.86083
3.85950
5.01083
4.94258
6.49357
7.68740
5.58857
5.71493
5.88057
3.23823
2.70385
1.91448
1.82828
1.64277
1.77237
1.75352
1.81310
4.02330
4.83540
1.47913
1.54447
0.53773
0.50252
0.50192
0.50265
0.50260
0.49962
0.50308
0.50227
0.50338
0.50355
0.50283
0.50053
0.78175
1.36612
1.36652
1.37033
1.37123
1.37102
1.37330
1.37617
1.37733
1.37848
1.38048
1.38042
1.38347
1.38493
1.38743
1.39035
1.39225
1.39480
1.39682
1.39842
1.40230
1.40677
1.41145
1.41443
1.41950
1.42523
1.42733
1.43523
1.44153
1.45410
1.46727
1.47815
1.49012
1.50950
1.53378
1.55618
1.59002
1.63067
1.74883
1.76755
1.24940
0.51612
0.51535
0.51595
2.43143
2.76537
2.67123
0.50440
0.50423
0.50532
0.51140
0.51123
1.68468
1.37770
1.38078
