0.61302
0.62395
0.59972
0.49812
0.49927
0.50012
0.50264
0.55374
0.60175
0.49106
0.52709
0.53442
0.52678
0.57353
0.72019
0.65975
0.43236
0.47026
0.56060
0.64307
0.70112
0.61286
0.54149
0.53141
0.62261
0.63939
0.70731
0.75300
0.68622
0.64935
0.53618
0.60112
0.73676
0.64828
0.52563
0.51495
0.75355
0.81775
1.56448
1.54075
0.72289
0.66490
1.75017
0.97545
0.62844
0.62883
0.67401
0.72581
0.73657
1.35594
1.34526
0.72472
0.67239
0.88528
1.32459
0.91081
1.36507
1.11721
0.71092
0.63725
1.54615
0.73438
0.57908
0.56592
0.71898
0.73223
0.63265
0.85035
1.09811
1.01965
1.14445
1.18023
1.14118
2.35259
1.34691
0.87290
0.87385
0.94252
0.93962
0.83726
0.57538
0.63953
0.67147
0.74187
0.79654
0.74228
0.59896
0.47935
0.47934
0.63816
2.03793
1.98351
1.99679
1.72110
0.60556
0.72150
0.90475
2.18574
2.13428
2.13706
2.18472
2.29030
0.72704
0.68431
0.68804
0.69479
0.67909
0.54248
0.44238
0.44153
0.55649
0.65224
0.59494
0.54960
0.55492
0.54144
0.46504
0.54970
0.48980
0.44269
0.44254
0.44522
0.59474
0.68086
0.65610
0.70958
0.67687
0.80842
0.80054
0.72146
0.64233
0.57567
0.61198
0.68656
0.63476
0.57969
0.57872
0.57984
0.58220
0.66669
0.79957
0.76695
0.72976
0.63021
0.59027
0.54209
0.65250
0.62190
0.75529
0.96431
0.74627
0.81608
0.81107
0.73139
0.83335
0.85248
1.35541
0.89246
0.78505
0.76856
0.75235
0.79839
0.87928
0.99234
0.88063
0.76463
0.76202
0.84093
0.82442
0.85667
1.13110
1.39406
0.91724
1.01508
3.13881
3.45395
3.41088
3.46115
3.52212
3.51444
3.49877
3.48989
3.46848
3.47851
3.44482
3.49523
3.38546
4.08872
2.35671
0.37061
0.37104
0.46072
0.45337
0.37258
0.37287
0.37312
0.37287
0.41053
0.57433
0.50377
0.96520
0.59155
0.60523
0.58170
0.57882
0.56807
1.34052
0.44592
0.46834
0.46882
0.50435
0.58076
0.49898
0.56587
0.57385
0.57697
0.58026
0.90122
1.13380
0.47118
0.47119
0.47151
0.47099
0.51186
0.58354
0.50351
0.47122
0.52466
0.57579
0.57771
0.60460
0.69640
0.63740
0.51065
0.47273
0.65931
1.42332
0.46458
0.52354
0.42643
0.40937
0.40964
0.50827
0.51312
0.58192
0.63350
0.52173
0.52732
0.40997
0.41022
0.43947
0.52245
0.46493
0.41072
0.44785
1.94728
1.99844
0.93145
0.69217
0.60004
1.02966
1.17425
0.82257
1.76863
0.89396
1.58131
1.49167
1.03037
2.01838
1.08335
0.89529
0.97038
0.99302
1.03598
1.42926
1.36452
1.12133
1.06610
1.83039
1.09561
1.30843
1.40994
1.88739
1.80283
1.65393
2.11282
1.37190
1.95469
