1.27012
1.65353
1.34727
1.17385
1.12868
1.16654
1.21079
1.30976
1.29642
1.29425
1.29443
1.78924
1.21485
1.35537
1.25012
1.21139
1.27880
1.76153
1.60662
1.79077
2.00825
2.16658
1.97002
1.63232
1.68284
1.69326
1.57513
1.47030
1.56479
2.68329
2.57485
3.14463
1.87506
1.55012
1.38999
1.26163
1.32723
1.44124
1.50997
1.55560
1.67108
1.76131
1.65779
1.55269
1.71076
1.77787
1.58217
1.41778
1.61485
1.74247
1.69761
1.69900
1.55521
1.54428
1.43166
1.44481
1.44362
1.48059
1.49627
1.72045
2.03170
1.83336
1.80626
1.89084
1.91555
1.94155
1.91931
1.96292
2.44307
2.26712
2.08158
2.01400
2.02811
2.09286
1.92650
1.78202
1.88852
1.92963
1.98718
2.15857
2.62556
2.31919
3.93999
4.64036
3.92880
1.67116
1.70489
1.71168
1.52156
1.42065
1.58606
1.52941
1.54852
1.40816
1.45435
1.52163
1.49571
1.65341
1.40476
1.54040
1.48443
1.40178
1.45699
1.73841
1.63629
1.42011
1.35953
1.49369
1.43690
1.34799
1.58141
1.53408
1.51402
1.34674
1.31427
1.33353
1.55956
1.55661
1.32149
1.31824
1.45234
1.38105
1.29427
1.54395
1.52283
1.75677
1.38104
1.45073
1.50659
1.46509
1.53373
1.40393
1.47455
1.44199
1.33501
1.37572
2.50842
1.62111
1.37529
1.35015
1.32252
1.51852
1.56460
1.70310
1.60163
1.45238
1.19094
1.62403
1.13577
1.13494
1.07437
0.94424
0.94746
1.02485
1.06426
0.82390
0.69644
0.71478
0.83822
0.67530
0.58215
0.57786
0.71857
0.70886
0.73726
0.95780
0.93356
0.98083
0.88061
0.94119
0.99603
1.14437
1.11549
1.07593
0.60062
0.72528
0.69332
0.59340
0.59429
0.69734
0.72561
0.59627
0.60515
0.65736
0.72147
0.64175
0.59158
0.59300
0.72053
0.71568
0.59560
0.60095
0.67772
0.72652
0.62363
0.59370
0.72568
0.72568
0.66049
0.59369
0.59814
0.67305
0.72749
0.69261
0.57352
0.61744
0.78712
0.84988
0.78827
0.72902
0.80118
0.86133
0.76751
0.72797
0.76509
0.86037
0.80282
0.72642
0.72711
0.86046
0.84130
0.72525
0.81675
0.82075
0.85980
0.74268
0.72946
0.79027
0.86122
0.81549
0.80329
0.74661
0.89843
0.93807
0.77968
0.72671
0.82450
0.92677
0.87396
0.79207
0.79550
0.92440
0.90305
0.78924
0.79544
1.27865
1.25279
1.06928
1.14903
1.13232
1.19219
1.09605
1.26923
1.11863
1.20440
1.13996
1.12537
1.33371
1.61535
1.82987
1.67913
1.67293
1.29555
1.30938
1.19461
1.18075
1.24719
1.31223
1.23321
1.18373
1.22595
1.32621
1.31748
1.22163
1.22850
1.15213
1.29196
1.41248
1.22649
1.23134
1.37451
1.38418
1.47730
1.24144
1.29862
1.38382
1.38920
1.39007
