1.53023
1.53027
1.71145
1.53195
1.87347
9.80647
11.03332
3.46568
10.86250
11.56770
8.75310
1.76850
2.31503
1.70763
0.94172
0.88910
2.74477
5.16270
2.43260
4.56780
1.81465
1.55270
0.89538
0.77000
0.80265
0.59742
0.31412
0.29863
0.32422
0.29890
0.31353
0.29963
0.31347
0.29968
0.31443
0.30093
0.31442
0.30167
0.31452
0.30152
0.31093
0.30117
0.32305
0.30183
0.30945
0.30182
0.30923
0.59302
0.73330
0.75015
0.76395
0.75833
0.78025
0.77618
0.78248
0.77445
0.79495
0.83518
0.34000
0.30058
0.30303
0.72982
0.30395
0.29717
0.29822
0.29722
0.30180
0.30128
0.29478
0.30025
0.31572
0.30117
0.29472
0.29415
0.29362
0.29283
0.29153
0.29170
0.29623
0.47837
0.72858
0.75228
0.75623
0.76122
0.77472
0.77517
0.77533
0.76618
0.77850
0.62892
0.30168
0.29623
0.31015
0.30607
0.30123
0.29945
0.30155
0.30000
0.30018
0.29722
0.29838
0.29813
0.30153
0.30050
0.30163
0.77955
1.60215
1.60395
1.72158
1.81827
1.89087
2.49863
2.54017
2.06188
2.66495
3.48548
2.41552
2.49547
2.57515
2.45132
2.57638
2.22078
2.09463
1.96802
2.26367
2.32213
2.40610
10.45945
12.54900
5.90582
1.10703
0.31162
0.31180
0.31130
0.31237
0.31158
0.31238
0.31140
0.31342
0.31177
0.31243
0.31170
0.57485
0.73712
0.75743
0.76965
0.77590
0.78663
0.79720
0.79297
0.79335
0.79175
0.81072
0.31303
0.31685
0.31605
0.31827
0.31847
0.31897
0.31460
0.32832
1.46928
0.98387
0.73168
0.92287
0.77985
0.85147
0.79147
0.74950
0.79887
0.75985
1.02870
1.17762
1.44092
11.22020
11.46153
11.45865
11.52952
11.58868
6.13632
1.04807
0.79318
0.80550
0.63235
0.31863
0.31752
0.31853
0.31745
0.31847
0.31757
0.31878
0.31757
0.31770
0.31630
0.31652
0.31240
0.31267
0.31512
0.31622
0.31400
0.31293
0.31573
0.31368
0.31587
0.31777
0.54872
0.74155
0.76038
0.77488
0.77725
1.68925
1.77677
1.22947
1.38137
1.24982
1.32448
0.89882
0.72958
0.89078
0.62060
0.89855
1.08055
1.07563
6.44173
10.96935
11.06533
11.15222
11.24577
11.26587
2.69687
0.69392
0.37867
0.47508
0.55668
1.26423
2.17097
0.57470
0.95525
0.81135
0.83188
0.83990
0.85335
0.85960
0.85932
0.86528
0.92553
2.55303
6.12147
5.17312
5.39475
6.15248
13.16442
14.72093
0.39217
0.38395
0.37537
0.38837
0.37500
0.37368
0.37597
0.40020
0.52505
0.50760
0.42432
0.80453
0.84463
1.07827
1.22077
1.24797
1.24168
1.26920
1.13173
1.06960
1.08205
0.87102
0.59470
0.61400
0.59452
0.70530
0.62753
0.61970
0.59622
1.05878
1.40838
1.45198
0.95082
0.62992
0.70488
