1.84910
1.82805
1.82135
1.95395
3.02817
1.96843
2.24930
2.26242
2.12395
1.81135
1.81633
1.82352
1.79845
8.22275
17.21010
16.12277
2.16117
1.81443
1.71573
1.71772
1.72023
1.72027
1.79542
2.14165
2.14577
3.05257
2.05987
1.71705
1.72335
1.72705
1.73100
2.12338
2.45573
2.47372
2.34663
2.05930
2.13947
2.13463
2.31880
2.86312
2.13747
2.30478
2.34415
2.06573
1.91085
2.34635
3.17480
2.05718
2.19357
2.49420
2.52830
2.52277
2.11148
2.07498
2.01032
1.90437
1.98632
2.42142
2.72395
2.57258
2.55227
6.20217
19.02893
21.05997
10.41297
13.90433
23.06837
20.44210
8.66820
2.79143
2.28367
2.20577
2.04203
11.36292
12.46887
12.91323
13.05225
11.05178
11.85737
8.02310
2.76547
3.41287
4.20233
4.28303
5.86900
6.27223
5.99047
5.92328
5.97640
5.93990
5.76778
5.94872
6.12047
6.08600
6.19745
5.93708
5.57052
5.58845
5.32605
5.24775
5.27303
5.82552
16.08875
20.30485
16.29957
5.17340
5.62477
5.51025
5.64720
5.95513
5.52922
5.65928
5.77357
5.43467
5.62427
5.50622
5.15763
5.18822
5.49995
5.17343
5.52822
6.16798
5.72273
5.67328
5.72092
6.04928
6.49440
6.46260
6.45900
6.77450
6.60767
6.40152
6.12813
5.26147
5.71692
6.09173
4.04973
3.68620
3.73362
3.27780
3.19893
4.91138
15.02545
18.65015
16.10992
3.57758
2.17697
2.11250
2.62267
1.75547
1.73560
1.74153
1.74035
1.90543
2.16140
2.17995
1.99877
1.74472
1.73823
1.73722
1.79145
1.92430
2.24325
2.34592
2.34702
1.99288
1.90970
1.90625
1.91023
1.90888
1.97357
2.36573
2.38077
2.32647
1.99747
1.94307
2.18068
2.26310
2.26050
2.41855
2.74795
8.79128
17.16337
17.00605
7.90618
2.29120
2.28720
2.34252
2.84172
2.98522
3.17100
2.81433
3.16778
3.27720
4.08873
5.89267
2.99910
3.31262
3.35645
3.29208
2.83017
2.67593
2.67408
2.67078
2.68265
3.22218
3.68845
3.09917
2.77662
2.64378
5.47812
16.83307
16.90097
16.83680
17.12295
17.10187
21.23207
16.50243
16.47963
16.42237
16.65152
11.38300
3.16863
3.44798
3.46788
3.28910
3.22487
3.26512
3.27763
3.31513
3.28648
3.61588
3.60228
3.58282
3.15472
3.05230
6.70078
3.10182
5.10247
10.93275
6.96292
3.43933
3.32422
2.99205
3.00163
3.05977
9.19065
3.04392
3.31627
3.54343
3.49203
3.20172
3.05880
3.06402
2.93237
2.94165
5.22005
5.07338
3.40627
3.54662
3.75093
2.68027
3.75135
4.06830
5.29732
4.31535
4.87255
4.93585
4.73208
4.47925
4.56935
4.46930
4.65408
5.64832
5.16647
4.93373
4.98290
5.04805
4.95397
4.72262
9.77902
5.27552
5.39678
4.95847
3.42550
2.94188
2.55452
2.57473
