9.33638
9.42017
9.16410
9.08750
9.07588
9.28618
9.68105
9.24228
9.18032
9.75327
9.11617
9.46040
9.42042
8.82432
8.89447
9.16305
9.12175
9.03540
9.53902
9.84432
9.09568
9.43140
9.44565
9.19030
9.25668
9.47080
9.68473
9.66975
9.55320
8.55575
7.65928
8.24095
8.80085
8.95340
8.53445
8.70680
10.09152
9.30060
9.34082
10.45410
9.63415
10.36582
10.16567
9.93002
9.97843
12.48210
17.10945
18.13438
15.02878
9.93962
9.90473
10.29720
10.33393
10.20847
10.48635
12.80643
16.97578
17.46157
18.90810
20.45717
16.03422
16.34605
16.54895
16.41535
16.36392
16.12500
16.43767
16.51012
15.65270
15.90558
15.94812
13.61390
9.87025
12.16340
12.80515
14.88063
19.90157
19.59882
19.64712
19.15645
20.00958
19.66258
20.01405
19.87127
19.71153
19.61795
19.65960
16.35593
15.08702
14.53493
12.57775
12.56032
12.48142
12.68707
13.40215
15.04108
15.05190
15.15772
15.03357
12.69073
12.57088
13.24702
12.91375
12.25875
12.80348
12.57293
12.81868
12.61177
12.91268
14.80360
14.78250
15.11155
15.57547
13.99620
12.26277
13.02597
14.83388
13.63095
12.74227
12.20628
11.87695
12.39265
12.27723
14.13267
12.56070
12.35012
13.76002
12.18463
11.82440
11.52317
12.29895
13.08445
13.30507
13.20892
13.34420
13.41523
14.17667
14.49730
14.29302
13.99115
13.59560
12.48535
12.48072
12.28073
12.49087
12.89143
13.58775
13.34233
13.18165
12.54488
12.22303
13.42273
11.51920
10.81675
10.85960
10.35505
9.23572
9.73437
14.56675
8.09185
8.17258
7.99658
8.28735
7.92505
10.10355
17.76102
17.98835
18.60460
20.98888
26.76842
26.56412
25.27062
25.30532
25.12823
24.86073
24.83557
25.06787
24.86617
24.64980
25.08397
23.30818
18.25818
15.89282
7.72132
7.19798
7.13905
7.43413
7.44675
7.20582
7.44198
7.39963
7.45615
7.76857
7.39203
7.15637
7.17523
7.78808
7.86627
7.64568
8.08258
8.16695
8.46452
8.01578
7.56708
7.60122
7.31400
7.67575
7.53077
7.32728
7.35700
7.82233
8.01323
6.97140
6.81865
6.83573
7.23253
7.64395
7.51453
7.53757
7.84953
8.07248
8.15412
7.50302
7.18448
7.47273
7.43532
7.66520
7.58023
7.97622
8.00065
7.97388
8.55927
7.86187
7.78753
7.80210
7.91617
8.51512
8.59400
8.45663
9.30852
13.27448
12.94440
12.50878
12.74347
12.73087
10.65193
10.57847
10.17077
10.26305
10.48955
10.62652
11.25028
11.30382
11.60100
11.26978
11.70200
11.85640
11.56100
12.84198
12.71802
13.25300
13.62865
12.99792
12.70960
12.75642
13.17442
12.45835
12.75072
12.99140
12.73067
12.64473
12.40188
12.90752
13.55430
14.08322
14.29480
14.19470
11.62688
12.00795
9.88927
9.57593
9.24493
9.46448
9.85617
9.80487
9.78593
9.69467
9.56657
