2.72113
3.10967
3.11197
2.81557
3.45183
3.43338
2.71698
2.71497
3.07965
3.07947
2.71623
2.72052
3.14865
2.90280
2.73662
2.89928
3.20862
2.85023
2.77080
2.90257
2.72278
2.73428
2.72683
3.17643
3.05088
2.73607
2.73427
2.70883
3.66902
7.72288
8.98200
9.15592
8.68900
8.71767
8.69195
8.69605
8.69530
8.79515
9.23783
9.04708
8.83653
8.29393
8.06027
10.32972
6.95093
5.69497
4.28882
4.06983
4.02775
4.03845
4.05792
4.63148
3.54765
3.78078
3.22867
3.07558
3.07698
3.08577
3.08385
3.09548
3.53970
3.41005
3.09288
3.07405
3.07047
3.07230
3.06893
4.06363
3.37062
3.07368
3.07137
3.06223
3.06775
3.07895
3.39460
3.57187
3.11648
3.27527
3.52507
3.74005
4.12277
4.56338
5.03007
5.25172
3.50207
2.97263
3.56500
3.37732
3.48712
7.48870
6.59402
2.01333
2.01467
2.36715
2.10792
2.26255
2.18067
2.51753
2.22943
2.06490
2.64143
2.03472
2.04593
2.35030
2.50102
2.34682
2.06427
2.04590
2.05887
2.02708
2.03923
2.22955
2.52053
2.23920
2.09497
1.70423
1.40473
1.40113
1.40948
2.10163
1.91402
1.44838
1.44708
2.76007
2.15723
1.76540
2.04593
2.42502
2.49568
2.05640
2.06590
2.05900
2.06197
2.06670
2.14882
2.55470
2.31975
2.10338
1.95957
1.44703
1.44833
1.45078
1.63297
1.93253
1.56498
1.44577
1.45883
1.44873
1.44590
1.43738
1.83932
1.73892
1.86768
2.04463
2.05900
2.05133
2.05352
2.06528
2.53243
2.40082
2.05940
2.05748
2.05957
2.05905
2.06062
2.13818
2.78963
2.35435
4.72827
2.60798
2.70130
4.30480
3.32107
3.10437
3.37665
3.14133
2.77828
2.79238
2.71080
2.53625
2.13385
1.92065
3.44030
5.24497
2.96975
1.84415
2.96408
5.02172
5.36807
3.22915
4.51353
2.37938
2.16105
5.16132
2.12675
4.35875
3.17537
4.35872
1.88088
3.45580
1.94612
3.68853
1.59728
2.72128
3.21283
1.59670
2.12017
3.14078
2.31895
1.46510
1.83220
2.56242
3.91243
2.20540
2.57548
2.48892
4.14382
2.10615
2.12762
1.92027
3.76857
1.55517
1.93673
1.78383
3.57817
1.74830
1.46923
1.46643
3.19982
2.09548
1.83615
1.93182
1.92863
3.89403
2.07357
2.07692
2.08163
3.96988
2.78917
2.60108
2.18190
3.09887
3.08788
1.47368
1.46952
1.49652
4.07853
1.94182
1.46358
1.47102
2.99453
2.31850
1.47305
1.47473
1.74583
2.53730
4.03108
2.10683
2.10905
2.11073
2.88488
3.62960
2.26860
2.63012
2.37575
3.08748
2.40423
1.51373
1.50930
1.51447
1.91273
3.79672
1.86185
1.50058
1.50387
1.50883
1.49960
2.27698
2.94445
2.57368
2.41475
2.06208
2.05323
2.10887
2.12063
2.12732
2.25902
2.65547
