1.22242
0.84232
0.76530
1.27242
0.71252
1.06400
0.98882
0.71503
1.27627
0.78138
0.74752
1.30930
0.71933
1.02907
1.05048
0.71567
1.22773
0.83407
0.73570
1.30645
0.71310
1.01668
1.05897
0.71455
1.23313
0.82258
0.74273
1.33892
0.70940
0.95998
1.10198
0.71750
1.13977
0.90827
0.71208
1.32833
1.14863
1.30760
1.60323
1.15787
1.58270
1.33493
1.15363
1.76663
1.15448
1.38112
1.58805
1.16263
1.65263
1.33212
1.19130
1.79432
1.21443
1.56040
1.05265
0.69763
1.25378
0.78182
0.75015
1.27060
0.70928
1.06268
0.95723
0.70458
1.31020
0.68935
0.86773
1.12782
0.70020
1.17767
0.85593
0.71408
1.33595
0.71697
0.96072
1.08353
0.71807
1.24007
0.80708
0.76993
1.28827
0.74800
1.09188
0.99753
0.75640
1.33395
0.73927
0.95802
1.12163
0.74315
1.26725
0.82262
0.83727
1.49607
1.20028
1.54310
1.44902
1.19167
1.78418
1.20703
1.35967
1.63840
1.19573
1.64688
1.36425
1.21925
1.79285
1.24453
1.52060
1.60873
1.29533
1.44190
0.87945
0.74735
1.34412
0.75627
0.98208
1.12603
0.77362
1.22123
0.91622
0.78118
1.35105
0.75305
0.98030
1.13720
0.77015
1.26902
0.88063
0.78695
1.34537
0.77828
1.04340
1.08288
0.75470
1.30653
0.86990
0.77277
1.34332
0.74802
1.04455
1.09688
0.75995
1.27570
0.88165
0.77382
1.33840
0.75200
1.02592
1.07740
0.75150
1.27627
1.13245
1.25070
1.71487
1.19230
2.49142
1.43825
1.17842
1.76053
1.21665
1.28015
1.69608
1.21168
1.71978
2.01307
2.15723
2.31893
1.58755
1.05278
1.32688
0.91247
0.92610
1.51147
2.15342
2.21645
0.85073
1.25645
2.11352
1.16193
1.44907
2.43315
4.34093
3.83225
0.87017
0.86343
1.29518
0.72352
0.99095
1.04707
0.71935
1.22410
0.81552
0.73652
1.31797
0.71850
0.96817
1.08815
0.71383
1.23520
0.78140
0.77412
1.24497
0.69948
1.05060
0.97410
0.71332
1.30632
0.71745
0.88100
1.15637
0.76068
1.58648
1.33728
1.17007
1.74562
1.18058
1.44145
1.56035
1.18588
1.68238
1.34057
1.21025
1.80253
1.21665
1.53828
1.54315
1.27580
1.30543
0.78302
0.79583
1.29165
0.73278
0.99998
1.02977
0.72090
1.31202
0.71857
0.88655
1.17095
0.71717
1.19190
0.86968
0.72640
1.35220
0.71912
0.95412
1.09530
0.71655
1.26608
0.76880
0.83950
1.19507
0.72740
1.15443
0.89163
0.73543
1.31948
0.71693
1.04570
0.97590
0.72078
1.34383
0.72093
0.90108
1.16580
0.72337
1.21825
0.86577
1.07597
1.75622
1.16298
1.52285
1.40497
1.17300
1.78658
1.16817
1.35612
1.64858
1.17982
1.63230
1.38478
1.21293
1.80587
1.23547
1.61018
1.06808
0.72100
