0.63130
0.52465
0.43263
0.39256
0.39081
0.39051
0.38871
0.38982
0.38941
0.41729
0.46640
0.49275
0.49693
0.47517
0.40193
0.42855
0.42976
0.36294
0.23423
0.19555
0.19963
0.20484
0.20846
0.18293
0.10556
0.09500
0.09501
0.09500
0.18676
0.21316
0.09905
0.09839
0.09518
0.19836
0.14482
0.09426
0.09412
0.49259
0.09513
0.09401
0.09406
0.13452
0.20101
0.21292
0.09564
0.09400
0.09403
0.09400
0.09433
0.09474
0.09467
0.11380
0.19711
0.14544
0.09637
0.30341
0.21207
0.17173
1.16614
1.28133
0.09447
0.09400
0.09698
0.19672
0.20673
0.12380
0.09519
0.09434
0.09480
0.09542
0.09489
0.18902
0.16367
0.09479
0.09471
0.09452
0.14155
0.20209
0.16341
0.09452
0.09430
0.09453
0.09466
0.09530
0.09477
0.11778
0.19839
0.16721
0.09801
0.09638
0.19033
0.15220
0.09471
0.09473
0.09468
0.09420
0.18852
0.20812
0.24204
0.31414
0.31473
0.24714
0.20876
0.20913
0.22402
0.31880
0.35490
0.30013
0.19026
0.21614
0.20237
0.14443
0.09400
0.09400
0.09400
0.09421
0.09468
0.09429
0.15395
0.20616
0.09400
0.09400
0.11717
0.20059
0.20043
0.20790
0.22045
0.20926
0.24089
0.53769
0.53924
0.36373
0.15338
0.21744
0.31925
0.24016
0.25553
0.26213
0.23689
0.21123
0.21255
0.20807
0.13943
0.62533
0.22798
0.16186
0.30765
0.16351
0.18934
0.09400
0.09405
0.09400
0.10092
0.09447
0.09412
0.09411
0.10984
0.23695
0.23272
0.15983
0.24768
1.69800
1.58279
0.31378
0.09919
0.09926
0.09915
0.09917
0.09931
0.09919
0.17659
0.20932
0.12597
0.10396
0.10043
0.18403
0.16917
0.09400
0.10754
0.09452
0.09507
0.09482
0.09407
0.10092
0.19976
0.20532
0.15277
0.09409
0.09405
0.09401
0.09421
0.09433
0.09428
0.09406
0.17177
0.20388
0.11963
0.09804
0.16320
0.19064
0.09404
0.09401
0.09422
0.09421
0.09442
0.09434
0.10089
0.19990
0.20545
0.15291
0.09430
0.09412
0.09406
0.09401
0.09399
0.09431
0.10092
0.19706
0.20630
0.13197
0.09764
0.09400
0.09401
0.09400
0.19260
0.15960
0.09400
0.09477
0.09473
0.13496
0.20271
0.19266
0.09413
0.09415
0.09411
0.09404
0.09402
0.09415
0.12352
0.21434
0.22080
0.14543
0.10857
0.10840
0.10925
0.10968
0.14698
1.31502
1.38842
1.37529
1.28848
1.29875
1.40610
1.35772
0.60882
0.17206
0.19622
0.21985
0.21970
0.24678
0.31775
1.17101
0.26668
0.22625
0.30782
0.34806
0.34771
0.34748
0.34894
0.42685
0.45784
0.45115
0.35010
0.34791
0.34778
0.34778
0.34742
0.34666
0.42425
0.45656
0.39692
0.35215
0.34765
0.44625
0.41186
0.34621
0.34641
0.34704
