2.18765
1.50900
1.46092
1.54787
2.17545
2.18338
1.54178
1.98333
2.15553
3.03237
2.48680
1.83230
2.10295
2.18925
2.84108
2.86338
2.26572
2.13307
2.17665
2.85112
2.85212
2.31165
2.17708
3.05593
3.66302
3.52812
2.77410
2.22628
2.32060
3.30910
3.88220
3.45230
2.62253
2.88880
4.56872
5.27927
5.14323
4.66222
4.81035
5.14693
5.22348
4.75017
4.08618
4.24288
4.28352
4.40598
4.73265
5.13768
4.42407
4.36845
3.90357
2.50198
2.45237
1.92620
1.48248
1.48618
2.16702
2.22542
2.23113
1.71445
1.51135
1.96372
2.21285
2.49388
2.78387
2.08767
1.96508
1.79832
2.21553
2.22557
2.05042
1.48252
1.48647
1.99412
2.69113
2.39857
2.37755
2.11023
2.12382
2.30443
2.34070
2.35935
1.74663
1.63237
1.89177
2.37918
2.91800
2.90647
3.28412
3.65345
3.78990
3.91945
3.93288
3.84013
3.20132
3.19237
3.87705
4.59442
4.66838
5.42692
4.56600
4.57967
4.67503
11.36697
4.54613
4.15547
4.36537
4.78133
4.84615
4.92980
4.53732
4.41055
7.70305
7.70072
7.69615
6.19438
5.36837
5.41645
3.78420
2.97433
3.75192
2.53813
2.62972
3.33710
4.02797
4.06117
3.70055
3.47040
4.04765
4.17978
4.41395
2.72878
2.58512
3.03687
3.00198
2.04915
1.74542
1.92415
2.44003
2.34303
1.78218
1.81527
2.41690
2.54482
2.00697
1.85712
2.25515
2.53518
2.52435
2.35758
3.84037
3.70268
10.64922
5.83795
3.70787
3.50110
3.39787
3.03443
2.72075
2.74565
3.28717
3.20240
2.58860
2.60158
3.00967
3.23198
2.88260
2.61673
2.67242
3.25448
3.22390
3.16738
3.28603
3.82097
3.95292
7.82010
5.24465
3.28442
3.74288
3.58963
3.82848
4.40580
4.74377
5.86152
6.01623
4.45333
4.66233
4.23733
3.76722
3.78723
4.81068
4.11483
2.63765
1.95053
2.09620
2.50320
2.25257
1.82518
1.88040
2.46752
2.39662
1.81165
1.80187
2.68675
4.30717
7.79705
4.63178
1.81310
2.17343
1.88223
1.50033
1.50258
2.13768
2.19345
1.50208
1.90695
2.45012
2.77280
2.16380
1.52228
2.19157
2.78343
2.41935
1.49893
1.49835
1.98165
2.17850
2.21158
2.11418
2.34293
2.41400
1.95867
1.50658
1.50750
2.15765
2.18800
1.52567
1.51030
1.94110
2.18907
2.03362
1.84778
2.05628
3.05562
2.93277
2.44400
1.97550
2.49070
2.51317
1.85430
1.84123
2.89187
2.95013
2.36835
1.73333
2.42872
2.79713
2.23600
1.51705
1.62943
2.16915
2.15413
1.50388
1.50827
2.13220
2.18648
1.69345
1.96198
2.53888
2.78165
2.14407
1.50733
1.74312
2.16882
2.14655
1.49793
1.53568
2.17630
2.18198
2.30165
2.09893
2.61932
2.34292
2.08048
1.48352
1.64617
2.15640
2.16292
