0.51363
0.52631
0.57412
0.58150
2.23184
2.17924
2.25582
2.19094
2.02352
2.00411
1.95718
1.07151
0.61865
0.77155
0.69560
0.77562
0.63787
0.52436
0.52602
0.58814
0.56719
0.77204
0.69894
0.77691
0.69193
0.77832
0.68154
1.10496
2.05491
2.17642
2.26638
2.31607
2.18087
2.08104
1.04157
0.51647
0.51588
0.52390
0.60491
0.75033
0.74407
0.72625
0.58249
0.52752
0.55642
0.55275
0.52112
4.42715
3.09195
0.76425
1.21884
1.90407
1.82789
1.68499
1.72940
1.83144
1.86492
1.42841
0.31267
0.17707
0.17434
0.17411
0.17422
0.23016
0.41736
0.37781
0.39784
0.25635
0.17425
0.17486
0.23063
0.17401
0.33356
0.40712
0.40050
1.52716
1.67250
1.67075
1.66949
1.66765
1.79827
1.73755
0.68473
0.32703
0.17417
0.23319
0.17405
0.17409
0.22688
0.41781
0.35161
0.42323
0.28295
0.17401
0.17406
0.23312
0.17400
0.29383
0.41808
0.35389
0.42374
0.20151
1.04837
1.68233
1.68298
1.77472
1.82360
1.76964
0.38794
0.19925
0.23123
0.17400
0.17405
0.17403
0.41585
0.34843
0.42120
0.32326
0.17466
0.17490
0.20648
0.20443
0.25767
0.41878
0.35183
4.16456
1.71821
0.17443
0.17429
0.17415
1.38269
1.88711
1.92574
1.85739
1.70124
1.57287
0.51012
0.17401
0.17750
0.41199
0.35227
0.42081
0.29569
0.17396
0.17380
0.17378
0.20768
0.34583
0.41881
0.35385
0.24688
0.23003
0.17377
0.17353
0.17416
0.35624
0.37406
0.42293
1.47153
1.67004
1.66887
1.66634
1.69920
1.80850
1.87131
1.45751
0.26959
0.23409
0.17495
0.17487
0.17493
0.30143
0.39530
0.41482
0.34202
0.43919
1.66174
1.65957
1.66721
2.56798
6.15914
2.82068
1.71623
1.66483
1.80874
1.96746
1.97463
2.19025
2.11873
2.16906
1.74414
1.62891
1.62726
1.60068
1.28607
0.41412
0.35463
0.41608
0.19466
0.17307
1.58095
1.62841
1.79087
1.79301
1.80828
0.99099
0.19572
4.53134
4.73204
4.89013
4.92511
5.01243
4.88853
1.02660
0.37329
0.37382
0.48816
0.54782
0.62037
0.73345
1.83108
1.83053
1.88929
1.85665
2.01306
1.61599
0.62226
0.39878
0.37380
0.37470
0.37487
0.49386
0.58084
0.61675
0.55349
0.42855
0.37523
0.43309
0.39512
0.59403
0.56389
0.61905
0.79264
2.08445
2.01787
2.07874
1.99054
1.85349
0.53536
0.37678
0.37671
0.37572
0.82098
0.84612
0.86756
0.70768
0.56074
0.46405
0.46166
0.46160
0.52340
0.60521
0.70847
0.64557
0.60442
0.46966
0.46851
0.47407
0.47373
0.54079
0.56111
0.39447
0.39333
0.18322
0.17402
0.17401
0.17455
0.29422
0.36206
0.41124
4.15685
2.81690
0.23265
0.17517
0.17488
0.23600
0.41825
0.35242
