2.92357
1.99371
2.95762
2.93832
2.21774
2.72647
2.92044
2.56231
2.37894
2.92580
2.71348
2.09144
2.85549
2.79783
3.20064
2.15031
3.15573
3.37722
3.36826
3.13707
2.68340
3.41657
3.38870
2.46570
3.33088
3.51128
3.45419
3.43682
2.47770
3.33200
2.31078
3.24798
3.74551
6.00400
7.97843
7.52957
6.59946
4.02129
2.92612
1.82314
2.56237
2.06926
2.21341
2.60875
1.94067
2.88466
1.79255
2.71415
1.75862
2.45594
2.43235
2.55239
2.40237
1.74060
2.67364
1.76309
2.72794
1.82661
2.35097
2.12361
2.18370
2.47128
1.84599
2.74794
1.94270
2.94244
2.47566
2.86121
2.67995
2.35655
2.82623
2.00935
3.00220
2.26584
3.24011
2.32981
2.93961
2.70867
2.64499
3.03473
2.42710
3.14857
2.25831
3.04418
2.31798
2.68792
2.59742
2.56275
3.01844
2.32805
3.37825
2.51992
2.83783
2.43973
2.19455
2.55980
3.51076
1.90869
2.20577
2.26392
1.69182
1.98605
2.27768
1.94774
2.07656
2.87690
2.49952
2.54174
2.92151
2.65017
2.35941
2.98860
2.38918
2.74774
4.01838
1.92752
2.49743
2.26066
1.92043
2.43494
1.88895
2.34491
1.58802
2.36859
1.74902
1.71645
2.57301
1.72016
2.22971
2.02717
1.61319
2.56075
2.24736
1.23576
0.98913
1.53618
0.89175
0.86916
1.32881
1.00970
0.83840
0.81480
1.69216
0.89961
2.46745
1.40805
1.37796
0.92826
0.76919
1.50671
0.84070
0.82119
0.90912
1.40646
0.77216
0.83022
3.23480
0.97880
1.28900
1.40269
1.98952
1.36352
1.33194
1.97029
1.49707
1.38620
1.28049
3.44752
7.10963
1.82434
1.62419
1.68748
2.55969
1.86033
1.78634
1.39455
5.69091
6.59748
7.03396
6.84651
6.69738
3.89560
1.15599
0.88903
1.05779
1.54656
0.94359
1.01312
1.63410
1.10457
1.01090
1.01452
3.49395
1.01742
1.81700
1.91993
1.13507
1.97777
1.08121
1.17301
1.66537
1.01474
1.67616
1.20047
2.71020
1.76547
1.13223
1.65401
1.38199
1.19618
1.85994
1.17651
1.57108
1.51697
1.80608
1.06780
2.78464
1.65236
1.61577
1.19923
1.01385
1.87836
1.52381
1.52784
1.94958
1.30970
1.91181
1.69459
2.83270
2.03309
1.60741
1.93880
2.18864
1.71171
2.01709
2.47094
1.69071
2.60664
2.01871
2.76105
2.40934
3.81886
2.22168
2.80832
2.24838
2.92014
2.38249
3.16104
2.78561
2.83982
2.31266
3.03150
2.53460
2.61427
2.44630
2.74121
2.79534
2.54161
2.54272
1.99044
6.02165
7.17889
6.63105
7.47537
6.13004
6.18855
6.37944
6.29943
3.37131
2.47139
3.26049
2.80411
3.63987
2.50442
2.85662
2.62344
2.33421
2.86699
2.57025
2.42764
2.83239
2.45612
2.33822
2.68745
2.30418
3.35200
2.44700
3.23505
