183.97925
182.51549
171.79251
180.89754
187.10977
177.93136
177.90708
183.93307
174.84745
176.44482
182.19951
178.63552
185.86829
176.97037
179.33834
180.31025
175.95098
178.92456
181.58110
176.76623
178.27543
177.56422
174.55620
178.95433
180.61573
167.30185
177.88042
179.85559
173.03320
177.05041
174.98594
171.62021
166.21080
175.04371
182.25104
169.35722
172.43746
185.96827
193.49524
162.65663
167.94934
182.61377
165.27085
180.23374
426.61802
515.06158
477.03549
489.71282
496.61307
497.64880
519.32767
522.16049
521.67024
509.59827
503.49782
514.29081
528.95460
523.50090
507.48997
498.94104
511.26188
503.97768
506.34189
521.30037
506.36693
479.48093
494.65723
480.99501
480.23145
507.18349
467.70316
456.94083
460.50480
488.09239
481.63502
474.37272
430.17324
485.47495
474.27953
484.93143
464.74234
461.43582
467.37733
500.17630
483.32866
467.37899
485.67169
495.24750
502.77674
490.38142
526.35626
508.29733
475.56440
504.04332
515.49496
520.96374
525.95244
500.10346
499.68177
535.69309
522.03804
506.68178
543.04986
504.57526
511.04181
519.14307
530.52562
525.25163
483.74494
507.72487
511.80858
529.21565
510.32561
476.46840
515.90567
511.47690
522.11663
516.15106
490.34514
489.75922
522.89979
509.40102
503.37968
528.04209
512.62721
507.49477
521.04864
503.02303
494.76693
541.16876
498.74234
513.79635
523.10502
505.80919
482.76548
517.94657
516.53820
465.22509
506.63250
498.37736
492.81911
490.21403
497.19486
501.63786
497.21602
473.63135
501.06841
514.73415
441.41660
384.18876
377.84334
369.08689
363.66665
350.51765
360.68347
353.43395
341.52101
359.79282
360.72621
349.81437
352.45225
377.80709
358.20619
367.55273
379.95875
398.24309
406.31052
388.86090
382.95919
396.71777
384.61953
391.74318
421.06862
407.91318
386.29169
415.07346
446.07277
449.30071
457.34491
451.33410
460.67948
466.24233
469.97936
495.65981
505.55592
486.89182
388.52857
234.39108
199.77166
190.85271
187.57788
197.17285
187.86014
190.05494
194.49168
198.12530
187.27754
196.23170
188.89289
185.87479
192.85832
194.57688
187.40449
215.65177
200.05729
187.18014
212.99987
205.77477
191.70583
188.45514
198.84126
187.62372
190.75770
192.49149
181.93675
198.85604
194.45818
191.18651
186.87464
186.95461
181.20696
192.82356
193.52355
189.63562
188.81342
196.62499
186.98100
191.87467
196.79779
183.54379
190.03145
188.00570
191.77533
180.35474
190.41944
189.42280
185.76234
200.87870
195.11719
185.56645
187.92703
186.64012
182.89824
197.73026
207.47242
196.40384
209.55911
194.25643
181.65783
191.87893
189.92950
195.00756
204.14592
205.65873
193.02537
198.58959
202.54731
180.64608
195.10172
204.11084
192.36187
199.41838
194.58829
182.37018
185.39280
203.81758
196.68732
192.57918
210.73861
190.98685
199.12150
198.79706
188.23849
186.38554
188.85267
184.73772
181.36245
194.76886
189.33102
194.34156
210.95195
204.06459
194.74539
193.75408
193.75823
193.89502
226.21735
239.16589
