1.71733
1.71682
1.71351
1.71451
1.71626
3.27882
5.82771
5.88180
6.21001
7.65565
6.79229
5.80047
4.15834
2.42726
1.70878
2.40432
1.97001
2.12833
2.84241
6.05653
6.15432
7.41173
3.88475
3.85685
6.19718
6.84171
6.13711
2.96323
3.08332
3.09911
3.02441
1.96460
2.10870
2.35520
2.35986
2.06256
2.15227
3.75549
6.56463
6.61367
6.66259
6.42444
5.41658
6.13606
7.04387
8.28198
5.11319
4.90462
4.88957
0.72690
0.60260
0.60737
0.65876
4.70733
4.66553
4.67856
1.43619
0.53256
0.54892
0.52897
0.53038
0.53284
0.53527
0.40002
0.34699
0.34645
0.35147
0.35091
0.46992
0.52532
0.52481
0.52007
0.52234
0.52276
0.52528
0.52908
0.47163
0.34263
0.34652
0.39596
0.60742
0.64309
5.35529
4.09766
5.58691
4.77630
4.98394
5.61037
5.62186
5.62443
6.89434
6.66458
4.49785
2.55105
0.52926
0.69362
0.69544
0.69624
0.69633
0.69897
0.70037
0.70507
0.67269
0.51679
0.51745
0.51339
0.51321
0.51503
0.68890
0.69036
0.69288
0.69412
0.69507
0.69895
0.70495
0.62736
0.52109
0.51977
0.52393
0.52415
0.57055
0.70104
0.70180
0.70750
0.70873
0.71084
0.71850
0.71973
0.69536
4.78583
5.23563
5.71375
5.72329
5.84784
5.49323
5.56935
5.93990
6.15206
6.41610
6.42865
7.06136
7.36947
7.26293
6.96143
5.62236
5.89553
6.31146
7.20376
6.14122
6.87805
6.31459
5.72229
5.32765
5.17596
6.26185
5.84536
6.10416
5.45646
5.47680
5.19218
5.64140
6.02549
5.68578
5.61205
4.95031
6.02676
6.75558
3.58866
1.32761
1.21851
1.58611
1.36962
1.27817
1.01819
1.09225
1.22643
1.19867
1.25840
1.05684
1.15770
1.42322
1.42590
1.49604
1.27113
1.26203
0.94816
1.13486
1.52089
1.24260
1.18295
1.21400
0.74252
1.86276
1.44314
1.15574
1.14233
1.77812
5.95073
5.52033
1.33102
1.94986
0.57958
1.82835
1.30962
1.31747
1.28329
0.97797
1.43070
1.74445
1.32666
0.52001
1.53140
1.11987
1.47226
1.08905
0.64058
1.95645
1.42261
1.08933
1.83206
1.40901
1.34175
0.90891
1.19783
1.21178
1.26032
1.12007
1.35363
1.41505
1.34666
1.19939
0.96683
1.69133
1.46456
1.25953
0.62472
1.73530
1.23184
1.18169
1.07763
0.82669
1.86016
1.18962
1.22692
1.47511
1.25316
1.55760
5.10284
5.39264
1.51174
1.50151
1.11798
0.60567
2.06008
0.88032
1.58034
1.46132
1.29805
1.14148
1.72505
0.93875
1.15134
1.22615
1.21329
1.26937
1.33696
1.17980
1.12247
1.54194
1.49440
1.48293
1.27003
1.10806
1.26521
1.23211
1.35598
1.29334
2.09946
5.59522
5.73604
6.07842
6.09717
6.33395
6.24714
5.83195
7.13529
7.14641
6.97977
