2.01890
2.10597
2.13358
2.10962
2.08116
1.95376
2.03636
2.03936
2.15742
2.33817
2.40220
2.39067
2.31220
2.33853
2.29121
2.21368
1.19800
0.84288
0.83752
0.83590
0.90652
0.98049
0.98320
0.98306
0.98652
0.99233
0.96092
0.84186
0.86535
0.85575
0.83088
0.94042
0.96390
0.98871
1.06518
1.14965
1.13839
1.06260
1.03239
1.07195
1.12013
1.56701
1.36247
1.09194
1.08875
1.09409
1.10031
1.11014
1.04117
0.92657
0.98028
1.03989
0.93236
0.85281
0.81840
0.81891
0.82438
0.82401
0.84495
0.78689
0.64090
0.60961
0.60968
0.61470
0.68540
0.76206
0.76422
0.76872
0.78886
0.84269
1.02798
0.81637
0.74146
0.69933
0.64978
0.73144
0.75923
0.74645
0.73011
0.75481
0.77159
0.78135
0.81076
0.57320
0.57703
0.53687
0.54648
0.68950
0.71467
0.68040
1.08068
1.01736
0.83399
0.83780
0.76359
0.55869
0.56042
0.58886
0.59089
0.72229
0.72495
0.73937
0.83233
0.72981
0.70866
0.77226
0.75671
0.68789
0.61554
1.17534
0.60186
0.79776
0.85395
0.97258
0.82125
0.83890
0.87028
0.82123
0.88368
0.72088
0.62122
0.56878
0.56798
0.61604
0.71465
0.71439
0.71718
0.75383
0.87685
0.92022
0.93132
0.82734
0.89482
0.88653
0.91256
0.94955
0.95072
0.95639
1.04306
1.00654
0.97083
0.98338
0.84762
0.81775
0.87452
0.80642
0.81530
0.94037
0.94078
0.95120
0.94941
1.00717
1.10852
0.96882
0.93851
0.93564
0.81768
0.82974
1.68081
1.78676
1.61485
1.74209
1.24604
0.97347
0.96072
0.95276
0.95334
0.83689
0.67526
0.67050
0.68840
0.71120
0.71521
0.81458
0.83066
1.38608
0.99606
0.51676
0.51558
0.51662
0.60377
0.72467
0.72522
0.72764
0.75380
0.75624
0.62074
0.61806
0.61278
0.61481
0.65622
0.76423
0.83221
0.97089
1.12912
1.23994
0.94518
0.74435
0.67966
0.78555
0.78249
0.75319
0.77231
0.77467
0.77871
0.78455
0.71214
0.62762
0.62633
0.69445
0.76102
0.72733
0.76881
0.77080
0.85140
0.87177
0.88780
0.69980
0.62618
0.62199
0.62217
0.63360
0.77045
0.76973
0.77144
0.77763
0.78136
0.72650
0.62661
0.62363
0.62080
0.62158
0.71051
0.76977
0.80126
0.86273
0.87444
0.89399
0.69267
0.62839
0.62319
0.62208
0.63572
0.76942
0.77097
0.77188
0.77595
0.78025
0.78355
0.66324
0.62655
0.62191
0.62027
0.69199
0.76712
0.83486
0.85601
0.87414
0.86397
0.77453
0.77839
0.69535
0.62284
0.65033
0.79251
0.88646
0.94196
0.94191
0.94233
0.94169
0.91285
0.91021
0.90952
1.01022
0.91053
0.93056
0.94977
0.86877
0.88357
1.01124
1.45842
1.41206
1.53460
1.49639
1.76419
1.76293
1.75331
1.79517
