6.84855
7.46525
7.38223
7.29282
7.40123
7.40307
6.42442
6.66442
6.17590
5.88333
6.01377
6.12682
5.96850
6.33348
5.84973
5.38552
5.07788
6.16223
7.53922
7.58217
8.32758
8.06095
7.75807
7.21045
6.60872
5.69513
5.27250
5.56777
5.90013
6.22338
6.10942
5.91377
5.56315
5.18237
5.87637
6.91573
7.25707
7.34670
7.85982
8.78867
8.41843
6.71485
5.75147
5.69925
5.89050
5.69130
5.54292
5.54200
5.72512
5.61775
5.87732
5.98542
5.22113
4.61598
4.58600
4.06335
3.97132
4.00222
4.70763
4.62390
4.59735
4.45998
3.80872
4.48390
4.45780
4.29368
4.98130
5.77290
5.86697
4.50482
4.09717
4.29088
3.97787
4.04180
5.10507
5.03367
4.32880
4.84678
5.34830
6.26968
6.37690
5.72957
4.46587
4.25972
4.82963
5.42970
4.99482
5.38318
5.43688
5.42885
5.90172
5.56072
5.11397
5.07895
5.04710
4.58548
5.06140
5.68183
5.19950
4.74100
4.89967
5.62050
5.42488
4.96702
5.12260
5.92083
6.28052
6.19237
5.70625
4.92947
4.47018
4.48475
4.82163
4.96740
4.89453
3.91937
3.54100
4.08033
4.72825
5.26910
5.34037
5.77240
5.32718
4.91538
5.00642
5.39093
4.13368
4.07567
4.09713
4.09370
5.35500
4.81963
4.55142
4.01960
4.74103
6.02640
5.75512
5.33588
5.26148
5.06412
5.44898
5.89710
5.56480
5.98433
5.51750
10.64017
14.12102
13.38693
12.97808
12.61385
12.80918
13.99793
14.31445
13.48543
13.66852
14.10605
14.35132
14.67523
15.23355
13.97457
13.62442
13.79628
13.92802
14.25067
13.30745
13.19558
13.48908
13.64722
14.12903
8.96917
4.85868
5.37247
5.57537
5.71163
6.08497
5.79242
4.76928
4.74800
4.73407
5.27553
5.49858
4.86555
4.47035
4.22372
4.94037
5.83653
5.37428
5.78863
5.57775
5.66110
5.49153
5.51923
4.84900
4.46227
4.77980
5.14553
5.33373
5.15622
4.46965
4.00112
4.08052
5.52983
5.89668
5.40448
5.66090
6.43932
6.29937
5.80995
5.11495
4.66320
4.53622
4.63218
5.10857
5.14202
4.73215
4.55842
4.45352
4.64145
5.46365
4.88865
5.24558
5.34392
5.60827
6.06160
6.34283
6.08502
5.47393
5.16785
5.32520
4.82382
4.54060
4.33493
4.24490
3.34362
3.76292
4.66058
4.62020
4.57040
4.04280
3.97835
4.57055
4.58062
4.50430
3.82160
4.29953
4.18918
4.04725
4.50277
3.63838
3.49862
3.27097
4.32720
4.75383
4.40852
4.81397
4.91883
4.64340
5.32432
5.16952
5.09263
4.21035
3.95795
4.19378
5.01968
5.94272
5.58582
5.52780
5.84980
6.12347
6.48080
6.53902
6.53812
6.35452
6.10078
7.48302
7.80080
6.33317
6.01428
5.60135
5.60615
5.58892
5.46565
5.44523
5.40183
5.75997
6.53353
6.16325
6.40478
