0.21403
0.21685
0.22337
0.23910
0.26775
0.23649
0.02480
0.02531
0.02558
0.02548
0.02444
0.02447
0.02396
0.02385
0.02370
0.02408
0.02510
0.07093
0.33892
0.33205
0.34331
0.26981
0.28641
0.07668
0.02430
0.02475
0.02428
0.02346
0.02312
0.02307
0.02341
0.02334
0.02423
0.02499
0.02403
0.18739
0.21778
0.22417
0.28204
0.38154
0.32112
0.13065
0.02452
0.02344
0.02301
0.02326
0.02337
0.02345
0.02323
0.02490
0.02457
0.02337
0.02457
0.02501
0.02500
0.02436
0.02425
0.02385
0.06011
0.14245
0.14223
0.13098
0.08315
0.22548
0.22016
0.22771
0.24298
0.27399
0.16149
0.02478
0.02394
0.02459
0.02411
0.02374
0.18283
0.21534
0.21961
0.22922
0.29522
0.40414
0.41080
0.31082
0.22192
0.23295
0.25385
0.32468
0.23446
0.21664
0.22323
0.23713
0.26669
0.32365
0.21579
0.21918
0.22849
0.24660
0.28788
0.29200
0.24754
0.33853
0.34822
0.36422
0.32514
0.23460
0.21526
0.22157
0.23914
0.26361
0.32599
0.26554
0.22391
0.22847
0.23752
0.25408
0.28687
0.18222
0.02500
0.02500
0.02496
0.08649
0.19633
0.32644
0.30910
0.22391
0.24014
0.27477
0.04700
0.02500
0.02500
0.04197
0.28095
0.21592
0.22098
0.23283
0.25565
0.33168
0.21895
0.21621
0.22394
0.23870
0.33063
0.42019
0.32622
0.33276
0.23027
1.27546
2.06661
2.00218
1.96167
1.97041
1.98200
2.00927
2.07059
1.95869
1.96427
1.97588
1.99163
2.03739
2.03485
1.96810
2.04286
2.10884
2.13464
2.19990
1.98012
1.97978
1.99105
2.00362
2.03502
1.04589
0.21435
0.22032
0.23233
0.25525
0.32706
0.22755
0.21637
0.22364
0.25364
0.38832
0.43264
0.33209
0.25299
0.22949
0.24910
0.30735
0.25780
0.21714
0.22328
0.23651
0.26597
0.31991
0.21586
0.22021
0.23085
0.25169
0.31267
0.25265
0.21945
0.22524
0.24125
0.38498
0.42232
0.31911
0.22146
0.23447
0.25832
0.33134
0.21876
0.21943
0.22831
0.24653
0.29516
0.27590
0.21900
0.22521
0.23985
0.27276
0.30710
0.21651
0.22264
0.23595
0.26604
0.33006
0.32682
0.33082
0.35301
0.28511
0.29837
0.22492
0.23294
0.25300
0.27461
0.08407
0.02560
0.02545
0.02487
0.02498
0.02543
0.02526
0.02582
0.02584
0.02533
0.02580
0.02588
0.02553
0.07939
0.13698
0.13633
0.10448
0.02544
0.02460
0.02383
0.02329
0.02379
0.02413
0.02349
0.02531
0.02588
0.02564
0.02555
0.02513
0.02522
0.02459
0.02394
0.02518
0.02565
0.02574
0.02424
0.12252
0.13295
0.13299
0.09537
0.02497
0.02418
0.02403
0.02553
0.02533
0.02509
0.02486
0.02487
0.02532
0.02600
0.02600
0.02555
0.02392
0.02459
0.02394
