0.29931
0.63810
0.89653
0.60578
0.46876
0.49608
0.42516
0.33220
0.30288
0.33468
0.29987
0.33522
0.45755
0.49325
0.45894
0.49419
0.45997
0.49488
0.46058
0.49584
0.46167
0.49578
0.45505
0.49082
0.45766
0.49396
0.46049
0.49694
0.41579
0.32811
0.29421
0.32949
0.29422
0.33534
0.45418
0.48956
0.45638
0.49147
0.46257
0.50101
0.81452
0.89864
0.64989
0.66992
0.62954
0.64682
0.90566
1.35435
1.91498
3.48308
2.46178
1.79138
2.59655
3.15409
2.47849
0.33048
0.43741
0.47381
0.44828
0.32672
0.30188
0.32440
0.36927
0.47250
0.45701
0.39549
0.30750
0.32233
0.30790
0.46421
0.46246
0.45698
0.31234
0.31966
0.31617
0.39079
0.46917
0.46434
0.36189
0.31049
0.32463
0.31886
0.49662
0.47917
0.44484
0.32541
0.35013
0.32277
0.44838
0.47163
0.50508
0.32562
0.35477
0.32049
0.38430
0.46801
0.49980
0.38577
0.35102
0.31718
0.35141
0.43451
0.50245
0.44533
0.35112
0.30698
0.33365
0.35404
0.48225
0.67804
0.77460
0.73168
0.87618
0.88602
1.02207
0.98862
0.89229
0.84060
0.85740
0.87222
1.11093
1.14013
1.11561
0.96231
2.36734
2.76632
2.28102
2.01299
1.12502
0.75680
0.53694
0.41168
0.29962
0.45720
0.43960
0.41457
0.28948
0.31712
0.29920
0.34861
0.45471
0.45203
0.36165
0.29755
0.31423
0.29100
0.40012
0.44038
0.46983
0.30296
0.32135
0.28809
0.31993
0.40783
0.47094
0.42128
0.32138
0.28834
0.32313
0.29822
0.47292
0.44103
0.43783
0.29060
0.32411
0.29047
0.34889
0.44601
0.46631
0.42282
0.30876
0.30764
0.30571
0.33904
0.45319
0.47037
0.44685
0.33688
0.31954
0.34452
0.31066
0.48021
0.46396
0.49804
0.44401
0.32373
0.29059
0.32353
0.29058
0.47827
0.44703
0.48086
0.45019
0.48784
0.45757
0.49722
0.46668
0.36603
0.29089
0.32431
0.77725
0.90327
0.46989
0.47116
0.29392
0.32462
0.28982
0.36070
0.43950
0.46804
0.35107
0.31655
0.30203
0.31652
0.44389
0.46365
0.41060
0.30961
0.31051
0.30578
0.41074
0.44889
0.46869
0.30150
0.32050
0.29409
0.38099
0.44579
0.48061
0.37082
0.36841
0.33169
0.37067
0.48213
0.51346
0.44066
0.36763
0.33700
0.36941
0.43876
0.51478
0.47799
0.38214
0.33091
0.36644
0.38729
0.51795
0.48259
0.46632
0.35234
0.38809
0.35993
0.54816
0.51776
0.78963
0.86202
0.86985
0.85177
0.98784
1.06866
1.08543
0.99129
0.88226
0.86560
1.02568
0.89654
0.92637
0.93309
0.79648
0.80955
0.81654
1.03165
1.01789
1.04672
1.00886
0.77776
0.28570
0.31828
0.43292
0.47052
0.44117
0.32563
0.29195
0.32724
0.38429
0.47791
0.44390
0.40297
