9.36013
3.32705
3.75158
2.69615
2.77240
3.26355
4.16895
3.41023
4.55665
4.48537
5.13310
4.92695
5.38765
5.61777
5.51378
5.61618
4.75215
4.36890
4.46127
4.23480
6.45222
6.89732
7.72703
6.99828
7.32600
7.10145
8.14568
7.91308
7.00198
7.52747
8.58317
8.14165
7.61312
7.62873
8.06180
8.71300
7.74098
7.36868
8.09295
8.33442
8.26183
8.65695
9.02313
7.65757
7.11975
5.63228
6.41520
6.10487
6.27303
6.29330
6.76890
6.34560
5.28657
4.68638
4.40773
4.91937
4.45682
4.49340
4.68968
6.15773
5.13023
5.09445
4.67583
4.49180
3.57460
7.73375
7.78482
9.58040
9.32220
21.75333
23.50910
30.59215
25.86483
29.84658
28.54337
7.56787
6.43977
5.76450
10.55683
20.14713
22.16290
26.05235
28.11195
28.27262
27.77458
27.82808
10.91112
5.43237
5.00432
6.17342
7.55968
6.89442
5.64228
4.90010
4.49057
4.70368
4.75792
4.81513
5.00727
5.34362
5.73298
3.86642
2.55637
2.71317
4.08050
3.67223
3.72623
3.67915
4.61910
3.42137
3.45787
3.22365
4.15450
3.72675
3.49985
3.21802
4.10125
3.33852
2.35532
2.02538
2.64758
6.81197
4.70895
3.18303
3.65398
4.96880
3.94408
3.58348
2.74672
3.52300
3.07293
3.10138
3.09492
4.11403
3.35495
3.07330
2.61645
3.48538
3.08297
3.94520
4.75507
5.76528
4.76960
4.23720
3.63773
4.75423
3.89613
3.83732
4.17063
4.58447
3.42807
5.38390
4.20630
5.21440
5.16563
6.68597
18.70193
5.74662
4.25085
3.48260
3.05868
4.79727
5.64412
15.07772
20.78948
19.44390
28.14160
26.03078
25.76522
12.87527
4.58730
4.41577
5.85395
4.02483
3.99762
3.06035
3.20792
3.97035
4.54915
3.91655
3.93423
5.25372
6.53220
5.39192
5.67043
4.18277
4.97828
2.64165
2.36862
3.15142
15.69332
9.87418
3.45160
3.63987
3.71273
3.17773
3.35647
3.86698
4.56150
3.75898
4.29197
4.64473
5.51008
4.39532
4.24597
5.19558
5.74415
4.86392
4.15283
4.47155
4.95037
3.24858
3.82885
3.70103
3.97475
2.42833
2.23287
2.59683
3.39180
3.39868
3.42295
3.90047
4.00118
3.18327
3.03398
3.24317
4.40957
3.46972
3.39613
3.44143
3.02725
2.63917
2.96142
4.34637
3.78357
3.10073
8.18208
3.61990
3.64282
3.25967
3.93472
3.59720
4.38832
2.86625
2.46485
3.10675
2.55758
2.91905
2.92845
3.99770
3.29425
2.72373
2.70680
3.46050
3.74405
3.07282
3.43467
3.69367
3.43492
4.10930
4.06880
3.86207
5.12750
4.41215
3.73833
2.72452
3.47928
2.63585
3.32760
3.56500
4.61808
2.81405
2.20788
2.39425
3.48637
3.84438
3.86328
3.92867
4.04500
2.70385
2.70708
2.82780
3.91330
3.25057
4.17218
4.16973
4.73748
5.01520
