0.50723
0.50263
0.50212
0.59110
0.60769
0.61228
0.61103
0.61495
0.53321
0.50235
0.38110
0.39339
0.48113
0.48398
0.48813
0.57797
0.73550
0.71780
0.71130
0.83779
1.71985
0.98438
0.83385
0.86033
0.83613
0.82825
0.73233
0.75958
0.74218
0.81654
0.96153
0.92239
0.93090
0.94511
0.91467
0.82916
0.74672
0.70303
0.79930
0.85680
0.81948
0.78640
0.83810
0.74589
0.72199
0.73677
0.63001
0.60390
0.61958
0.61315
0.67524
0.70292
0.70109
0.69314
0.72879
0.64880
0.48078
0.50643
0.64691
0.70342
0.71113
0.70813
0.71933
1.04468
0.70435
0.69535
0.74141
0.80490
0.79667
0.78558
0.75900
0.72512
0.60712
0.63693
0.86648
0.90517
0.98646
0.99073
0.99624
1.00102
0.95650
0.90296
0.91227
0.94992
1.01106
1.03177
0.96344
0.88620
1.16023
1.28129
1.14733
0.91937
0.93966
1.02185
1.02822
1.03949
1.03870
0.86903
0.71786
0.71407
0.71335
0.78933
0.81615
0.82592
0.90335
0.91502
0.87505
0.90846
0.90750
0.94388
0.91377
0.93664
1.69992
1.37961
0.60739
0.46300
0.53660
0.41216
0.41414
0.51839
0.55986
0.63537
0.63941
0.64313
0.64560
0.55557
0.56796
0.50827
0.40864
0.47770
0.51177
0.51752
0.52996
0.49601
0.48605
0.53599
0.53548
0.55568
0.63127
0.64206
0.64962
0.65272
0.50656
0.42076
0.42043
0.42237
0.49719
0.57798
0.61621
0.71585
0.72680
0.63847
0.63925
0.64270
0.70171
0.75045
0.75563
0.69243
0.63285
0.57258
0.52342
0.51673
0.58404
0.61967
0.71787
0.75502
0.76122
0.77005
0.73002
0.67788
0.63152
0.69834
0.74903
0.54682
0.54711
0.55051
0.55592
0.56031
0.56370
0.63682
0.69269
0.70017
0.69909
0.70411
0.80869
0.69901
0.70299
0.70674
0.56595
0.56900
0.53458
0.54320
0.88412
0.88546
0.90797
0.69911
0.67951
0.67655
0.68060
0.69054
0.70041
0.70949
0.70281
0.61243
0.53742
0.62287
0.62078
0.62524
0.66547
0.66430
0.68608
0.68525
0.73008
0.78315
0.78915
0.90230
0.78899
0.79464
0.77126
0.64664
0.52720
0.52505
0.61581
0.63573
0.64010
0.65827
0.86036
0.84084
0.77770
0.84760
0.83665
0.85064
0.94954
0.97269
0.97807
0.95672
0.88141
0.86789
0.84836
0.71500
0.77530
0.82912
0.87098
0.93983
0.94376
0.98183
1.00341
0.93380
0.87467
0.87619
0.88709
0.85701
0.85399
0.84120
0.69215
0.62275
0.66019
0.71328
0.72835
0.79008
0.91793
0.97832
0.98279
0.99470
0.92099
0.94478
1.79365
1.13119
0.97966
0.98684
0.98394
0.98471
0.98914
0.98396
0.95834
0.78574
0.79467
0.80248
0.88198
0.84768
2.08742
3.05183
2.72590
1.96792
2.43723
2.54067
2.43107
2.04420
