2.31580
2.48483
2.43270
2.26153
2.49882
1.92970
1.85330
2.84240
2.13522
2.08655
3.59310
5.99008
4.31963
3.50543
1.50812
4.72957
2.02707
4.22605
2.77407
4.77000
2.81627
5.06137
3.09887
5.25712
6.17577
2.53567
2.93308
1.87100
2.19265
2.71255
2.41483
2.22565
2.35447
2.32175
2.88765
2.35288
1.52720
1.90030
2.25962
1.40350
1.78898
1.72287
1.83343
2.04033
1.60650
1.63272
3.52868
3.38700
8.26028
10.09633
11.63008
13.87135
22.42260
28.78923
14.18838
2.96558
2.08790
2.06727
2.61217
2.66075
2.31868
2.59910
2.06380
2.62818
3.10480
2.06655
2.31350
2.86978
2.60312
2.34808
2.58403
2.00515
2.84990
1.96222
1.68478
2.18308
1.96212
2.21387
2.19533
1.59592
1.82122
2.94043
3.39910
4.81340
5.98508
4.56815
2.91520
2.12783
2.85678
3.13662
3.15028
2.88762
2.85783
2.28133
2.87082
3.15042
1.73148
2.35645
2.44720
2.26965
2.38683
1.64775
1.43417
2.11802
2.16578
1.81703
1.94422
2.02428
2.47097
2.14593
1.85645
2.38070
3.38912
2.77403
1.98242
2.62865
2.54420
2.61312
2.97465
2.36875
2.52905
2.92395
3.12913
2.81675
2.81143
2.44668
3.19167
7.55238
4.14955
1.51682
1.57090
2.01968
1.53315
1.19845
1.70897
2.27678
1.88382
2.38423
1.82122
1.47408
2.12542
1.51022
1.18460
1.65823
2.01230
1.42250
1.68548
1.47285
1.43927
2.24078
1.44635
1.18838
1.74937
1.94295
1.44432
1.79338
1.58248
1.71008
2.50367
1.57357
1.29535
1.85555
1.84403
1.50280
1.80538
1.26555
1.72727
2.23772
1.19638
1.41233
1.96760
1.74998
1.51502
1.74540
1.20223
2.05237
1.92978
1.20072
1.58685
2.00425
1.59922
1.62022
1.60413
1.42363
2.20613
1.58302
1.19838
1.78475
2.07438
1.32780
1.70273
1.52033
1.71910
1.97170
1.51255
1.18967
2.16015
1.83937
1.19153
1.73947
1.86160
1.59527
1.74385
1.47603
1.50440
2.20547
1.46385
1.18218
2.06452
1.94300
1.18708
1.79703
1.75812
1.68772
1.82340
1.45413
2.01498
2.46092
1.62230
1.61253
2.71257
2.26193
1.69597
2.26480
2.28262
2.02542
2.27355
1.86735
2.48072
2.47168
1.82487
1.93903
2.79848
1.85187
1.76883
2.63690
2.19122
1.79715
2.32673
2.40177
2.01210
2.27060
2.07697
2.34995
2.27102
2.01447
3.30357
3.74130
3.00843
3.58523
4.34207
2.62943
2.86563
3.73807
2.67642
2.71295
3.65300
2.72750
2.53450
3.41405
3.05092
1.83262
2.65048
2.62468
1.73305
1.96808
1.56277
2.05497
2.12980
1.53727
1.56667
2.51117
2.15468
1.87270
2.37032
3.36440
9.25150
12.62978
13.08145
6.28798
2.05128
3.04748
2.78873
3.61758
3.33675
3.04167
4.51730
3.65903
