9.48247
9.86841
9.62122
10.55439
9.17077
9.68524
8.75801
9.21673
8.93078
9.46072
9.33581
9.53535
10.08033
10.07493
10.00733
9.59169
10.18811
9.57980
10.08018
9.66275
9.75035
8.38878
6.07137
6.24679
6.10965
6.40104
5.92283
6.87544
6.61107
6.86960
6.25026
7.77376
5.28673
4.87044
4.62509
4.13901
4.71457
5.32103
6.74077
5.91632
5.44936
5.34028
4.97841
4.88288
4.62958
4.07530
4.38342
4.66753
5.03715
4.99327
5.15055
5.18493
5.35129
6.26417
6.08941
5.94670
5.89634
5.91994
5.52204
6.40227
5.83216
6.61076
6.14345
6.76733
6.55966
6.64707
6.37578
6.03544
6.10344
6.11002
8.18428
6.44585
7.05069
6.90621
7.83072
7.07660
6.76069
7.34318
6.30576
8.21603
8.09325
9.49227
9.47184
8.64360
8.75175
9.09610
9.11689
8.97581
9.47900
9.17706
9.01748
8.53613
9.40833
8.80566
9.34411
8.35692
7.24779
6.12750
6.41802
6.16224
6.47883
6.52132
6.70225
7.19426
7.11765
8.34575
8.00370
8.09762
7.27598
7.71582
6.95907
7.50793
8.92163
7.38462
7.00675
7.75645
7.79091
8.90268
9.86929
11.59979
10.04516
8.20675
8.65265
8.10792
8.77136
8.17692
8.98528
8.70296
9.23010
8.71295
8.89786
8.94978
9.80226
8.55374
7.58415
7.21456
7.32914
7.59089
7.93422
7.74060
6.40627
6.00788
5.70183
4.54896
4.83077
3.93982
4.98574
2.84600
3.67797
3.33512
3.72720
3.43841
3.22966
3.27250
3.37390
3.43340
3.29691
3.61629
3.13452
3.64653
4.68213
3.81506
3.42128
4.18698
4.04870
4.57360
4.30293
4.36147
3.66493
3.44959
3.65925
3.36551
3.80462
3.28837
3.88518
3.16681
3.66759
3.20550
3.55283
3.36153
3.58062
3.55934
3.48951
3.60821
3.28501
3.65193
3.16492
3.80856
3.22048
3.76433
3.23775
3.65502
3.41990
3.74189
3.65146
3.55212
3.55895
3.34127
3.67084
3.83754
4.77196
3.26715
3.89151
3.31317
3.90217
3.66864
3.84391
3.76827
3.66551
3.81949
3.52439
3.83010
3.35333
3.89269
3.26345
3.77513
3.36966
3.66328
3.37872
3.49215
3.35661
3.33887
3.46459
3.21214
3.60022
3.10736
3.82152
3.21733
3.90684
3.52869
3.93281
4.05061
3.95884
3.99601
4.26333
4.45952
4.46383
3.97606
4.63693
3.55472
3.72033
3.57836
3.63408
5.10438
3.35166
3.69060
3.32178
3.80308
3.23501
3.97392
3.34101
3.84495
3.47943
4.00652
3.73698
3.82093
3.61587
3.51889
3.66316
3.46925
3.76835
3.36176
3.87952
3.27361
3.87885
3.35616
3.91515
3.40974
3.73804
3.39584
3.58148
3.57840
3.58281
3.56695
3.47969
3.80623
3.50041
4.05028
3.45694
4.16111
3.42042
4.33851
5.04873
4.50540
4.45345
4.62631
4.46811
4.50481
