7.24600
6.74242
7.35752
6.73627
6.73730
7.18533
7.26225
6.22330
6.46827
5.38197
5.38047
5.71487
6.45788
9.41733
9.84822
9.00638
9.23147
12.21968
10.37028
10.26180
12.07372
17.15895
14.77322
12.59618
12.05340
18.00292
14.60747
13.99562
14.22290
18.11078
18.70007
17.13958
17.22763
21.04858
16.28833
15.28145
15.59550
13.80587
11.69240
13.98510
13.17132
11.53742
14.56395
12.65548
14.18298
15.08913
15.13190
13.79427
11.62327
11.60405
11.80092
10.67215
10.10667
10.31058
10.98875
10.38638
9.75317
9.99830
11.58448
13.31565
40.81947
40.43867
11.30185
11.21022
11.41997
11.12850
11.34703
11.22975
11.47917
11.69485
11.24918
11.31887
10.91465
10.96622
10.51970
10.16637
10.57715
9.66490
9.70960
9.68887
10.28803
11.20423
10.44775
9.98312
9.85798
9.68443
10.69848
10.33302
10.30803
10.05573
9.78865
10.45813
9.97468
10.31603
11.71413
11.91673
11.18432
11.19073
11.75635
11.39760
11.08660
12.13058
9.87405
9.92847
10.40982
8.68162
6.62622
4.26367
4.29563
4.92987
4.19488
4.13038
4.49207
4.71673
5.30423
4.49672
4.62042
3.26852
3.06257
3.53852
3.14143
4.51718
4.32630
3.87200
3.79310
3.78945
3.78188
4.41085
4.27377
4.30213
3.44125
2.95177
2.99443
3.51237
3.21998
3.71183
4.01477
6.37997
6.57077
7.64158
7.57918
7.89363
8.43895
7.38445
6.93737
6.94683
24.34420
35.37155
10.31313
6.84240
7.19363
6.04310
6.18098
5.56193
7.01763
7.16800
7.27127
7.86858
8.18518
13.23178
13.92122
14.28480
14.56220
16.50215
15.70010
14.19380
12.12575
11.21577
13.35575
10.72812
10.23513
9.18885
9.35268
9.75147
9.75652
10.07747
9.61253
9.98512
9.61965
8.60657
11.21593
11.25625
11.15115
11.32283
11.64245
12.40523
13.97832
11.23385
12.91600
10.91867
11.73180
11.24702
5.94845
9.53023
8.48695
6.66423
11.40375
6.80198
7.72368
9.39473
6.27370
10.17763
36.27263
34.41277
10.30122
9.74987
9.63935
10.15203
9.66530
8.27623
4.49758
4.18655
4.72918
4.40542
3.35498
3.16955
3.62770
3.97208
2.90457
2.39875
2.39870
2.39032
2.96598
2.91488
3.36272
2.97470
3.16263
3.16823
3.69693
3.18620
3.43815
3.58200
2.80077
2.40610
2.95437
2.40520
2.40117
2.69542
2.91752
2.98337
3.72778
3.17428
3.18150
3.19137
3.52433
4.35818
3.65792
2.90050
3.19637
2.95157
3.31950
3.61613
3.45328
3.13810
3.30120
3.72805
4.59778
3.73473
28.00513
33.66020
5.48057
3.92798
3.89903
2.91257
2.90342
3.35107
3.43597
3.51635
2.94060
2.94958
3.09388
3.75042
4.28843
4.72227
3.85320
3.76410
3.75470
3.74978
3.74060
4.07365
3.46700
2.99235
2.94462
2.95005
3.37275
2.98873
3.69552
4.29270
