0.52547
0.52658
0.59631
0.53843
0.61118
1.09859
5.24238
10.01503
8.99226
0.61750
0.64736
0.51732
0.77339
0.83573
0.91091
4.18097
10.29900
10.33116
9.18456
2.49383
2.60564
2.48348
0.99317
0.93131
2.94757
9.15686
12.79587
13.64743
14.62175
14.61735
14.73146
14.72079
5.12201
2.79835
2.83676
4.16482
2.80598
3.60956
4.72972
4.77953
13.24554
14.52290
14.53966
13.79204
12.67589
12.69333
12.62087
12.65213
14.29906
12.93506
12.44599
2.97548
2.39552
2.40563
1.68421
1.99086
2.86645
2.88886
12.20199
14.58444
14.63655
14.63944
14.74863
10.31112
4.74616
3.71948
2.80969
2.82635
2.01618
0.57528
5.27631
11.97451
12.08076
12.02201
12.17651
12.45680
1.89783
0.71436
2.76577
2.91056
2.89528
4.35504
5.97294
4.88206
7.10904
14.46040
13.64199
12.49068
11.39414
9.22684
0.55812
0.53926
1.82901
2.48719
3.63764
2.89663
2.42191
8.23024
10.30678
11.21055
12.67532
13.24018
5.20280
4.67251
5.28967
5.48712
5.40996
4.79440
2.22673
1.20153
0.98094
0.93946
9.97083
10.46391
10.38738
11.95160
3.77520
3.09621
3.07040
1.47540
1.00950
1.41637
0.83679
12.01478
12.51250
12.55411
11.34036
5.54948
5.16560
5.52259
4.16608
3.64620
3.22607
3.50406
8.57184
12.21305
12.20226
12.09220
12.21244
12.62777
4.35934
2.39832
2.19081
2.04877
1.93049
0.42250
0.21834
0.22005
0.22344
0.29414
0.23907
0.31739
5.83584
4.90245
0.18732
0.19073
0.16398
0.12629
0.22071
0.21519
0.21650
0.26415
0.24243
0.21778
0.21982
0.26253
0.25156
0.30718
0.25227
0.18434
0.26406
9.04926
0.15324
0.10027
0.21739
0.21447
0.21562
0.22526
0.27987
0.21558
0.21706
0.22282
0.28537
0.30304
7.12829
1.92194
0.18531
0.18712
0.19067
0.11391
0.17533
0.23191
0.21531
0.21765
6.72433
4.94833
0.21691
0.22202
0.28024
0.28258
0.31274
0.21992
0.18531
0.18738
0.19106
0.11171
1.37153
8.29341
0.21697
0.21736
0.24169
0.26598
0.21784
0.21896
0.23945
0.34710
0.31213
0.26421
0.18646
1.07987
8.10359
0.09763
0.09609
0.23805
0.22498
0.21578
0.21842
1.20279
8.11918
0.21899
0.25024
0.37904
0.31692
0.31783
0.22186
0.19393
0.10664
2.01732
7.28270
0.13018
0.26474
0.21826
0.21831
0.25753
0.25202
0.22060
0.30741
0.34755
0.35216
7.55641
4.82519
0.13329
0.09717
0.09799
0.10229
0.16029
0.13180
0.21923
0.22163
0.28581
0.22821
4.55448
5.75061
0.38540
0.31382
0.31613
0.32072
0.39166
0.22778
3.79346
6.37014
0.09824
0.09878
0.09856
0.10072
0.18899
2.04626
8.90161
0.30227
0.38228
0.31159
0.31627
0.32176
4.58064
6.62698
0.22435
0.22780
0.29526
