31.17870
36.55285
40.30610
47.95022
44.81090
45.42603
46.20483
50.54209
45.82979
44.30153
32.65602
50.05042
34.07400
33.11024
30.94984
34.65866
32.45042
44.97894
43.75898
48.80617
55.37298
52.83845
45.20988
43.58339
51.46451
34.54388
30.30869
29.79589
33.24846
34.00434
46.08338
32.55876
47.28900
52.19845
47.84331
45.88624
48.67660
46.35100
44.26167
49.89418
53.82920
34.23082
30.41491
30.81456
37.65893
34.77108
47.52260
60.60102
62.07279
70.78185
66.53941
64.68189
67.25974
71.76751
46.99365
54.41348
54.73962
49.91347
50.79116
56.10633
49.33808
49.57732
52.60628
43.97934
43.02508
38.78926
31.83392
31.78785
41.91682
47.28826
33.58086
31.96179
45.85593
43.51438
44.60006
47.81059
48.28711
48.20295
55.16115
46.39864
33.90130
33.74708
32.59281
32.82500
33.55484
37.95516
39.28517
50.87341
58.12635
46.74269
46.83171
45.19952
45.31290
46.54707
45.10922
42.52769
39.43369
41.51875
38.47504
32.65999
32.36962
32.02829
39.84329
43.93582
43.32059
42.64371
45.70193
56.41681
41.48480
44.54076
46.75796
49.41875
42.60037
36.04227
36.54451
30.30770
34.48206
44.94655
56.67075
61.74500
59.25257
58.78753
61.48755
68.24833
64.66852
51.87549
60.06795
68.87021
65.60202
47.91362
30.08835
30.97562
29.43777
27.22486
43.08122
50.81873
61.88649
47.73800
46.82640
49.60028
47.68697
45.15095
40.42526
34.50584
32.86685
37.02429
35.13833
31.93614
35.03980
41.76487
42.89025
47.52474
53.06310
47.28658
45.94836
56.66195
44.40993
37.76224
28.58987
28.05557
28.94782
37.20233
34.43690
43.53886
48.60097
58.22507
43.06182
44.01824
52.49220
45.33456
43.05589
35.18013
36.87634
34.48986
48.16327
44.11154
34.23962
46.00666
52.57676
48.65636
46.37378
47.04849
52.15158
49.75045
57.78608
43.33470
39.03752
37.26717
41.32524
39.31906
48.45074
61.38071
67.95168
65.13624
68.16001
59.77023
60.45785
55.42920
52.26130
77.64356
77.20340
60.15526
46.23081
58.28250
39.15853
34.02197
32.32376
37.33179
40.86882
34.69382
48.94940
51.63924
58.99601
63.95002
50.73556
49.86554
43.61921
43.90468
37.28827
34.37931
37.47338
40.69701
45.38810
52.19736
46.73706
50.17895
50.46566
45.02336
42.93529
45.59864
32.82758
31.25378
46.59537
38.42449
31.22344
33.04423
47.25474
51.99121
46.33201
45.75760
52.56813
50.41480
50.35105
34.01660
40.29027
33.71394
30.93714
34.29421
39.34839
42.66249
50.09466
62.35635
53.19918
44.83077
44.66632
51.39874
42.51269
30.66738
30.49640
35.70666
35.70192
47.92677
58.06680
64.76720
60.70353
58.21031
64.51331
75.15295
56.07494
55.57643
69.72358
79.66828
68.50053
51.40787
39.62604
36.61207
31.49327
33.47608
40.43888
33.08021
53.63637
52.09658
50.56166
42.69048
43.46771
48.53439
46.59128
30.50787
