3.29796
3.10962
3.05190
3.14005
3.06600
3.04090
3.07044
3.14246
3.15914
3.54419
3.54965
3.38521
3.16005
3.16445
2.83810
2.67746
2.79797
2.91213
2.72743
1.95535
0.66145
0.57807
0.58322
0.51562
0.51522
0.55157
0.60760
0.53667
0.51006
0.51259
0.53441
0.60867
0.54503
0.55123
0.54908
0.59279
0.59721
0.58510
0.64018
0.76398
0.83523
0.62957
0.63781
0.69334
0.65160
0.74212
0.65014
0.64301
0.65705
0.74456
0.72630
0.70053
0.68814
0.65086
0.64633
0.61310
0.67044
0.66748
0.78197
0.83309
0.62649
0.79037
0.67269
0.76295
0.84299
0.95723
0.96584
0.92347
1.01735
1.09273
0.95942
0.96596
0.95768
1.02203
1.13013
0.98798
1.05243
1.26853
1.24598
0.76636
0.93538
1.14741
1.15698
1.50370
1.61373
1.35131
1.13175
0.91741
0.72789
0.54802
0.61022
0.55190
0.62560
0.57582
0.55420
0.56134
0.57628
0.69279
0.57071
0.57061
0.56945
0.60489
0.62579
0.59616
0.61301
0.57568
0.63008
0.61309
0.57740
0.57619
0.61786
0.66737
0.58700
0.57186
0.57316
0.63160
0.72566
0.71137
0.65738
0.66276
0.70465
0.71816
0.67782
0.68178
0.73985
0.75983
0.65461
0.56990
0.67937
0.78572
0.78798
0.60460
0.56728
0.70221
1.03337
1.05057
1.07533
0.73370
0.59774
0.64807
0.72307
0.57897
0.56711
0.56673
0.69962
0.63232
0.95612
0.95612
1.01276
0.83453
0.80291
0.74060
0.59751
0.57444
0.70303
0.67388
0.77024
1.07635
1.13204
1.17109
0.82122
0.67972
0.68945
0.75897
1.09293
0.95341
1.02181
0.68313
0.63824
0.57184
0.57854
1.11749
1.17610
1.11250
0.65045
0.57689
0.58033
0.81646
1.00610
1.02878
0.85611
0.56940
0.61642
2.06020
2.96135
2.96872
3.27144
3.21621
3.06146
3.03415
3.12905
3.87202
4.01568
3.86614
3.15636
3.07849
3.15241
3.42635
3.50814
3.59259
3.45098
3.16345
3.05168
3.06708
3.40213
3.38926
3.54566
3.27737
3.20806
3.07746
3.06855
3.25604
3.42710
3.43565
3.51614
3.12814
3.13862
3.05689
3.05625
3.38061
3.46022
3.54361
3.20791
3.05405
3.02484
3.10307
3.12237
3.40070
3.51433
3.55553
3.41501
3.13319
3.10434
3.12880
3.21053
3.24754
3.31896
3.39089
3.36545
3.52259
3.17499
3.09563
3.01135
3.14258
3.25564
3.13301
3.21425
3.41378
3.43219
3.53510
3.11495
3.00696
3.03294
3.03234
3.07057
3.28414
3.39978
3.45435
3.57060
3.26936
3.11219
3.13010
3.14098
3.15265
3.22923
3.14385
3.45842
3.53672
3.54185
3.20300
3.06119
3.03399
3.02928
3.16797
3.26214
3.22832
3.07281
3.05011
3.08346
3.02157
3.02368
3.04239
3.11192
3.13649
3.41886
3.41254
3.21756
3.04771
