4.68627
4.69793
4.72725
4.73187
4.31335
4.06340
4.02722
4.04375
4.05498
4.05118
4.02262
4.02467
4.02190
4.28515
4.63582
4.59488
4.63360
4.64777
4.67150
4.63677
4.00992
4.03040
4.00702
3.98692
3.99465
3.99205
3.96928
3.99630
3.99055
4.50560
4.61545
4.62405
7.54638
7.59923
6.69642
5.86052
5.24268
7.88068
5.28992
5.28360
5.28182
3.86842
4.72082
5.86295
5.91930
6.46625
6.49803
10.08110
3.59148
3.64445
3.63267
3.35135
3.01083
2.90208
2.92430
2.89810
2.91558
2.92120
2.90447
2.92805
3.07567
3.55353
3.54267
3.59303
3.57215
3.61593
3.61803
3.45905
6.09485
5.87227
5.97303
6.05960
2.94447
2.96643
3.02613
3.58735
3.60522
3.60265
3.63693
3.62372
3.66462
2.95262
2.95725
2.98903
2.94445
2.99173
2.97100
2.93452
2.95863
2.94095
3.41258
3.57665
3.55355
3.63738
3.64188
3.63365
3.30470
2.96377
2.92267
2.96347
2.99295
2.99172
2.96785
2.92077
2.93617
3.20270
3.54133
3.55088
4.47480
7.83762
7.53167
7.21450
6.87342
5.93632
5.87668
5.89927
5.90482
5.93648
7.23473
5.95045
11.17888
8.51088
6.56732
3.64568
3.63780
3.64910
3.67855
2.97563
2.96378
2.95340
2.97832
2.97992
2.97602
2.97640
2.99758
3.21895
3.62082
3.62815
3.63580
3.63958
3.62858
3.65492
3.67495
3.68625
3.71885
3.78502
3.02430
2.97312
2.98813
3.00570
4.14680
5.44392
4.46268
3.64918
3.43037
3.40627
3.44053
3.02755
2.99015
2.95592
2.98053
3.41447
3.48020
3.45958
3.79510
3.59880
3.59618
3.97195
4.13422
3.99162
3.47898
3.45292
3.47237
3.48248
3.48213
3.50740
3.54197
3.50762
3.22382
3.53930
3.67788
4.04582
4.16202
4.00275
3.61985
3.04900
3.05485
3.44357
3.56952
3.06220
3.04988
3.04970
3.06325
3.04678
3.48027
3.69187
3.68538
3.70323
3.73145
3.76852
3.07677
3.06623
3.07567
3.05795
3.07767
3.06873
3.04995
3.08698
3.06368
3.41018
3.71055
3.69518
3.71788
3.75618
3.74198
3.30678
3.04985
3.04775
3.09040
3.06818
3.08398
3.07258
3.07168
3.09823
3.29817
3.71622
3.70625
3.74535
3.74888
3.74360
3.47167
3.10228
3.13162
3.10278
3.36407
3.91317
3.92283
6.85743
8.88555
8.18878
7.58335
5.90953
5.91153
5.96125
5.95603
5.81825
5.25698
5.28778
5.26698
5.28698
5.24995
5.26708
5.22543
5.24148
5.22055
5.80235
5.83892
5.87608
5.88308
5.90688
5.92195
5.30003
5.22830
5.20260
5.22300
5.20567
5.23135
5.19658
5.20960
5.18285
5.63362
5.78078
5.81582
5.78182
5.82857
5.81395
5.89198
11.30995
11.30887
11.24897
11.23785
11.27875
11.33235
10.09365
8.21453
8.35027
8.70330
8.75212
