0.81888
0.70489
1.69203
4.13416
1.30290
2.73943
3.93141
1.32607
3.50984
3.82207
3.49371
1.42319
3.99986
3.90647
2.27289
1.83194
4.04514
1.77576
1.94444
1.94861
2.00944
2.01730
2.02597
2.04744
2.05397
2.03531
2.01323
2.12556
2.13194
2.26135
1.88315
1.88058
1.82668
4.18347
2.04573
1.80162
1.79403
1.80404
3.36752
2.78008
1.78458
1.64045
1.59761
1.58813
3.69563
2.03726
1.41260
1.37592
1.40342
1.43584
1.76252
3.67998
1.37684
1.37019
1.24489
1.24346
1.24265
2.59106
2.57196
1.11765
1.03427
1.03189
1.03403
1.03314
2.19158
2.55977
1.12552
1.10759
1.11134
1.11509
2.80437
2.26688
1.28860
1.57871
1.73252
3.96444
2.12953
1.42317
1.76850
1.89483
4.10846
1.50221
1.58620
3.26570
6.03703
6.31717
4.56487
5.50534
5.52068
9.16090
3.17539
1.59968
1.60793
1.55800
3.55177
2.21721
1.62715
1.68049
1.69325
1.57049
1.55169
3.27492
2.44104
1.59040
1.59358
1.56005
1.48523
1.48357
1.48175
1.86641
2.05553
2.06100
2.07038
2.07300
2.08497
2.10740
2.28303
2.10967
2.13837
1.97196
1.86787
1.67797
1.60808
1.60914
1.60807
1.60382
1.60489
1.68296
1.70966
1.71202
1.67168
1.13074
1.15296
1.11559
1.11357
1.11329
1.11584
1.11954
1.12073
1.11080
1.09268
1.14503
1.00758
1.26975
1.52038
1.59515
1.37142
1.33516
1.28702
1.20104
1.20181
1.20270
1.20589
1.25645
1.43069
2.11416
2.08095
2.26257
2.29678
2.26373
2.30694
2.63959
2.36987
2.38635
2.42528
2.37218
2.23968
1.90269
1.90364
1.90975
1.90914
1.92326
1.94270
1.84643
1.83021
1.93704
2.01616
1.92656
2.02067
1.96856
1.98895
1.99781
2.01612
1.79439
1.58672
1.43155
1.43364
1.48030
1.50091
1.47022
1.36480
1.37399
1.38417
1.44074
1.64433
1.82519
1.83865
1.87960
1.78509
1.79796
1.83427
1.83486
1.60660
1.42130
1.12562
0.98680
0.83806
0.80272
0.81491
0.66618
0.74410
0.76920
0.77427
0.77898
0.77987
0.77979
0.78539
0.69231
0.67355
0.67295
0.67120
0.67149
0.67130
0.67004
0.70674
0.77540
0.77751
0.78318
0.78080
0.78115
0.78322
0.75270
0.67172
0.72407
0.79830
0.80369
0.80959
0.77087
0.67392
0.76795
0.77745
0.78330
0.78431
0.78464
0.78542
0.78933
0.69836
0.67495
0.67444
0.67222
0.67219
0.67490
0.67261
0.73026
0.77353
0.77752
0.78128
0.78215
0.78287
0.78417
0.75785
0.80638
0.81138
0.81506
0.82763
0.68248
0.67829
0.73394
0.77956
0.78145
0.78835
0.79186
0.79151
0.79160
0.79466
0.69450
0.67957
0.67925
0.68093
0.68235
0.68389
0.76804
0.78595
0.78828
0.79540
0.79645
0.84429
0.92307
