0.99610
0.99598
1.08700
1.30798
1.16180
0.99548
0.99742
0.99357
0.99422
1.15692
1.25193
1.25540
1.25868
1.26048
1.26518
1.26350
1.26042
1.25545
1.26613
1.22067
1.16097
0.98373
0.99277
1.16095
1.47627
1.50140
4.34245
5.47108
5.45750
5.45935
3.91628
5.58437
4.42578
5.60908
6.27147
6.26905
6.19605
6.20415
5.10282
4.98515
5.16053
2.18875
2.08887
1.76313
1.74643
1.98852
2.46927
2.15522
1.69555
1.73813
1.61893
1.05152
1.06160
1.25025
1.23607
1.24515
1.24663
1.24005
1.20350
1.17125
1.16665
1.03340
0.95452
1.22303
1.27390
0.95497
0.95450
1.27482
0.95105
0.97057
1.20073
1.24313
1.25153
1.25182
1.26478
1.31880
1.35517
1.36292
1.61598
1.71637
1.71630
1.70915
1.69777
1.80785
2.04613
1.96247
1.73938
1.14140
1.02478
1.05295
1.18847
1.31133
1.31675
1.31805
1.23708
1.23273
1.23602
1.24580
1.01967
1.12182
1.36848
1.20797
1.13785
1.15402
1.58368
1.27697
1.21205
1.50038
1.45970
1.16063
1.17698
1.05805
1.07492
1.06778
1.09863
1.34067
1.42780
1.38273
1.29230
1.31903
1.31968
1.31910
1.32132
1.26452
1.44968
1.41042
1.12043
1.10768
1.11202
1.11240
1.11510
1.19288
1.44745
1.33560
1.11905
1.12097
1.12363
1.11735
1.11380
1.12083
1.41375
1.45455
1.37755
1.65828
1.66217
1.67233
1.84762
1.69080
1.90052
2.42688
1.97455
2.16142
2.15390
2.03323
1.70043
1.41520
1.63980
1.56017
1.21173
1.60843
1.79065
1.44038
1.29008
1.13127
1.09990
1.10808
1.05487
1.05523
1.48647
1.57250
1.30293
1.22887
1.18228
1.18072
1.18288
1.15077
0.97068
0.98128
1.28553
1.30975
0.95520
1.46693
1.27408
1.10607
1.12192
1.09607
1.26928
1.39842
1.20280
1.02828
1.02850
1.02720
1.02140
1.02382
1.04693
1.27777
1.23415
1.22282
1.18240
1.13490
1.13255
1.14427
1.08472
0.94900
0.96282
1.26298
1.29837
0.98557
0.95765
0.95558
0.95438
0.94573
0.94928
1.14297
1.27000
1.05482
0.94503
0.94638
0.94853
0.95035
0.95085
1.16033
1.21323
1.22938
1.25192
1.19020
1.14318
1.14562
1.15293
0.96632
0.95743
1.08245
1.27397
1.14067
0.95927
0.96122
0.95905
0.95892
0.95730
1.04925
1.27632
1.20660
0.95553
0.95568
0.95608
0.95737
0.95677
0.96825
1.26262
1.25622
1.24062
1.14593
1.14525
1.14607
1.14645
1.13948
1.13802
1.28800
0.99942
0.95317
0.95317
0.95318
0.95152
0.95825
1.26232
1.25142
0.94892
0.95167
0.94892
0.95290
0.95122
1.07587
1.27143
1.09957
0.95362
0.94933
0.95223
0.95935
0.99930
1.27363
1.26573
1.02678
1.14335
1.15222
1.15470
1.16357
1.19792
1.27765
