2.44045
4.31961
2.81110
1.30861
1.36867
1.36728
1.45076
1.58360
1.71715
1.82964
1.76927
1.62038
1.47149
1.25483
1.26286
1.27731
1.43954
1.48760
1.50678
1.62191
1.60712
1.57664
1.61835
1.49485
1.51329
1.46078
1.46123
1.54440
1.60785
1.61831
1.42620
1.41331
1.32291
1.32163
1.47636
1.56261
1.63443
1.76046
1.87769
1.73996
1.55515
1.47817
1.48139
1.83417
1.89885
1.91542
1.65678
1.53655
1.61130
1.52329
1.37122
1.39272
1.34378
1.25772
1.26985
1.36348
1.36538
1.46486
1.41899
1.56918
1.53543
1.47207
1.51642
1.52917
1.38051
1.30544
1.26316
1.27335
1.33897
1.38747
1.47042
1.49895
1.54906
1.56727
1.51951
1.47372
1.47225
1.60357
1.49632
1.46087
1.46613
1.75643
2.14256
1.68383
1.70018
1.40913
1.31310
1.42822
1.42258
1.78808
1.56944
1.56690
1.65742
2.02346
1.87976
1.73360
1.32487
1.28251
1.22052
1.22303
1.25566
1.38801
1.38106
1.34838
1.43178
1.32898
1.30170
1.21394
1.21428
1.30369
1.72365
1.69804
1.49171
1.43884
1.44273
1.47394
1.49498
1.29980
1.31972
1.73692
2.04598
1.55066
1.87320
1.49693
1.30219
1.37162
1.35311
1.30601
1.22862
1.19047
1.21186
1.60797
1.46887
1.25407
1.36770
1.41467
1.40431
1.32860
1.26523
1.42006
2.08602
1.84807
1.65080
1.66569
1.41746
1.30301
1.20065
2.11380
2.54963
1.14510
1.14562
1.26046
1.31412
1.31927
1.28954
1.19643
1.12058
1.12456
1.01698
1.01837
1.02096
1.13495
1.33617
1.28044
1.30013
1.19031
1.03394
1.03845
0.97631
0.92465
0.98493
1.03696
1.08676
1.15607
1.34352
1.36464
1.25508
1.25104
1.26270
1.22350
1.19693
1.16270
1.05805
1.12467
1.18311
1.18318
1.08969
0.99781
1.13575
1.15506
1.19133
1.48055
1.41121
1.37242
1.21646
1.25501
1.24239
1.22947
1.04405
1.02173
1.01594
1.04331
1.05838
1.15480
1.12102
1.14916
1.24752
1.19905
1.19169
1.04395
1.02463
1.02476
1.02708
1.23645
1.26095
1.32244
1.39177
1.23826
1.01305
0.91352
0.89023
0.89098
0.89130
0.98133
1.11364
1.20969
1.34697
1.28269
1.22664
1.22227
1.03185
1.03625
1.08782
1.09374
1.15591
1.07100
1.04678
1.13312
1.11762
1.16927
1.11547
1.15230
1.19156
1.13978
1.12926
1.13523
1.13898
1.17443
1.14516
1.20511
1.18555
1.15261
1.10109
1.05426
1.16255
1.16232
1.04586
1.04651
1.14823
1.30071
1.29347
1.22615
1.18748
1.18841
1.36955
1.44026
1.51517
1.56921
1.42624
1.27038
1.20994
1.14097
1.07944
1.10047
1.15898
1.28436
1.43886
1.46774
1.33551
1.35142
1.37524
1.28089
1.26737
1.23719
1.23795
1.29251
1.26049
1.21280
