5.60753
5.38502
5.66054
6.08461
5.85219
5.83312
5.83900
5.69387
5.38649
5.37285
5.39376
5.64973
5.39181
5.36582
5.37956
5.75674
5.47784
5.44589
5.48881
5.75343
5.95634
5.95796
6.23145
6.16730
6.10581
5.58267
7.46033
6.15433
5.39721
5.38549
5.68300
5.41811
5.40292
5.25516
5.49023
5.25276
5.27330
5.43532
8.35954
5.74281
5.73964
6.01558
5.74995
5.63088
5.60691
8.27361
5.28813
5.36927
5.44454
5.70024
7.94018
5.89005
5.76964
5.72097
5.58475
7.91166
7.19073
5.99906
5.70586
5.77944
7.03755
3.64541
3.67194
4.47488
5.85941
3.66807
3.59296
3.79620
7.02383
3.69507
4.68235
5.49837
4.29433
4.12629
7.05364
4.17574
6.89209
4.31211
4.54044
6.36926
3.66764
9.41153
4.89911
10.67312
6.17830
9.04313
9.89747
5.28786
4.91386
7.92620
5.26434
5.46584
5.84615
5.83084
7.94902
5.46284
5.02177
4.89678
8.04183
5.05364
5.05795
4.91182
7.24768
5.62255
4.62863
4.59817
5.23482
8.21949
4.88747
4.95455
5.48449
5.93972
6.02531
6.07930
6.36773
9.03802
5.03312
4.86403
5.68857
5.61891
6.05335
6.24315
6.21530
5.88824
5.87699
5.87941
5.71998
5.33969
5.35060
5.44227
5.61639
5.32054
5.31597
5.45913
5.55918
5.28338
5.44196
5.78365
6.09365
6.11648
6.45553
6.52294
6.04879
6.15976
5.81639
5.93699
6.05943
6.09017
6.18892
6.28265
5.91594
5.66298
5.68521
6.11215
6.25720
6.26677
6.32400
6.69646
5.93502
5.90051
6.02987
6.24627
6.06823
6.42934
7.13507
7.74598
7.38974
7.27146
7.15324
7.39937
7.71482
7.59383
7.91189
7.83217
7.21816
7.19398
7.56380
7.29236
7.66846
8.19714
7.81991
7.72541
8.89069
8.45968
8.37941
7.38472
8.58320
8.02219
7.64633
8.47162
7.08442
7.63947
8.41758
6.96184
7.19569
9.32288
7.15727
8.14721
9.39649
7.14319
9.08502
7.74699
8.97210
9.88631
10.00247
10.07858
9.76806
9.32634
10.53356
11.68994
11.08627
9.41112
8.74701
9.07512
8.65907
8.11620
7.74568
6.61942
7.14843
7.13577
7.01473
7.22297
6.33538
6.99230
6.81909
6.63153
6.90069
7.03739
7.03307
6.86655
6.54124
7.10703
6.79047
6.52401
7.29785
6.80714
6.89510
7.06855
6.76754
6.79663
6.56926
6.50759
6.55227
6.33593
6.27260
6.84435
6.30594
6.53640
6.65568
6.34907
6.13807
6.96768
7.08273
6.68792
6.81378
6.98528
6.60279
6.44175
6.64703
6.55516
6.40642
6.43100
6.63181
6.58335
6.37331
6.53236
6.69177
6.62131
6.51907
6.53257
6.81828
6.56036
6.34063
6.39803
6.50923
6.32712
6.32432
6.47882
6.44618
6.32645
6.32481
6.52144
6.40245
6.32569
6.63817
6.99039
6.88624
6.77053
