18.83123
19.07160
19.04842
18.27898
18.10935
18.25095
18.74107
19.38078
18.91570
19.08667
18.46923
18.29752
18.09663
18.21913
18.69825
18.13672
18.23905
18.76193
19.17642
18.46155
18.71750
19.35135
20.03860
19.90155
18.72005
18.60220
18.76612
19.20277
19.01400
19.02745
18.83252
18.99140
19.05875
18.54990
18.54692
18.94815
18.73918
18.55753
18.38395
18.37565
18.72133
19.50345
19.59083
18.72952
18.64323
18.62875
18.49538
18.66070
18.88695
19.10660
19.33787
18.94330
18.46750
18.79008
18.72518
18.23340
18.06937
18.03042
19.56152
20.08992
20.04130
20.01665
20.55110
20.92250
20.66340
19.93468
19.92592
20.09700
20.72320
21.10945
20.46722
19.68950
19.84553
20.32187
20.18188
19.81572
19.77328
19.63790
19.50557
18.31685
18.92672
19.46380
18.99218
19.16057
18.72853
18.56792
18.39660
18.67425
19.36810
19.65487
19.56078
18.91945
18.77738
18.75603
18.59398
18.60317
18.95210
19.27600
19.34085
18.69458
18.97892
19.22063
19.17620
19.69505
19.77325
19.03037
18.71665
18.81533
18.97542
18.96392
19.17998
18.68023
18.39328
18.77810
18.78240
18.28398
18.08368
17.87113
19.08947
23.99193
45.50222
46.84155
48.97477
47.52177
46.30883
47.25867
50.99868
53.42690
50.04327
49.70385
50.26030
49.40905
46.70535
47.58638
47.98847
45.18393
44.69785
44.05282
44.66382
28.63032
18.96652
18.68382
18.86602
18.64662
19.45328
19.18357
18.40285
18.66095
19.27625
19.89653
19.75737
17.94038
18.80622
18.80162
18.46115
18.52645
18.55638
18.71242
19.07243
18.18948
18.19115
18.52598
19.69347
19.16665
18.67973
18.76233
19.51332
18.82188
18.45960
19.29115
19.58765
19.31990
18.42580
18.66510
18.55085
18.41878
18.22663
18.20665
18.19418
18.59098
18.86288
18.31762
18.75883
19.17300
19.73203
18.60272
17.87567
18.19382
18.40880
19.54800
19.13667
18.86202
18.46248
19.23193
19.22850
18.69990
18.74988
18.67372
19.38362
18.68392
18.34823
18.31447
19.16587
19.94455
19.62890
18.73515
18.65603
18.84492
19.42028
19.06483
19.11087
19.06967
19.27170
19.41613
19.05693
18.59767
18.74060
18.89647
19.27362
18.61507
18.51528
18.85967
19.53682
19.29325
18.98550
18.87873
18.73135
19.41550
19.05893
19.02102
19.45637
19.78962
18.73955
18.71028
18.84568
19.55842
18.99747
18.72918
19.04692
19.55502
18.69287
18.71043
19.25442
20.07002
20.11167
19.55708
19.14050
18.81708
18.81317
19.20970
19.35688
19.33408
19.69147
18.53248
18.53753
18.86383
19.19395
19.41753
18.52063
18.73160
19.03073
19.30208
18.92127
19.31838
19.57652
20.23297
19.29195
18.67962
19.03045
19.21947
19.62682
19.16900
19.37860
19.48837
18.82257
18.51698
18.92487
19.21778
19.23480
18.92513
18.87648
18.74557
18.74307
19.00765
19.17633
19.55832
19.39767
18.56427
