343.26785
273.84820
298.92735
371.34798
391.31247
233.43133
274.04293
415.98143
391.16205
281.57940
302.97908
387.04138
356.40192
233.97502
350.75237
382.89503
390.28382
249.29515
304.45713
391.18225
363.39645
359.99133
338.52100
282.52410
328.15728
435.44393
359.94040
281.19980
376.61158
420.66063
404.17222
256.66412
322.81882
396.13707
407.85428
316.13735
354.70208
330.60763
359.44348
348.56113
396.37483
466.62473
429.12007
309.79450
397.59875
458.65697
472.77867
392.87720
269.45990
416.47610
435.90773
412.35672
395.70657
394.62980
360.44610
393.86862
381.66322
419.74775
312.20982
379.78248
472.65700
439.55953
280.28287
413.44725
432.13535
377.23295
392.31620
489.34627
464.65810
460.63072
364.08618
383.08403
483.90792
481.72937
450.08302
339.44378
409.33532
447.89168
504.54023
475.76638
496.06200
318.12887
408.71430
496.01320
464.58502
425.05207
419.99173
308.20828
500.52560
528.76598
507.28293
370.85355
434.59657
472.61388
510.41895
454.13120
418.80377
302.45850
487.10248
508.57823
505.79963
420.37725
335.73258
494.79513
463.47037
439.85313
496.62925
438.79152
415.22917
357.44255
376.07877
491.79793
460.62005
461.02865
508.69238
365.13453
287.85688
462.35835
469.21185
467.24403
396.63132
382.96898
455.49563
522.64552
464.38877
440.85823
295.50305
425.11452
449.34433
424.55145
350.39513
412.50243
358.73280
347.80018
429.80630
437.98173
441.10543
375.92135
323.30962
352.23282
401.91147
417.37210
468.45377
440.45535
364.88113
333.68152
416.65052
433.75032
450.91007
383.39357
370.17938
401.30982
449.50458
467.42378
413.41545
306.02730
415.32738
481.11913
428.85790
316.77155
384.52257
488.60727
384.47998
406.06933
391.32702
437.30258
436.40845
444.60645
470.70717
464.27970
428.01413
306.84795
390.03933
442.49592
471.14463
336.17568
437.04068
463.38113
468.76685
357.96052
367.52458
467.84515
506.97230
350.32093
349.71857
430.31495
438.39315
398.47627
273.03367
371.29298
428.84240
344.58487
350.08348
361.71857
333.91570
358.55852
402.38950
426.38017
372.54855
316.61915
342.40400
439.02717
342.54155
311.65622
345.15290
411.20850
301.71955
322.35185
344.03717
370.34222
299.09213
292.97643
348.43000
383.59182
355.92047
365.83183
390.43123
394.40725
389.05408
348.77772
323.35540
326.94017
230.44142
250.51630
359.39650
315.88562
231.30027
265.65795
364.92510
337.69527
234.04852
230.72818
365.69688
320.83030
218.79778
277.67180
354.31005
274.11282
235.31523
256.68312
357.51145
343.44048
225.12283
262.33643
371.35980
250.88313
238.52748
248.90452
297.91230
322.71820
308.09247
316.92862
297.99550
292.70370
295.61018
348.06463
309.02997
298.71043
336.70950
351.69933
266.01108
217.60852
299.67363
364.23908
247.67563
241.07793
366.11123
311.23918
235.40192
352.68925
353.33872
280.63017
238.87758
296.83598
324.44048
312.83947
295.79763
322.48418
312.10252
294.30170
328.45345
323.22458
324.25995
345.39253
307.97575
325.22577
305.76730
287.11780
