0.49421
0.52463
0.55784
0.53489
1.49189
1.86559
1.87853
1.88143
1.87768
1.65361
1.04793
0.92333
0.65812
0.60883
0.50322
0.36487
0.37695
0.35441
0.73619
3.00282
3.21404
3.20996
1.79234
0.52415
0.60560
0.67423
0.67144
1.29701
1.87688
1.77438
1.67406
1.64691
0.79994
0.39749
0.46838
0.34026
0.25843
0.26060
0.26297
0.26790
0.29032
0.38555
0.42417
0.41250
0.43238
0.58389
0.49950
0.53492
0.56567
0.55485
0.60753
0.46932
0.40079
0.35534
0.28409
0.28384
0.28355
0.33938
0.36577
0.37796
0.28369
0.28942
0.39250
0.49626
0.45125
0.40651
0.44413
0.44665
0.37938
0.30885
1.66487
1.72426
2.32659
1.90415
2.30418
1.43472
0.41118
0.39388
0.33389
0.29033
0.36644
0.36822
0.37016
0.37212
0.37995
0.23526
0.23531
0.23482
0.23510
0.23515
0.23517
0.23493
0.23454
0.23502
0.23525
0.23500
0.31378
0.36529
0.36785
0.37013
0.37208
0.30702
0.23493
0.23157
0.23134
0.23149
0.23120
0.23128
0.23122
0.23077
0.22879
0.22866
0.23708
0.35878
0.35996
0.36122
0.36355
0.34848
0.22848
0.22869
0.22864
0.22858
0.22875
0.22880
0.22873
0.22887
0.22866
0.22868
0.22849
0.31310
0.35945
0.36159
0.36194
1.02681
1.67342
1.67523
1.61526
0.22826
0.22833
0.22849
0.22853
0.22883
0.22938
0.22962
0.22960
0.27999
0.35885
0.36119
0.36371
0.36665
0.25899
0.23046
0.23023
0.23003
0.23010
0.23068
0.22783
0.22783
0.22771
0.22744
0.22810
0.25737
0.35871
0.36116
0.36362
0.36560
0.28652
0.23096
0.23079
0.23032
0.23108
0.23117
0.23045
0.23101
0.23085
0.23106
0.23146
0.24370
0.40547
0.49663
0.72968
1.02091
1.33572
1.10799
0.76193
0.74637
0.99989
0.95541
0.66841
1.08909
0.64869
0.64820
0.90709
2.10404
2.14336
2.32287
2.10499
2.82111
1.78325
0.39601
0.40092
0.26145
0.26169
0.26211
0.26224
0.24848
0.24840
0.24838
0.24852
0.24840
0.24864
0.24815
0.32271
0.37809
0.38060
0.38315
0.38629
0.27821
1.64802
1.70975
1.71020
1.28857
0.24807
0.24802
0.24840
0.24837
0.24830
0.24821
0.31177
0.37799
0.38042
0.38281
0.38489
0.32985
0.24843
0.24828
0.24787
0.24785
0.24789
0.24807
0.24789
1.39957
1.70939
1.71190
1.77218
0.84969
0.38267
0.38439
0.38663
0.38904
0.30929
0.25100
0.25099
0.25067
0.25095
0.25103
0.25068
0.25024
0.25051
0.25029
0.26486
0.37911
0.38041
0.38140
0.38265
0.38379
0.38625
0.38913
0.39256
0.39761
0.40948
0.25349
1.35790
1.71756
1.71704
2.02252
1.28229
0.58290
0.41284
0.30436
0.27369
0.27902
0.28580
0.29434
0.38080
0.29034
0.29053
0.35281
