26.22455
16.25062
15.98192
19.29470
21.45718
16.32673
15.79998
17.82293
22.12655
27.48357
19.22237
24.02318
22.80247
18.68062
19.29030
18.75358
28.56100
31.19967
20.42970
19.05130
19.10185
19.27572
22.35160
35.45717
23.71085
18.21570
16.66708
21.09447
25.67525
20.46415
27.50037
26.61492
25.55422
20.53775
19.38915
21.11003
26.10572
31.60513
28.30277
21.53952
27.52218
26.24898
21.48300
30.25498
31.63495
24.38558
19.07335
31.22727
35.31107
25.25103
21.15118
29.56732
36.77127
30.37812
19.98992
20.22455
32.48988
36.35635
25.66782
21.03037
33.89855
36.62475
23.10892
18.36113
29.69278
36.85593
29.21852
21.08030
29.03193
37.69997
29.54512
22.01457
26.04027
38.43978
32.32042
20.79475
24.79610
33.38392
36.01733
22.45458
21.73092
25.47312
23.60818
32.96695
29.99462
25.98685
18.73830
15.69962
22.40868
35.13190
20.90525
17.43557
15.72427
15.58228
27.43953
33.27482
18.01378
17.05378
20.69608
23.12115
20.50347
26.83148
18.18482
23.05380
19.83135
16.08762
18.10875
33.57253
25.06238
17.25022
18.17020
22.34177
20.65690
17.66747
28.55945
20.30523
16.20738
17.99778
23.03002
17.46290
17.64045
19.97547
33.05450
20.60500
16.13847
16.28817
17.99247
18.13080
19.78638
20.55307
21.33973
23.67915
20.96345
24.67223
16.02030
15.70780
16.01693
17.92707
23.76070
24.14588
21.64472
16.40898
16.26390
16.20992
22.23980
21.46887
16.43325
16.32905
15.97810
16.06023
19.84188
26.88588
17.08123
19.72103
19.44152
16.34623
17.85060
17.94628
18.74382
20.45118
16.29552
16.47748
17.54818
16.49517
18.57713
17.11893
16.32278
19.50788
24.10967
23.80352
16.50203
16.08868
15.96880
16.04717
17.58503
18.53098
17.48382
15.97300
16.06700
16.32737
17.61203
22.43685
19.63163
21.35915
25.41220
21.15653
17.24477
18.27937
18.42077
16.91472
16.60407
16.10128
16.83208
18.37847
17.13320
16.08878
16.42340
17.79072
19.22752
18.64738
17.82402
23.29688
20.51448
21.04522
16.78032
17.88115
17.95970
16.74325
16.80007
16.41565
16.67663
17.69822
16.78480
16.59602
17.76120
17.73218
16.74920
18.53207
26.37122
16.99957
16.41973
16.92758
17.00795
18.15380
21.58278
19.03513
16.49443
16.88612
18.51543
20.45403
19.45598
20.37980
17.49455
16.30620
17.39298
27.33253
18.83773
16.26838
16.04077
17.94182
21.44557
17.75553
17.87940
16.83098
16.82372
16.79938
16.09335
23.19748
23.20727
17.87572
16.46265
16.06883
16.23230
18.10008
18.81285
17.70028
16.34143
16.54195
19.32808
30.21315
18.81797
16.73467
18.83780
18.98865
18.98207
19.70397
18.65068
17.17775
16.58252
25.30590
18.08068
20.26967
21.94292
18.12710
16.52222
15.98630
15.99075
19.25300
27.36490
19.18218
18.90422
19.27618
20.00222
20.00665
24.82365
18.94630
19.90303
22.60353
