8.79467
8.37010
9.15938
6.29787
5.74357
5.81387
5.38545
7.60075
8.01292
6.20303
4.92847
5.12090
4.92567
4.96170
4.94785
4.43630
4.65058
4.09827
4.33608
4.59940
5.04357
5.39487
6.21340
5.54673
5.54873
6.09693
6.18285
6.57800
6.56943
6.55697
5.58545
5.54277
5.40597
5.60855
5.45225
5.16010
5.56357
5.40517
6.06927
6.45665
7.20395
6.49480
6.63580
6.01277
6.06293
6.00658
6.36418
6.81830
11.57968
6.40428
9.12413
7.80863
6.63432
5.65550
8.84403
12.15300
5.24637
4.89700
4.63848
6.54657
11.22913
10.65437
7.27662
9.64012
4.31938
5.28212
4.90483
4.04312
4.17005
4.45743
5.29173
5.07187
5.19447
4.76322
4.15602
4.81012
4.84130
5.02682
5.20320
5.15873
4.54673
4.49153
4.75550
4.18403
4.38858
4.53477
4.72578
4.11000
3.99690
4.14875
4.15027
4.79532
5.08010
5.54905
5.18587
4.95123
4.40568
4.22085
4.38212
4.63253
4.75742
5.11123
5.02198
5.07830
4.65590
7.83875
7.06518
4.77317
5.21212
5.25490
4.81312
4.15227
4.33518
4.51330
4.64952
4.84665
4.79815
4.35938
29.55337
36.84377
37.53278
36.91983
36.85312
36.37985
35.99167
36.03873
36.11578
37.00072
36.92940
36.77317
36.47745
36.46030
37.00367
36.72773
36.53255
36.67858
36.35490
36.25445
36.11835
36.67128
37.03455
36.80412
36.75238
36.31087
33.32090
29.67530
5.46648
5.46388
4.89577
4.68547
4.62240
4.41535
5.18270
5.43213
4.70557
4.47293
4.88613
4.71587
4.61827
4.85688
5.80733
6.15970
5.55013
6.47633
9.23207
6.30592
4.71960
4.49687
4.49243
4.34608
4.56027
4.53390
4.72257
5.06383
5.11518
4.93040
4.31265
4.78808
4.88017
4.88445
4.67463
4.57062
4.13527
4.82908
7.75935
5.04237
5.08207
4.31562
4.03700
4.59897
4.41545
4.04565
4.49127
4.71378
4.55572
4.54453
4.47285
5.08078
4.53587
4.77493
4.91570
5.30882
5.08570
5.35473
5.26018
5.51328
5.80115
5.93060
5.28400
5.86228
4.38897
4.88727
4.57075
4.59515
4.45488
3.93325
4.24255
4.27372
4.58683
4.75652
4.96993
4.29198
4.60382
4.70468
5.01867
4.59408
5.05762
4.45712
4.82780
4.19997
4.54910
4.51455
4.88753
5.88562
4.99878
4.55887
4.33330
4.92488
4.75140
4.77815
5.70012
5.50982
4.66417
4.38372
3.93787
4.79377
3.71045
4.78320
4.01330
4.99627
3.81942
4.55977
5.27222
4.97283
5.56568
5.36197
4.67008
4.37943
4.30648
3.99780
4.55625
5.43153
4.61172
4.72697
4.71000
4.85848
5.51017
4.63538
4.78767
4.35943
4.73630
9.31948
4.77077
4.32010
5.20852
4.54487
4.87782
4.92130
4.68760
4.83158
5.87513
4.89555
5.19935
5.46022
5.46535
5.26643
5.01607
4.99340
