2.02983
1.76497
0.99002
0.80505
1.27350
1.52185
1.05950
0.80372
0.80192
1.46485
1.52728
0.86762
0.80487
0.98680
1.52215
1.42165
0.89000
0.89208
1.37063
1.73712
1.55078
1.18830
1.85185
2.55090
2.50607
1.92013
2.23863
2.28715
2.83413
2.72852
2.10320
2.06497
2.59705
3.73597
2.51435
2.05480
2.04370
2.32963
2.77142
2.43422
2.09937
3.00432
2.99905
2.82328
2.42780
1.90942
1.53237
1.92680
2.21802
1.59797
0.86665
0.77307
1.25017
1.44263
0.88387
0.73170
0.73222
1.33978
1.45553
0.79740
0.72255
0.72250
1.34112
1.35663
0.63902
0.63898
0.69572
1.35233
1.66415
1.04593
1.04782
1.19290
1.77115
1.60758
1.05432
1.06203
1.33467
1.77895
1.52380
1.09577
1.08620
1.65520
1.83305
1.53757
1.11690
1.28248
2.09413
2.45300
2.18190
1.75185
1.25195
1.44407
1.94698
1.78178
1.31872
1.17893
1.34073
1.86835
1.61160
1.12928
1.14893
1.80977
1.86537
1.25785
1.16732
1.36822
1.69745
1.82372
1.14173
1.09192
1.10142
1.61022
1.83043
1.27208
1.11880
1.12793
1.76418
1.86072
1.17370
1.18705
1.20148
1.77030
1.89928
1.24012
0.81173
0.86822
1.37740
1.20878
0.58813
0.58557
0.60680
1.11553
1.31095
0.64755
0.59200
0.59190
0.87998
1.29903
0.89017
0.59197
0.59067
0.64548
1.28658
1.10763
0.58555
0.58530
0.58473
1.12095
1.64058
1.02768
1.00238
1.00438
1.31958
1.70905
1.26503
1.01715
1.02155
1.13448
1.73177
1.49433
1.04033
1.04718
1.06677
1.70363
1.76930
0.94122
0.56082
0.55715
0.98143
1.26138
0.69382
0.55072
0.54877
0.80428
1.24527
0.86142
0.54222
0.54197
0.64752
1.23772
1.00302
0.53447
0.53135
0.52892
1.20218
1.13327
0.55378
0.52302
2.67713
2.43195
1.28832
3.80775
4.15948
1.33955
1.57818
1.68402
0.97732
0.96533
0.95612
1.65113
1.52602
0.97078
1.02550
1.03810
1.72125
1.90390
1.20285
1.15563
0.65785
1.09457
1.37097
0.80738
0.65848
0.65958
0.97980
1.36825
0.93345
0.65722
0.65803
0.86360
1.37090
1.05460
0.65960
0.65920
0.77078
1.37518
1.16133
0.66672
0.66695
0.69752
1.37407
1.24463
0.66332
0.66375
0.66452
1.63890
1.72900
1.08412
1.09028
1.09490
1.75143
1.78913
1.09962
1.10480
1.13190
1.89002
2.57792
1.14618
1.17197
1.19408
1.77497
1.50212
0.73093
0.66497
0.66070
1.15152
1.38338
0.80097
0.65808
0.65788
1.09405
1.38537
0.86857
0.66708
0.67055
1.07487
1.38793
0.90465
0.66580
0.73010
1.30823
1.43948
0.75248
0.66692
0.66580
1.16155
1.38842
0.87997
1.08725
1.08512
1.53988
1.80197
1.27240
1.09145
1.09957
1.52387
1.81930
1.32622
