0.71456
0.89134
0.80215
0.49486
0.34301
1.11825
0.39281
0.14539
0.14608
0.11868
0.48917
0.73249
0.81900
0.65825
0.32667
0.16075
0.15747
0.15742
0.15805
0.14679
0.40902
0.40402
0.21538
0.15706
0.20655
0.14220
0.25228
0.25917
0.43525
0.24714
0.20420
0.18469
0.55456
0.32445
0.28349
0.46929
0.56552
0.86603
0.71228
0.95595
0.54999
0.69618
0.29904
0.30622
0.15145
0.15550
0.17973
0.29109
0.59550
0.49418
0.54032
0.78476
0.67998
0.46229
0.28132
0.12668
0.11976
0.10912
0.32543
0.45858
0.43714
0.28508
0.07884
0.07063
0.31332
0.47625
0.28062
0.37449
1.06801
0.76103
1.01730
0.52121
0.80035
0.45600
0.15438
0.15901
0.06389
0.09113
0.72198
0.85647
0.55333
0.95023
1.71439
0.73687
0.83849
0.81388
0.11376
0.09986
0.08064
0.60208
0.45850
0.17195
0.27118
0.37361
0.39443
0.14179
1.31306
1.98594
1.58486
0.50199
0.15412
0.08777
0.08002
0.22796
0.28193
0.25241
0.27666
0.56030
0.25762
0.51905
0.49202
0.65428
0.55657
0.65492
0.62957
0.51920
0.43615
0.16246
0.16505
0.15736
0.13769
0.15234
0.28565
0.68751
0.88805
0.75627
1.16246
0.81945
0.25424
0.05396
0.17042
0.20716
1.08957
0.43311
0.44627
0.56885
0.69059
0.62184
0.43971
0.29797
0.16760
0.13038
0.28678
0.10293
0.13089
0.03384
0.03047
0.40958
0.63393
0.71871
0.66730
0.50572
0.31242
0.02743
0.00540
0.04956
0.08360
0.16074
0.40468
0.46041
1.90899
1.60460
0.38925
0.30131
0.19198
0.18237
0.16703
0.08551
0.16726
0.10026
0.09638
0.14643
0.20211
0.48613
0.65449
0.43047
0.20744
0.09289
0.22554
0.38460
0.47908
0.44829
0.16644
0.16647
0.16705
0.16647
0.44712
0.50727
0.54074
0.65961
0.58284
0.50330
0.23195
0.16871
0.16915
0.16889
0.16855
0.17010
0.16894
0.64692
0.81645
0.83342
0.65833
0.28037
0.21463
0.11646
0.11912
0.11537
0.10935
0.37730
0.47660
0.48737
0.47726
0.51186
0.51578
0.52092
0.52494
0.53517
0.55235
0.71751
0.62353
0.43504
0.93930
1.01763
0.57103
0.52151
0.44226
0.16934
0.16930
0.30426
0.47413
0.48298
0.42727
0.20046
0.25346
0.14145
0.38625
0.51422
0.52140
0.54433
0.47295
0.48309
0.46448
0.16932
0.16883
0.16906
0.20398
0.26245
0.12547
0.48589
0.81304
0.82831
0.74266
0.16897
0.16920
0.18360
0.24471
0.24451
0.24574
0.51470
0.41618
0.54242
0.77149
0.67631
0.56045
0.65037
0.66023
0.39589
0.30402
0.42027
0.60764
0.77940
0.46196
0.43556
0.46843
0.53761
0.57662
0.72455
0.72892
0.90100
0.84619
0.68728
0.60320
0.42883
0.57692
0.33533
0.33670
0.33182
