3.67923
3.44623
3.64095
12.70262
8.76953
2.87043
2.97318
3.57738
3.57500
7.55297
14.39335
3.50760
3.41297
2.90307
2.38988
7.98295
21.34087
12.31890
12.72613
18.18335
10.39682
9.79622
13.16788
3.31655
3.57918
3.73487
4.51207
11.96833
13.34088
4.14283
4.73410
4.67593
3.70535
8.88717
14.54380
4.22125
4.50077
4.19692
4.14988
13.40538
11.33518
3.36770
3.59220
3.52298
8.59750
16.65053
7.85928
6.39183
3.88647
11.50467
14.80202
4.34273
3.94920
5.66665
16.33680
10.32290
4.14965
16.74122
27.59323
15.29358
5.26472
4.80885
12.80137
16.67383
9.58018
25.10895
18.23165
20.12093
13.82363
8.00283
17.11973
39.32757
20.31115
7.21162
12.73450
20.57207
16.56160
6.18238
25.22248
21.87997
15.81917
3.72673
4.64085
16.79230
16.15698
5.13178
3.83517
15.17168
16.41902
6.55815
2.84163
12.67915
17.99677
11.61585
6.64562
14.34647
18.80735
13.34497
6.18047
12.76130
18.67107
10.89392
2.91043
7.65515
15.11567
12.27697
3.61203
6.98728
16.22773
14.58012
3.38157
4.77807
15.64775
14.28905
2.86267
2.41032
14.16732
15.22947
3.84308
5.00647
13.29097
16.82815
5.42848
4.80343
7.57498
14.90692
6.16465
2.77863
4.12622
9.82248
15.25290
3.49985
3.43948
3.61798
3.71527
15.26072
6.72315
3.17803
4.47945
4.47720
4.19897
5.20037
8.40558
19.46572
7.43712
5.83988
5.78753
3.30697
5.04498
4.57015
4.55653
4.91423
4.61502
4.52935
4.53247
3.67642
3.80000
3.27552
3.48368
4.36295
4.13398
4.18403
4.73722
5.03957
4.49180
3.68157
3.43703
3.79310
3.56462
3.69082
4.16045
3.87165
4.46118
4.25663
4.48608
4.04578
3.50743
3.75403
3.90378
4.48427
4.21202
4.20757
5.22275
4.16838
3.88088
3.68187
3.22065
3.03375
3.18410
3.33552
4.05218
3.18278
3.44315
5.45198
7.12410
7.30362
7.03282
7.04753
7.06665
5.30500
4.88920
5.73985
5.45175
4.15365
4.17688
3.89342
3.37877
3.60125
4.00528
4.73228
5.42378
5.08183
4.92833
5.08425
4.52292
2.94848
2.60163
2.53155
3.26605
3.30893
3.31517
4.27387
3.58623
3.72538
3.78610
3.28912
2.97443
3.03480
3.07953
3.35773
3.00433
3.01433
3.82690
3.20770
3.04203
2.33702
2.21302
3.17993
3.26657
3.68413
3.64563
3.91997
4.14632
3.38758
3.61640
2.71438
2.44205
2.43185
2.64218
3.57680
3.21668
3.24785
4.52100
3.59948
3.62027
3.25362
3.08362
3.02258
2.47888
2.89203
3.25432
3.36015
2.87778
3.07353
3.02492
2.84350
2.22582
2.71852
3.12513
3.32837
3.57720
12.61308
8.60738
3.24605
3.25055
3.62185
2.64897
2.42753
12.07857
7.50415
4.02745
3.39445
3.58187
5.68578
14.68725
6.17575
3.38320
3.07703
