5.31475
4.62612
4.34998
5.21662
5.29953
5.00802
4.36010
4.85953
5.41200
5.32963
4.45003
4.47235
5.31233
5.37928
5.13337
5.30718
6.19422
6.65830
8.96315
5.76215
4.84712
5.03842
5.06972
4.10315
4.20622
5.07452
5.08243
4.53453
4.11857
4.78348
5.08372
4.93438
4.21797
4.38305
5.07622
5.08213
12.19392
15.11383
4.89643
5.06860
4.81205
4.11347
4.48087
5.04257
5.16003
9.47955
20.75183
5.01590
5.06767
4.74960
4.13220
4.67202
5.06503
5.25215
22.72637
8.94858
5.85982
5.28218
4.71677
3.72983
4.01460
20.59735
11.70048
3.07098
2.92082
3.85267
3.86723
3.58840
19.13102
12.50685
3.79170
3.82395
3.15258
2.90027
3.57285
21.77430
12.16283
4.06495
6.08148
6.72977
6.38685
3.58053
19.67075
13.12920
3.61588
2.92437
2.65503
3.50677
4.05782
14.55088
20.73542
4.81820
4.05877
4.31250
4.57512
4.18847
3.50858
18.86767
14.07252
3.62277
3.65285
2.79997
2.78808
5.08293
14.29995
19.53983
5.85687
6.03808
4.88873
5.53433
3.83148
3.50512
3.63685
7.21223
6.48177
4.30190
4.27367
4.21600
3.58948
3.63678
3.13307
2.67232
3.27215
3.64193
3.49488
2.64535
2.86300
3.56282
3.58803
2.97658
2.61902
3.39070
3.55843
3.33387
2.61278
2.99183
3.55642
3.55723
2.79343
2.61387
3.51765
3.88777
4.29778
3.60145
4.11607
4.72340
4.74730
3.77402
3.87575
4.73013
4.74817
4.23933
4.39502
7.61512
4.76833
7.54882
4.21395
8.05037
10.21587
12.49210
3.88732
3.29210
3.90498
4.27505
4.17483
3.94323
3.54083
4.49177
4.71203
4.74407
6.98678
4.03140
4.43120
5.00805
5.06088
4.17832
4.17983
5.13863
5.16022
4.61328
4.19980
4.73663
5.13732
4.97725
4.16000
4.32650
5.10547
5.11958
4.43617
4.16792
4.87852
5.13843
5.09020
4.84563
5.07350
5.73567
5.75380
4.92515
4.87717
5.72972
5.85567
5.52792
4.89288
5.18958
5.71380
5.66550
5.02270
5.45148
6.50297
11.06540
6.16272
4.22433
4.58893
3.91312
8.12560
16.02288
3.69707
4.46147
4.47915
3.61397
3.51193
4.33950
4.47025
4.06348
3.51903
3.92748
4.47967
4.49645
3.52760
3.98228
5.39258
4.86753
3.96688
3.53063
4.04447
4.48317
4.40807
3.52013
3.59252
4.46923
4.48342
3.92402
3.61248
4.19833
4.57330
4.44838
3.62667
3.78508
4.59215
4.58945
3.95262
3.64922
4.04265
4.37002
4.22278
3.40447
3.56800
4.37022
4.38238
3.76032
3.50738
4.01768
4.36563
4.28487
3.40952
3.51833
4.37077
4.37492
3.85297
3.41355
3.94617
4.35950
4.47702
3.40595
3.41518
4.36047
4.58960
4.41590
3.87580
4.29390
4.82853
4.82812
4.03302
3.86892
4.77863
4.64573
4.36532
3.58402
