2.59305
2.65430
2.56189
2.56406
2.65202
2.56380
2.56238
2.64649
2.59002
2.58850
2.58799
2.60163
2.54526
2.54245
2.62096
2.54382
2.54140
2.62426
2.55865
2.58841
2.67549
2.58767
2.58465
2.57303
2.54021
2.54088
2.53915
2.62339
2.53165
2.53087
3.46400
3.12966
2.55800
2.65441
2.47936
2.52426
2.56458
2.57772
2.53088
2.53039
2.62174
2.53902
2.55083
2.64571
2.55666
2.55321
2.56440
2.51762
2.52421
2.58074
2.53413
2.52458
2.52342
2.65844
2.61022
2.53743
2.59811
2.51109
2.41074
2.52079
2.29200
2.25528
2.26005
2.35331
2.27655
2.29757
2.38352
2.30115
2.30465
2.38172
2.19418
2.27208
2.26963
2.36523
2.27204
2.27238
2.37569
2.28576
2.28515
2.37462
2.28419
2.28232
2.62981
2.73311
2.65718
2.66026
2.74459
2.86682
3.72306
3.85187
3.10251
3.63638
3.71007
3.61338
3.56321
3.62852
3.71707
3.63357
3.63949
3.72608
3.66110
3.65759
3.73801
3.65999
3.66240
3.70999
3.54811
3.60754
3.61545
3.70578
3.61484
3.62640
3.82009
3.65826
3.65865
3.50512
3.40630
3.38523
3.45417
3.33100
3.06318
2.84285
2.75583
2.78080
2.78506
2.87773
2.78072
2.78269
2.85437
2.74756
2.76933
2.78503
2.73025
2.73999
2.83812
2.77257
2.77537
2.88190
2.83246
2.77052
2.73843
2.81638
2.73452
2.72704
2.76284
2.73377
2.74804
2.84978
2.77296
2.78189
2.84501
2.77375
2.74292
2.74848
2.84188
2.74988
2.72013
2.74821
2.41824
2.41819
2.40230
2.29797
2.29955
2.35788
2.61715
3.29139
2.26672
2.35818
2.27244
2.33413
2.36667
2.31049
2.30737
2.40423
2.29717
2.27754
2.37732
2.26777
2.26479
2.25446
2.34193
2.28270
2.24381
2.36333
2.28888
2.29443
2.34910
2.25980
2.26108
2.34415
2.26341
2.27043
2.36464
2.31358
2.30857
2.34067
2.72697
2.55759
2.53228
2.62273
2.54340
2.54574
2.63850
2.55615
2.55804
2.68597
2.60593
2.54750
2.61649
2.76247
2.62595
2.61226
2.69837
2.60285
2.60186
2.69722
2.62340
3.23176
3.42636
2.61902
2.62002
2.61915
2.70063
2.60976
2.60955
2.69385
2.60722
2.63075
2.75608
2.69403
2.65388
2.62641
2.72448
2.60986
2.60914
2.71085
2.61263
2.60788
2.61453
2.71979
2.64875
2.64880
2.72235
2.59135
2.62761
2.61580
2.70712
2.60619
2.61820
2.70665
2.60822
2.64435
2.64661
2.82736
2.57579
2.64618
2.70824
2.60374
2.60616
2.69116
2.60688
2.60661
2.62996
3.42506
3.23844
2.56408
2.73452
2.63655
2.60759
2.60059
2.69556
2.60538
2.60466
2.71279
2.63674
2.60432
2.59938
2.73049
2.72810
2.63896
2.73101
2.64677
2.63437
2.67738
2.65298
2.59554
2.55061
2.69224
