0.15147
0.23407
0.25604
0.31758
0.31953
0.32456
0.46919
0.20902
0.15260
0.15312
0.15393
0.17437
0.21657
0.22074
0.29397
0.25559
0.25564
0.27057
0.51601
0.25171
0.25352
0.22010
0.22431
0.22967
0.16207
0.15365
0.15464
0.24365
0.25513
0.29530
0.52584
0.39347
0.32679
0.18152
0.22912
0.15498
0.15365
0.15401
0.18933
0.26240
0.32254
0.32676
0.51050
0.25392
0.25799
0.25742
0.16124
0.17832
0.22365
0.29844
0.22809
0.30786
0.31346
0.31698
0.57211
0.43909
0.43260
0.39609
0.38895
0.32902
0.33301
0.32929
0.26100
0.26012
0.26558
0.36073
0.56928
0.46751
0.57322
0.54757
0.56215
0.31420
0.26398
0.26517
0.26649
0.26619
0.20956
0.31353
0.63211
0.34532
0.28787
0.25249
0.25290
0.25255
0.16587
0.22299
0.31625
0.28688
0.29215
0.26427
0.72509
0.63736
0.64297
0.63914
0.65817
0.70670
0.70707
0.62841
0.56455
0.54313
0.53236
0.53792
0.74150
0.56630
0.67865
0.70893
0.71020
0.63481
0.63751
0.63935
0.58000
0.54896
0.61760
0.61224
0.82572
0.62090
0.55411
0.62026
0.66310
0.76998
0.83096
0.83076
0.84756
0.81951
0.68880
0.68452
0.86030
0.67728
0.60687
0.33053
0.28391
1.21344
1.31091
1.39680
1.16150
1.15866
1.15450
1.28409
1.27919
1.84168
1.83959
1.88980
1.78560
0.64361
0.15218
0.22099
0.24850
0.25626
0.40403
0.44073
0.30539
0.24205
0.15294
0.15277
0.15317
0.15351
0.17307
0.21910
0.22466
0.33737
0.33974
0.24995
0.25145
0.25059
0.25102
0.21756
0.21966
0.22640
0.17049
0.15377
0.15391
0.26956
0.26882
0.25026
0.30238
0.32017
0.32533
0.24954
0.24977
0.16407
0.15281
0.15356
0.16212
0.32214
0.32748
0.20913
0.17873
0.25070
0.25149
0.25082
0.24932
0.27739
0.27493
0.22425
0.18776
0.36735
0.15371
0.15305
0.15323
0.16182
0.30033
0.32009
0.32578
0.26165
0.25036
0.25107
0.16919
0.36498
0.16059
0.21807
0.22307
0.21462
0.15404
0.18239
0.26579
0.25771
0.25044
0.29217
0.50986
0.33857
0.20612
0.15417
0.15336
0.15315
0.15330
0.15375
0.21520
0.22322
0.32228
0.25064
0.46464
0.25032
0.25160
0.25374
0.20724
0.21853
0.22418
0.19955
0.15372
0.15743
0.15527
0.15897
0.46121
0.30821
0.31835
0.32535
0.26397
0.25356
0.17217
0.15314
0.35384
0.43264
0.47231
0.47809
0.67028
0.48313
0.50252
0.54882
0.59904
0.70869
1.23574
1.18166
1.16100
1.11877
1.10240
1.10228
1.27772
1.11632
1.20789
1.25969
1.26834
1.25030
1.20198
1.18603
1.08797
1.08509
1.09879
1.16473
1.37636
1.17769
1.12162
1.19939
1.20155
1.18885
1.19469
1.25070
1.26412
1.18689
