10.51628
11.36900
8.83648
9.52563
9.02403
11.08423
10.48690
10.49438
8.97522
8.77270
10.21592
9.26975
10.55783
9.31837
9.86487
8.54017
8.52515
10.67827
11.61418
11.14688
10.92358
8.56330
10.29455
11.61797
12.95870
11.64390
9.26903
9.17147
8.80352
10.75913
13.17742
11.38625
8.51413
7.71385
8.06393
10.90027
16.47820
17.00598
21.16045
36.38738
34.03467
35.31678
22.58768
19.63985
18.06300
18.43968
18.31362
19.00935
22.01333
19.43070
18.01392
11.58303
8.39015
10.40437
13.10727
31.58343
9.71558
10.25433
7.79083
9.28797
11.31958
11.49933
12.53897
11.61803
11.77425
12.30445
14.71583
13.18902
12.40900
8.88895
7.01677
7.95872
10.92780
10.11510
9.86238
7.96932
7.46338
9.17083
10.66553
8.50233
6.17110
5.45237
6.03905
8.33352
9.15048
9.15860
7.33295
7.34990
6.70493
6.51005
8.93623
9.69987
7.00815
6.98825
5.06677
6.18815
8.06268
9.40967
6.83388
5.50335
6.26790
7.20665
8.72995
9.09008
7.56628
6.05073
6.29790
6.82542
7.44057
9.58113
6.50358
5.51147
5.17805
6.56122
8.16387
8.44308
7.58823
6.57642
6.42283
6.16528
8.37437
8.93362
6.49860
5.90125
5.66962
5.61653
6.75710
10.15122
8.13152
5.36652
6.25202
5.38545
8.24018
6.95948
5.14982
5.03780
4.55915
4.17728
6.29917
5.87860
6.25795
5.15190
5.58093
5.01073
6.85153
7.06477
5.64852
5.17582
6.19772
4.75403
5.73610
6.69420
4.38412
5.03012
4.94198
5.23128
7.50665
6.26272
5.60430
5.00268
5.43585
5.13437
4.65672
5.53868
5.26615
4.72443
5.13155
4.37387
4.69918
4.94342
11.82050
16.82290
5.73553
4.90865
6.31585
4.87745
5.12943
4.66515
4.51448
4.97468
5.97413
5.66220
6.26135
6.10498
6.80607
6.44792
5.93030
6.59037
6.33198
5.70488
7.51080
5.63972
5.43727
5.74887
5.46330
5.99560
6.25360
6.22463
6.61890
6.44215
6.26672
6.45295
6.19388
6.69398
6.32325
6.30257
6.45052
6.76898
5.48162
6.62335
6.22105
5.44193
5.74230
6.40633
7.68907
6.90435
6.84288
5.83793
7.47147
6.61863
7.04363
6.20877
7.51957
6.96253
6.24243
6.90123
6.75583
6.29033
6.03460
6.51643
8.17507
8.19558
8.12220
7.19243
6.31668
6.80328
6.72437
6.60855
7.77522
6.49498
6.26373
6.64008
6.76207
6.32002
6.25447
5.83607
6.53782
8.60238
5.96472
6.82967
7.18982
6.49575
7.33488
7.39505
5.82005
6.27057
7.43812
6.53788
6.49350
6.64642
5.83397
7.05903
6.99415
7.39143
7.75867
7.98645
6.23162
7.28067
6.28723
6.82042
7.08037
6.74140
7.09415
7.12700
8.44793
7.71160
7.28493
7.06518
7.50842
7.00567
7.01598
7.24880
6.30838
8.24742
24.00868
6.73787
6.93197
6.38377
