1.33805
1.70500
1.41757
1.32390
1.32572
1.38555
1.29834
1.30811
1.44624
1.41505
1.36597
1.32264
1.12983
1.07496
1.05750
1.04604
1.21579
1.36652
1.22876
1.25094
0.83039
0.45397
0.48174
0.50430
0.46242
0.40703
0.44175
0.51525
0.59224
0.62017
0.58517
0.48242
0.40704
0.45588
0.67041
0.91678
0.95841
0.95802
0.89201
0.57684
0.62601
0.55599
0.51768
0.43142
0.42975
0.42920
0.50138
0.63339
0.63320
0.55534
0.56281
0.49562
0.49441
0.57192
0.58117
0.49276
0.58764
0.59886
0.77728
1.03433
0.99462
0.89503
0.96865
0.94667
1.03105
1.25535
1.42558
1.53415
2.18637
0.96375
0.70641
0.61064
0.73541
2.37945
3.77728
1.72851
1.67978
0.79662
1.22520
1.83549
1.16589
2.04098
3.25787
2.06059
2.15656
2.74393
4.05900
4.31865
5.40172
4.69030
4.49876
3.61932
4.73654
2.15424
0.80871
0.93299
1.15435
1.02859
0.78618
0.86955
0.82508
1.05502
1.00261
0.48379
0.58546
0.62385
0.73368
0.78343
1.14778
1.10686
1.00263
1.01705
1.09070
0.89567
0.62420
0.52026
0.52872
0.60587
0.51195
0.45864
0.40994
0.41048
0.41005
0.56627
0.61371
0.55416
0.53003
0.51384
0.42177
0.51364
0.51007
0.43047
0.42905
0.51663
0.54576
0.62880
0.62296
0.47435
0.41394
0.41517
0.45423
0.51402
0.50529
0.48579
0.52040
0.52512
0.57659
0.57511
0.48150
0.40945
0.41050
0.40944
0.47368
0.57025
0.57868
0.52558
0.52683
0.48869
0.48550
0.50861
0.45896
0.40936
0.41056
0.46851
0.60586
0.62010
0.55997
0.49425
0.41056
0.41701
0.50731
0.50677
0.43442
0.46564
0.51792
0.53919
0.62151
0.60466
0.42299
0.41055
0.41175
0.43873
0.50972
0.55131
0.51911
0.52369
0.52750
0.56704
0.50903
0.49744
0.41142
0.41143
0.41017
0.48830
0.61235
0.59138
0.52554
0.52962
0.48522
0.48900
0.52137
0.48468
0.42158
0.52678
0.53008
0.60568
0.63986
0.61398
0.55453
0.55872
0.75966
1.25732
1.08890
1.43325
1.25775
0.79844
0.84750
0.96176
0.90354
1.00330
0.93583
0.73776
0.76557
1.07979
0.58545
0.48696
0.42323
0.42330
0.41171
0.58006
0.61579
0.58695
0.52448
0.43596
0.41014
0.47897
0.50635
0.47158
0.40757
0.51200
0.51993
0.58797
0.61905
0.50686
0.40868
0.40881
0.40941
0.46844
0.50612
0.58376
0.51923
0.52440
0.52384
0.49858
0.50710
0.48142
0.41312
0.41439
0.40866
0.56158
0.61467
0.59949
0.52359
0.45042
0.40900
0.46117
0.50545
0.48503
0.40908
0.50539
0.52160
0.58006
0.62018
0.53350
0.40714
0.40759
0.40744
0.44740
0.50585
0.58423
0.51638
0.52154
0.52704
0.52411
0.51145
0.50783
0.40968
0.40758
