14.61787
9.96857
14.78812
14.69160
11.08868
13.63237
14.60222
12.81155
11.89468
14.62900
13.56740
10.45722
14.27745
13.98915
16.00320
10.75153
15.77867
16.88612
16.84128
15.68535
13.41700
17.08283
16.94348
12.32850
16.65440
17.55642
17.27095
17.18410
12.38852
16.66000
11.55392
16.23992
18.72753
30.01998
39.89213
37.64783
32.99730
20.10643
14.63060
9.11570
12.81187
10.34630
11.06707
13.04377
9.70333
14.42330
8.96273
13.57077
8.79310
12.27968
12.16175
12.76195
12.01185
8.70298
13.36820
8.81543
13.63970
9.13303
11.75483
10.61803
10.91848
12.35642
9.22997
13.73972
9.71352
14.71222
12.37830
14.30605
13.39977
11.78277
14.13115
10.04677
15.01102
11.32918
16.20053
11.64903
14.69807
13.54333
13.22495
15.17363
12.13550
15.74285
11.29157
15.22088
11.58990
13.43960
12.98710
12.81377
15.09220
11.64027
16.89125
12.59962
14.18917
12.19865
10.97273
12.79898
17.55380
9.54347
11.02887
11.31962
8.45912
9.93023
11.38842
9.73870
10.38282
14.38448
12.49762
12.70870
14.60753
13.25087
11.79707
14.94298
11.94590
13.73868
20.09188
9.63758
12.48715
11.30332
9.60213
12.17470
9.44475
11.72455
7.94008
11.84295
8.74512
8.58223
12.86507
8.60080
11.14853
10.13583
8.06597
12.80377
11.23682
6.17882
4.94567
7.68088
4.45877
4.34582
6.64407
5.04852
4.19202
4.07398
8.46078
4.49803
12.33725
7.04023
6.88978
4.64132
3.84593
7.53355
4.20350
4.10597
4.54560
7.03230
3.86080
4.15108
16.17402
4.89398
6.44498
7.01345
9.94762
6.81762
6.65968
9.85143
7.48533
6.93100
6.40245
17.23758
35.54815
9.12170
8.12093
8.43742
12.79843
9.30163
8.93168
6.97273
28.45457
32.98738
35.16980
34.23257
33.48688
19.47800
5.77993
4.44517
5.28895
7.73278
4.71793
5.06562
8.17048
5.52285
5.05448
5.07258
17.46977
5.08712
9.08498
9.59967
5.67533
9.88887
5.40605
5.86503
8.32683
5.07368
8.38080
6.00233
13.55100
8.82737
5.66113
8.27005
6.90993
5.98088
9.29972
5.88253
7.85542
7.58483
9.03038
5.33900
13.92322
8.26180
8.07885
5.99617
5.06923
9.39178
7.61907
7.63920
9.74792
6.54852
9.55905
8.47293
14.16350
10.16543
8.03707
9.69400
10.94322
8.55853
10.08545
12.35472
8.45357
13.03320
10.09353
13.80523
12.04672
19.09432
11.10842
14.04158
11.24192
14.60072
11.91247
15.80520
13.92807
14.19912
11.56332
15.15748
12.67298
13.07137
12.23148
13.70603
13.97668
12.70805
12.71360
9.95218
30.10825
35.89443
33.15523
37.37683
30.65018
30.94273
31.89722
31.49715
16.85655
12.35693
16.30243
14.02057
18.19937
12.52210
14.28308
13.11718
11.67107
14.33495
12.85127
12.13822
14.16197
12.28062
11.69108
13.43727
11.52092
16.76002
12.23498
16.17523
