0.74717
0.76236
0.62154
0.48484
0.63680
0.48567
0.54999
1.03681
1.04140
1.35621
1.72706
0.98355
0.95336
0.94268
1.07288
1.15833
1.15546
1.15156
1.14928
1.15472
1.31467
1.34562
1.83302
1.43648
1.18479
1.10873
1.67215
1.63908
0.55076
0.23966
0.23963
0.24031
0.30029
0.44151
0.44423
0.44779
0.46161
0.28023
0.24818
0.79712
0.21798
0.44262
0.44531
0.44812
0.45491
0.35577
0.21737
0.21714
0.21597
0.38096
0.44428
0.46061
0.47349
0.89632
0.68439
0.68149
0.67989
0.78142
0.90051
0.90005
0.92176
1.00520
0.75355
0.47892
0.35286
0.37143
0.57847
0.57509
0.57480
0.58360
0.52070
0.34177
0.39673
0.89325
0.62371
0.44440
0.44287
0.44705
0.45361
0.42253
0.21896
0.21521
0.21499
0.39152
0.44167
0.44384
0.45049
0.39111
0.22911
0.35099
0.69416
0.81191
0.91438
0.91344
0.91577
0.91524
0.67951
0.67538
0.67233
0.73232
0.89286
0.89261
0.89341
0.90110
0.70648
0.65179
0.64690
0.32206
0.44141
0.44326
0.44466
0.45299
0.33620
0.21520
0.21526
0.21511
0.38953
0.44067
0.44233
0.44736
0.43278
0.21423
0.21545
0.21835
0.33404
0.44181
0.44393
0.44739
0.45976
0.64326
0.40121
0.21465
0.21038
0.40723
0.43653
0.44175
0.44633
0.37379
0.21085
0.21087
0.21095
0.36264
0.43552
0.43945
0.44531
0.46199
0.22101
0.21631
0.21466
0.29491
0.44058
0.44277
0.44654
0.44832
0.38508
0.21756
0.21614
0.21716
0.38684
0.44624
0.44368
0.44563
0.45247
0.34384
0.21582
0.21711
0.21765
0.44266
0.44238
0.44267
0.44391
0.44902
0.46472
0.21675
0.21400
0.21400
0.37992
0.43980
0.44073
0.44446
0.44330
0.44418
0.44559
0.44923
0.45104
0.45346
0.45775
0.46455
0.47299
0.48483
0.46422
0.21560
0.21630
0.21770
0.21793
0.59790
0.77461
0.68390
0.45155
0.36070
0.21700
0.21699
0.21706
0.43760
0.44150
0.44308
0.44707
0.46402
0.23799
0.22794
0.22945
0.73505
0.90845
0.90773
0.90899
0.91329
0.84180
0.67400
0.66913
0.66061
0.63032
0.43875
0.44068
0.44326
0.45152
0.30605
0.21400
0.21398
0.29046
0.43689
0.43820
0.44044
0.44344
0.45485
0.25592
0.21296
0.21270
0.33687
0.43433
0.43486
0.43644
0.44016
0.45094
0.26378
0.21250
0.21074
0.34191
0.43230
0.43354
0.43486
0.43811
0.44514
0.36295
0.21165
0.21110
0.27727
0.43427
0.43250
0.43335
0.43471
0.43657
0.44316
0.33852
0.23332
0.23360
0.35844
2.66210
3.55643
3.58039
3.70123
3.45038
0.82487
0.78906
0.70670
0.58411
0.54211
0.48618
0.55913
0.69737
0.69609
0.69611
0.69918
0.70110
0.74308
0.69886
0.47411
0.47542
0.47257
