3.88249
1.80205
4.82643
5.49773
5.59183
5.68924
5.67956
2.64019
2.01341
1.71365
1.81353
2.59563
3.05662
3.17885
3.32848
3.47341
2.21858
2.03659
5.32831
3.39424
2.14687
2.21089
3.72695
5.77795
5.55031
7.28026
9.80541
8.86596
5.25409
5.35136
5.43057
7.92406
8.84596
4.83393
4.84622
3.90032
1.96572
6.43057
3.28371
1.83035
1.76199
2.46189
7.67611
5.21147
1.79690
1.80313
1.83169
6.11500
4.45143
1.82229
1.82373
4.67747
9.75323
5.06068
4.23276
4.52708
7.49844
5.09712
2.10560
2.11384
4.53736
8.54754
4.57388
2.16539
2.65252
6.94790
5.37461
2.22313
2.25008
6.05876
8.18264
5.04909
2.36187
5.87508
6.95395
2.63418
3.87803
7.94741
7.00599
6.97552
5.28086
5.32223
4.03469
2.42838
2.39550
4.28527
4.53122
2.23602
1.67211
1.97049
4.67307
2.94141
1.96020
2.09543
2.77441
4.93274
2.10339
1.73880
1.67136
1.75829
3.62937
3.67786
1.88100
2.00323
1.89737
1.75731
2.42006
4.44037
1.93083
2.04560
2.00496
1.95400
1.99545
1.96282
1.69222
1.93306
3.83651
1.48795
1.56647
1.44641
1.60044
1.39809
1.18470
1.17810
1.21662
1.20410
1.15357
2.19722
3.02089
1.08378
0.97886
0.97871
0.97444
1.13305
1.04710
1.08107
1.10499
1.22022
1.19425
1.88881
1.60211
1.42719
1.34378
1.30802
1.29455
1.30865
1.41743
1.35678
1.29779
1.29915
1.16340
1.18586
1.32412
1.36552
1.37212
1.43299
1.53317
1.52374
1.68210
3.40099
2.61964
1.71145
2.20900
2.12277
2.83361
2.83350
4.04282
4.67280
6.32015
4.68505
3.94858
3.16477
3.53812
3.62700
2.91770
2.84585
2.99201
3.69191
1.43752
1.30816
1.30265
1.19334
1.15941
1.04429
1.19497
5.40484
2.65661
1.20587
1.17442
1.16594
1.16813
1.16889
1.16835
1.17032
1.17255
1.17448
1.19463
0.95002
0.93641
0.93676
1.13748
3.24452
1.06309
1.06536
1.06794
1.06769
1.06792
1.06800
1.06788
1.06880
1.07094
1.10452
1.01886
2.58398
1.71413
0.97493
1.06729
1.10306
1.10290
1.18320
1.26714
1.26988
1.28005
1.29806
1.34929
1.27467
1.26766
1.41096
1.29668
1.50911
1.28088
3.50503
3.52626
2.36422
2.31365
1.14385
1.09777
1.10141
1.09917
1.09990
3.22570
1.98378
1.22665
1.15553
1.16191
2.32439
3.33953
1.18279
1.12535
1.12561
3.20963
2.54783
1.12350
1.28328
3.69438
2.94425
1.23748
1.94870
3.79602
2.92220
1.25655
3.04698
3.90507
3.82914
1.40609
3.21499
3.95910
3.98582
3.34286
1.73978
4.14379
4.16401
4.19128
4.20731
4.21623
4.15764
2.94299
2.31572
4.24279
4.21050
4.24903
4.03967
4.04850
2.82617
2.27683
4.14777
4.14261
4.14340
