3.37774
2.96585
2.57722
3.27764
2.90135
2.87650
2.87110
3.47612
2.60483
2.66244
3.50737
2.62992
2.66654
3.74233
4.43718
3.35245
3.37256
1.68620
1.04023
0.92930
1.02023
1.11032
1.06523
0.98810
0.99176
1.04766
1.09360
1.19319
1.25017
1.08244
1.20215
0.84614
2.87010
1.01935
1.27304
1.24506
1.10398
1.03972
0.78001
0.91751
1.02944
1.14879
1.10674
1.09117
1.00718
1.04680
1.02883
0.97311
0.93909
0.97252
0.97874
1.07396
1.14285
0.97869
0.98337
0.97367
1.08105
1.19274
1.12188
1.05853
0.90070
1.34279
2.12453
2.07795
1.27155
1.07375
1.09235
1.37709
1.30821
1.16258
1.17075
1.33185
1.35477
1.31356
1.31658
1.22619
2.04425
2.17581
1.98745
1.36243
1.01504
0.89936
0.86285
0.87069
0.91349
1.11332
1.07801
0.86786
0.85659
0.79206
1.44312
1.55161
1.28512
1.02665
1.11416
0.82870
0.79055
0.87300
0.77862
0.88822
0.97425
1.05004
1.15522
0.73925
0.74312
0.81415
0.87332
1.01157
0.95226
1.01086
1.05376
0.74367
0.84047
0.85920
0.90401
1.07018
0.89118
0.96497
1.09092
0.83758
0.85970
0.87565
0.88840
0.96146
0.87018
1.03119
1.16896
0.86431
0.94482
0.98731
0.93437
1.03449
0.95976
1.03139
1.21084
0.84818
0.83257
0.81536
0.79663
0.97727
1.03507
1.04291
1.10949
1.00655
0.77435
0.74648
0.88360
0.92456
0.95106
1.18092
1.09063
0.95342
0.91978
0.79742
0.82961
1.02175
1.09352
1.24076
1.28287
0.94509
0.91426
0.90659
0.71396
0.75216
1.10350
1.00949
0.94351
1.00618
0.85828
0.85865
0.87481
0.89184
1.05397
1.18779
1.12433
1.32254
1.32446
1.32541
1.07704
1.19093
1.16143
1.08559
0.98692
1.00394
1.02715
1.06433
1.12288
1.39820
1.53740
1.49369
1.55773
1.68374
1.94801
2.26593
2.27859
3.64804
4.08861
2.01115
1.05846
1.04925
1.06485
1.05914
1.06639
1.05889
1.05892
1.05298
1.05424
1.05412
1.07107
1.07351
1.06137
1.05382
1.05806
1.04653
1.04436
1.04061
1.04554
1.04417
1.04160
1.04044
1.04809
1.05989
1.08358
0.88008
0.68997
1.16402
0.67161
0.82002
2.20415
1.27537
0.85068
1.90167
0.76871
1.34677
2.79156
4.51408
4.57821
4.85839
4.20472
3.28923
3.78695
4.22014
4.17039
2.28987
1.29080
1.17148
1.06735
1.03290
1.20979
1.26732
1.26301
1.12304
1.11598
1.15311
1.18480
1.08576
0.90351
1.28587
1.43493
1.42605
1.25313
1.15758
1.60256
2.00670
2.03881
1.53920
2.44927
1.33642
1.42222
1.58208
1.46048
2.40126
2.33675
1.28174
1.62165
2.15071
1.37981
1.45157
1.46320
1.30458
1.62925
1.05248
1.19333
1.37250
1.45162
1.96163
1.61459
1.50342
