12.91190
11.25726
11.57816
13.16136
10.22716
8.48883
8.30176
10.81425
10.51748
11.53133
11.10003
10.53265
9.95457
11.11215
11.27483
11.53765
12.09935
12.94338
11.82348
11.37495
12.46401
12.13415
12.39154
11.54109
12.77268
12.58242
11.79926
10.65549
12.16407
13.21369
12.99858
9.35438
10.41683
11.80958
11.49323
10.54513
10.92346
11.65157
11.15421
10.91409
10.76688
13.50695
13.34181
11.61635
12.04813
12.61819
12.04702
9.76169
7.74837
7.70870
9.17557
9.22900
9.85656
10.42869
10.81844
10.06607
8.06677
7.92628
10.78613
10.58724
9.08182
8.37718
9.02753
9.32434
8.25575
6.40904
7.02326
6.83257
7.79909
9.09133
9.94461
9.09554
8.89944
7.13925
6.84540
6.59057
7.95908
8.36950
7.57223
7.50995
9.13540
8.79669
7.63328
6.70346
7.23949
6.57101
6.58632
7.53625
8.36217
10.13218
11.50516
9.35051
9.84977
10.21503
9.89819
7.74174
8.32473
9.00032
7.79555
6.86796
7.08365
7.62355
9.08856
8.53386
8.38914
8.30602
4.61386
3.39380
2.98253
3.15378
3.68758
4.22342
4.56219
4.73654
4.44946
4.36447
4.55003
4.60655
4.53951
5.01576
4.44579
4.50481
5.43516
4.87912
4.47688
4.56295
4.57142
4.95426
4.15470
3.61170
3.89704
4.17466
4.11299
3.45011
3.60336
3.80846
3.37106
2.92163
2.42468
2.53286
2.89406
3.61387
4.26397
4.47270
5.72534
6.03229
6.29650
4.24572
3.04496
3.30860
4.29402
4.47591
4.24695
3.44286
4.92447
5.28759
5.03423
3.76307
3.50843
3.17420
3.29089
4.30894
4.48932
3.87788
4.03678
4.31760
4.06726
3.92770
4.07494
4.64643
3.48005
3.34971
3.13651
3.15185
2.63687
2.33646
2.74101
4.08230
4.39512
4.77159
5.24180
5.57955
5.80548
5.93030
6.14260
4.09030
3.49723
3.89633
3.79312
3.25393
3.30438
3.68044
3.71624
3.35736
3.38673
4.36195
4.31075
4.44848
4.27611
3.10339
4.13880
5.38078
5.05085
4.24781
3.17198
2.77280
2.90474
2.45028
2.18096
3.01758
3.70241
3.45551
2.92994
3.14506
3.65956
4.18234
5.21239
5.05098
4.87390
3.11342
3.39409
3.26703
3.35786
3.21499
3.97667
4.38253
3.44548
3.45267
3.53839
3.30346
3.54336
3.73637
4.28971
3.79740
4.10413
4.93257
4.89817
3.65715
3.52051
3.39272
2.53650
2.51625
3.25910
3.98633
5.62771
6.53490
6.72213
4.63707
4.29765
4.20089
3.71886
4.26069
5.61974
6.51067
7.05085
6.08273
6.16086
7.16331
6.74365
5.79379
4.94511
4.49437
5.09611
6.76338
7.28137
7.78460
7.19538
7.25705
7.20855
9.13263
9.97833
8.21738
7.45756
7.23772
7.53639
7.95194
9.44113
10.44957
10.57621
9.53859
11.10772
11.56241
11.68350
10.53056
10.89318
7.70081
7.07942
9.15650
