3.93525
4.52113
4.18272
3.82972
5.01455
4.11783
3.88415
4.55605
5.66668
6.92150
5.85427
5.08723
5.00187
6.25060
5.42637
5.11433
5.26810
3.85188
4.45373
4.39563
4.77115
4.98463
5.14218
5.22680
4.41463
5.26585
5.06808
4.74075
4.38383
4.45363
3.16592
4.94280
4.79225
4.13890
3.72155
3.37225
3.42025
5.62270
5.88303
4.35508
7.60002
3.85572
4.04187
4.05965
4.36092
3.71863
4.15797
4.63577
3.44627
3.97182
4.24542
4.13497
3.87247
3.64965
3.23710
4.22697
3.90880
3.39858
2.90507
2.55292
2.74283
2.78395
3.30888
3.23937
3.48968
2.94003
3.45412
3.35472
3.71292
3.38630
4.12183
3.28980
4.70945
4.98483
3.29410
3.88720
2.92338
2.73847
2.24993
2.63730
3.03220
3.60877
4.30823
4.54560
3.57545
2.50530
3.66618
2.82923
2.83688
3.07033
4.85745
4.22248
4.60983
4.14243
3.08958
4.58107
3.75663
3.40832
3.69148
3.34128
2.35973
2.55930
3.02267
3.42875
5.14653
5.88775
3.15660
3.33065
2.99442
2.56867
3.63777
3.44432
4.86063
4.70983
3.34198
3.34270
4.09848
4.96305
4.63613
5.29193
5.57965
4.71413
6.27532
6.34413
5.16782
4.77983
4.31992
3.98822
5.61855
5.85772
9.90763
4.76498
4.60845
6.61722
6.88587
5.41777
4.61103
4.82695
4.32842
3.29153
3.94997
4.40878
4.32352
5.56315
4.35158
2.43125
3.53045
4.57745
3.96178
3.33225
3.18778
3.88543
3.82720
4.61445
3.66690
2.52605
2.59477
3.05570
3.25012
4.04255
3.04827
2.75052
3.06697
3.99208
4.02790
5.48895
4.42005
4.29908
5.36363
4.22595
4.35128
4.91678
3.67287
3.93355
3.29453
3.41712
4.69553
7.02435
4.85765
2.18258
1.95280
2.18433
2.92950
3.32490
3.50137
1.92783
1.91968
2.30407
2.86288
3.84275
2.67085
1.91858
1.91893
2.43563
3.26347
2.16302
1.91902
1.91880
1.91745
3.30778
3.28640
2.50368
2.38478
2.38753
2.59097
3.58738
3.11603
2.42297
2.40607
2.94802
2.36773
2.58955
2.57545
1.91422
2.53967
1.92042
2.14645
2.59845
2.53033
2.59042
1.91898
1.91667
2.18793
2.59145
3.07478
1.90980
1.92617
1.92180
2.22973
3.20925
2.47898
1.91408
1.91300
2.12492
2.62402
2.73313
2.94038
2.39677
2.92187
2.66402
2.80808
3.16895
3.08483
3.17422
2.56858
2.41240
2.72812
2.60030
3.19327
1.91808
1.92482
1.91625
2.08372
2.58857
3.34030
2.11753
1.91940
1.91597
1.91490
3.18332
2.59240
2.38257
1.91717
2.15042
2.24492
2.26420
2.59260
2.61690
2.16812
2.55760
1.92188
1.91903
2.86578
3.12502
3.25453
4.33382
3.66017
3.64538
3.68735
4.18348
5.84590
5.18555
4.36062
4.28188
4.03457
5.06523
5.18387
5.20808
