690.63862
485.05668
757.10333
470.63708
823.14645
336.07037
926.86172
477.40057
772.66472
549.95375
666.26087
528.75255
558.22635
617.57608
470.20342
737.42488
367.88692
855.86073
338.43368
848.33637
459.68948
760.88670
522.58123
727.41638
581.12925
680.51907
597.03570
670.89030
611.52228
658.44182
668.43840
658.14898
640.90338
665.55033
640.39693
613.66382
679.26155
570.22045
650.49165
525.30465
768.48278
524.01433
749.80587
466.04550
795.13127
420.07847
805.54538
351.55012
910.68712
370.67312
969.73448
373.29873
964.65573
416.26375
869.55498
426.46985
764.65845
504.30818
723.33257
562.94603
666.30553
666.42420
712.24880
428.05197
582.52918
392.73573
395.93027
398.34703
448.19397
369.08008
468.72427
641.83990
571.92500
668.34965
509.01327
566.45223
589.32572
474.91005
707.40413
433.37223
718.41317
394.96793
889.41428
392.72047
399.62808
396.20940
627.98083
339.39175
578.79530
386.13442
496.08515
529.28695
366.75900
492.29522
231.76203
556.18127
492.42813
616.60833
531.06235
403.97493
714.29012
459.65563
531.93425
585.08838
421.80875
678.26113
468.37778
600.59823
547.27828
571.61518
606.85963
640.89928
450.72860
450.20708
417.51825
385.88403
412.48007
439.56817
359.67440
394.07790
482.14937
430.03383
300.84793
480.64538
237.29932
690.21118
416.07610
669.70507
499.79870
544.97440
820.91678
401.34367
435.00062
592.06973
399.19462
557.20925
422.76123
486.41867
457.89302
492.42192
407.84803
504.89267
381.44443
429.96905
525.81015
201.62527
738.81105
462.78837
734.52688
552.61240
542.12895
709.20700
339.09368
875.51680
425.51097
810.09937
495.74345
727.11762
546.23498
634.32288
653.52357
552.19517
750.25347
464.95608
818.54280
393.87490
956.24745
587.80113
494.93538
457.01972
462.98238
578.03678
426.43797
446.93530
475.42100
469.56945
621.27152
373.89778
567.79140
437.51908
783.02007
327.20460
649.18288
560.62075
484.97773
737.26177
392.95473
806.13723
553.60120
621.14350
646.31995
471.32667
713.59597
665.80807
326.18438
870.13992
469.09733
717.19375
496.39592
560.20273
657.49955
409.72155
803.86308
359.97523
843.91540
424.25545
752.47560
462.70390
728.49142
496.83892
645.34385
611.77992
554.77162
743.12735
580.24800
606.78858
499.04290
449.83335
449.91133
542.11550
137.62428
746.80547
463.33423
666.77627
520.10052
600.77173
649.54820
426.27437
781.95038
336.49422
853.60245
411.04145
774.25583
501.81623
649.64635
508.04033
584.19152
688.54343
329.70740
843.03812
460.55645
700.81807
586.51260
590.57188
667.17235
493.68852
813.66857
324.31263
888.01515
409.82063
799.34912
524.26248
737.25440
562.78618
648.34038
650.92310
489.77732
882.95240
552.93927
479.82565
563.43807
480.23062
483.02872
394.30728
443.87170
527.69240
242.29705
659.11717
543.73562
564.98118
733.43537
340.17782
881.67972
457.13210
811.75097
511.68508
833.72922
627.97110
497.93083
475.87797
481.12840
496.95630
474.42277
575.38322
389.89360
456.38902
550.89575
384.41247
