0.80034
0.60325
0.41169
0.41097
0.48638
1.26213
0.72735
0.53894
0.37587
0.57229
0.88082
0.85494
0.23988
0.35731
0.39816
0.45880
0.94240
0.34752
0.45695
0.53708
0.63384
0.81123
0.94849
0.51763
0.53250
0.53015
0.68611
1.22168
1.25678
0.89582
0.66111
0.63951
0.80519
1.07754
0.98656
0.68923
0.67833
0.85411
0.87294
0.91776
1.24510
0.68334
0.68523
0.69236
0.69236
0.64843
1.02100
0.54820
0.34782
0.17483
0.17505
0.17489
0.37107
0.63520
0.17555
0.20567
0.36554
0.37136
0.77237
0.57516
0.50981
0.60055
0.62356
0.79819
0.82806
1.11236
0.89131
0.75799
0.60210
0.64217
0.63458
0.71776
0.54513
0.53735
0.61415
0.78458
0.54778
0.31468
0.26981
0.26760
0.28972
0.36553
0.36979
0.36438
0.52955
0.58122
0.50303
0.38712
0.37313
0.31731
0.31167
0.70528
0.61448
0.42391
0.50375
0.50938
0.33410
0.31371
0.31341
0.31118
0.31985
0.31800
0.31443
0.47080
0.51104
0.46310
0.32168
0.46747
0.46030
0.45309
0.45262
0.37580
0.33092
1.07836
0.54158
0.39178
0.28254
0.29036
0.29037
0.29597
0.28497
0.27112
0.38537
0.48746
0.48799
0.31008
0.42584
0.33329
0.25896
0.25786
0.25902
0.39645
0.64225
1.37549
1.07888
0.31132
0.20007
0.16200
0.17408
0.21858
0.30979
0.38014
0.49608
0.33221
0.17677
0.54445
0.82136
0.29357
0.16131
0.21978
0.36065
0.37050
0.24426
0.17620
0.17706
0.17739
0.17744
0.17746
0.17853
0.46722
0.78213
1.16646
0.46075
0.49466
0.72021
0.99323
0.38865
0.33597
0.41357
1.18141
0.82496
0.38322
0.37043
0.91329
0.75649
0.38409
0.38935
0.88210
1.21469
1.22254
1.60537
0.98977
1.01057
0.89703
1.00243
0.90585
1.26685
2.08104
1.47311
0.95299
0.28030
0.29512
0.30195
0.26143
0.27945
0.30435
0.24847
0.65164
0.82417
0.33600
0.33414
0.40856
0.26303
0.86822
0.36748
0.22207
0.19537
0.35380
0.90280
0.32496
0.16800
0.16801
0.16802
0.61718
0.42300
0.16801
0.29589
0.35598
0.39433
0.72365
0.16800
0.16800
0.16800
0.16800
0.69636
0.37158
0.35472
0.33780
0.16808
0.20949
0.77892
0.19730
0.16801
0.16800
0.16806
0.32554
0.98451
0.27309
0.16852
0.16810
0.16807
0.16801
0.79434
0.20365
0.23193
0.35489
0.33330
0.16800
0.16800
0.77025
0.21619
0.16800
0.16800
0.16800
0.33145
0.35720
0.85674
0.22664
0.16800
0.16786
0.17043
0.17166
0.17114
0.24172
0.35785
0.36437
0.17237
0.17241
0.17284
0.17232
0.17222
0.17235
0.16907
0.33220
0.35948
0.30108
0.16889
0.16837
0.17178
0.27497
0.27377
0.27386
0.32602
0.44763
0.55686
0.51359
0.52657
0.87450
