2.74295
1.30711
1.45188
1.31337
3.29161
2.62263
1.30581
1.45514
1.28862
1.54878
2.91014
5.32640
2.54535
1.41525
1.67756
1.70729
1.75671
1.66178
1.69643
4.30561
3.47955
2.82503
5.15293
3.46985
3.86765
6.91910
5.04054
6.09197
7.04497
5.20551
3.68835
1.28304
1.07268
1.91941
3.25970
1.18754
3.55484
0.75569
0.62948
1.83801
4.80035
2.29689
0.63486
0.92217
4.22228
4.35134
1.92972
1.71418
4.16363
3.97588
2.65851
2.41030
3.77931
3.45268
3.23879
2.44805
3.55029
2.96791
3.87149
3.38317
2.35392
3.50992
4.89348
4.03572
1.28791
2.76544
5.59812
3.66424
0.84053
1.94340
5.75416
4.03231
1.00834
4.61237
8.63309
6.24789
3.34653
5.28363
4.80737
6.36442
0.93405
0.80432
0.80224
3.09208
2.65151
0.61422
0.68812
1.05099
3.61187
1.67901
3.50227
0.69198
0.72215
0.98436
3.76239
1.01403
0.86314
0.78886
0.71216
0.85914
0.74883
3.44011
1.48076
0.71650
0.88828
0.74291
0.72794
0.90721
0.87618
0.95807
0.93415
0.79774
0.85941
0.91775
0.95203
1.02561
0.97541
0.94313
0.61635
0.51326
0.65166
0.53019
0.71511
0.61067
0.36667
0.49761
0.37773
0.37734
0.49891
0.37101
0.44424
0.44515
0.37408
0.51021
0.37397
0.38353
0.49579
0.44889
0.43809
0.43771
0.36872
0.50380
0.37258
0.38387
0.49020
0.36822
0.45029
0.42310
0.36791
0.50850
0.36899
0.39350
0.48598
0.36939
0.44663
0.43141
0.36977
0.51128
0.36906
0.38360
0.49378
0.36984
0.44554
0.43308
0.37060
0.50840
0.37027
0.39396
0.48694
0.37129
0.45411
0.42991
0.37281
0.51550
0.37386
0.38274
0.51025
0.46364
0.66185
0.63748
0.67466
0.77302
0.74378
0.84218
1.10182
0.95347
0.93443
0.77834
0.82874
0.82915
0.45150
0.42902
0.48368
0.39612
0.49399
0.42992
0.39880
0.52966
0.40179
0.43813
0.50271
0.41230
0.51550
0.33221
0.26924
0.40156
0.28190
0.66130
0.99421
0.52088
0.48047
0.44441
0.39816
0.52743
0.39818
0.40777
0.50795
0.38551
0.44742
0.45217
0.38500
0.50333
0.41366
0.38957
0.51814
0.38548
0.42305
0.47815
0.38538
0.48159
0.42982
0.38523
0.52145
0.38612
0.39260
0.51972
0.38547
0.43600
0.48791
0.38626
0.52152
0.53571
0.38705
0.38730
0.41989
0.99500
0.92705
0.39706
0.38583
0.49934
0.38594
0.41769
0.46632
0.38604
0.47063
0.41188
0.38661
0.49879
0.38593
0.40023
0.47963
0.38549
0.45345
0.42703
0.38567
0.49292
0.38509
0.38670
0.49089
1.69651
2.23188
0.44222
0.95938
2.98130
0.39044
0.46244
0.59676
0.65399
1.10319
1.07772
2.08792
3.23891
1.04458
1.37067
3.88217
1.10540
1.14359
1.03872
