0.34413
0.41905
0.34863
0.49812
0.34931
0.40248
0.36440
0.34551
0.34663
0.34816
0.42337
0.35079
0.34701
0.34614
0.39528
0.36854
0.34735
0.34935
0.35264
0.42175
0.34606
0.34457
0.34482
0.41053
0.35535
0.35220
0.36974
0.38357
0.41697
0.34885
0.46543
0.37788
0.42260
0.35387
0.37526
0.44315
0.49196
0.53085
0.48207
0.48608
0.49287
0.53596
0.47525
0.33941
0.59151
0.68141
0.76259
0.62559
0.86135
0.52526
0.49857
0.41360
0.36154
0.34577
0.38288
0.38050
0.34770
0.36354
0.87931
0.99208
0.69857
0.71414
0.80030
0.92362
1.24464
2.07519
1.50359
0.69439
0.73308
0.67184
1.04171
0.97851
2.32935
1.54589
1.43803
2.49567
2.77334
1.34933
2.84079
2.57380
1.37693
2.51541
2.98222
2.23629
3.76528
2.92533
3.43499
3.69947
3.62104
3.30859
1.08521
0.98530
1.15206
0.80509
1.02917
1.50495
2.16797
1.01635
0.99173
0.98416
1.22068
1.37492
1.26442
1.02137
2.74490
2.87124
3.07385
3.29774
3.27338
2.97601
3.78436
4.69240
3.72817
4.41678
2.66392
0.81945
0.72511
0.70195
0.74069
1.03406
0.32722
0.32020
0.44166
0.69374
0.91738
0.77705
0.49193
0.49223
0.49139
0.56267
0.49368
0.52163
0.52940
0.63195
0.61641
0.67747
0.62813
0.78419
1.04742
1.04355
3.56036
3.91147
4.02418
4.01202
3.82761
4.15397
3.94027
3.92635
4.52784
3.71043
3.82581
1.38110
3.40279
3.19703
3.71366
3.37109
3.10066
3.53845
3.89141
4.18781
3.78120
4.02105
3.00524
0.94900
0.82859
0.80594
0.85599
0.94787
0.83927
0.87432
0.89889
0.82504
0.84439
0.91735
1.15626
0.63366
0.59261
0.60617
0.55967
0.93748
0.85809
0.70755
0.49974
0.49499
0.29794
0.48942
0.66192
0.50924
0.20826
0.24221
0.28775
0.50646
0.62823
0.60082
0.27679
0.32773
0.29437
0.42797
0.62831
0.62809
0.35952
0.28685
0.21643
0.34129
0.57136
0.68866
0.28825
0.27380
0.27525
0.43345
0.65400
0.55644
0.27647
0.39055
0.48290
0.49747
0.72991
0.59124
0.26737
0.28208
0.21106
0.29079
0.62833
0.67120
0.36929
0.27581
0.27902
0.31821
0.70636
0.63219
0.36252
0.27483
0.27632
0.36316
0.63493
0.64529
0.35197
0.28148
0.23483
0.20967
0.58043
0.63002
0.43551
0.27540
0.27553
0.27574
0.59769
0.69748
0.43516
0.27539
0.27566
0.32941
0.58790
0.62891
0.45893
0.27522
0.34686
0.27519
0.54671
0.63312
0.52909
0.33193
0.27874
0.27863
0.52977
0.66337
0.56692
0.27872
0.27889
0.27967
0.44147
0.53436
0.48965
0.45125
0.51751
0.49111
0.53347
0.53631
0.48073
0.57703
1.45812
1.26103
0.69582
0.72314
0.45163
0.36684
0.33945
0.33678
