3.44231
3.46396
3.57234
3.41386
3.44776
3.43334
3.21222
3.24228
3.31901
3.10551
3.54258
3.74665
3.59581
3.58621
3.39186
3.23811
3.20277
3.28713
3.16653
3.24320
3.32887
3.31695
3.42902
3.40745
3.31511
3.32878
3.18150
3.15230
3.31630
3.27160
3.34666
3.47278
3.19309
3.18507
3.18314
3.02733
3.11516
3.15768
3.17071
3.30891
3.36522
3.27809
3.32473
3.17749
3.12992
3.27435
3.15712
3.28225
3.42809
3.28704
3.31325
3.29262
3.13293
3.16692
3.15954
3.07739
3.25299
3.28928
3.18128
3.26031
3.09414
3.04859
3.24133
3.12317
3.18565
3.41132
3.25224
3.29662
3.32700
3.09756
3.17654
3.21118
3.12824
3.37289
3.28450
3.20428
3.35000
3.08351
3.10851
3.14687
3.04261
3.15747
3.33644
3.28032
3.44205
3.28357
3.17469
3.26829
3.18221
3.21299
3.28224
3.29178
3.42674
3.31358
3.15943
3.21873
3.05382
3.14732
3.13961
3.14776
3.37357
3.30555
3.40803
3.32092
3.18338
3.33510
3.23443
2.94918
1.46185
1.00468
1.10276
0.93983
0.91448
0.70032
0.85905
0.75094
0.84082
0.96620
0.89420
1.03736
0.85809
0.96518
0.81512
0.90738
0.87585
0.94580
1.07753
0.96103
1.14772
0.79703
0.93011
0.70907
0.85199
0.75713
0.93909
0.96592
0.89180
0.97098
0.77771
0.95390
0.80786
0.89280
0.91145
0.97748
1.08952
0.94225
1.02715
0.80224
0.86454
0.76080
0.76476
0.92409
0.85058
1.04279
0.84535
0.84300
0.81820
0.85963
0.90226
0.80315
1.11624
0.94512
1.09275
0.92907
0.88634
0.89933
0.82778
0.89070
0.76185
1.02482
0.89135
0.97414
0.84777
0.74485
0.88081
0.79744
0.95301
0.96074
1.02959
1.07821
1.02769
1.14352
0.96807
1.13014
1.01351
1.10824
1.18253
1.08270
1.25871
1.01465
1.05330
0.98474
0.97590
1.06690
1.08663
1.33385
1.19136
1.25692
1.16751
1.02201
1.20581
1.02611
1.14596
1.23235
1.22556
1.29910
1.07950
1.12738
0.93782
1.04414
1.02249
0.98716
1.26114
1.13732
1.29751
1.20396
1.05862
1.18504
1.02850
1.15483
1.17276
1.21002
1.34747
1.19238
1.22267
1.06764
0.96558
1.10403
0.94375
1.17955
1.17156
1.11028
1.27347
1.00598
1.13148
1.10678
1.02886
1.22391
1.17147
1.29022
1.25437
1.19122
1.19024
1.03361
1.13537
1.13121
1.02992
1.25124
1.12348
1.12540
1.21283
0.94777
2.74811
3.29384
3.26444
3.46887
3.49950
3.41410
3.54504
3.39841
3.25903
3.40164
3.30251
3.25689
3.57135
3.41834
3.47131
3.50247
3.20234
3.26090
3.23847
3.15142
3.33082
3.31669
3.31936
3.53439
3.38471
3.30365
3.32887
3.22042
3.32622
3.32447
3.38279
3.52736
3.41687
3.39093
3.39377
3.22279
