3.91840
4.16659
4.25791
4.25238
4.28334
4.14026
4.09229
4.10187
4.21036
4.29759
4.27825
4.01423
4.37916
4.97802
3.84028
3.35317
3.34315
3.38057
4.09894
3.34884
3.33756
5.61370
3.29420
3.31525
3.35499
3.41430
3.42552
2.69063
2.19878
2.21507
2.14102
2.13818
2.13935
2.14601
2.16054
2.16176
2.16254
2.17116
2.17388
2.17225
2.18848
2.18795
2.18090
2.84702
3.55962
3.57854
3.68067
3.69118
3.68326
3.65497
3.64827
3.69267
3.63733
3.61853
3.60825
3.61421
3.60482
3.61848
3.56946
3.60716
3.59521
3.59205
3.59202
3.57553
2.46143
2.20724
2.20973
2.21916
4.65422
2.57136
2.54274
3.00435
3.41654
2.29864
2.32939
2.31084
2.31465
2.35056
2.39101
2.42348
2.75133
2.78001
2.66774
2.63616
5.05219
3.14423
2.94366
2.93777
2.93492
2.93759
2.93883
2.94484
2.80877
3.02510
2.47185
2.58293
2.70932
2.68104
2.38635
4.83927
3.30148
3.46071
7.14372
4.47884
6.31289
3.66440
3.86649
7.28898
5.07425
2.65661
2.71780
2.64348
2.61112
4.84515
2.60447
2.59969
3.17856
3.53172
4.31639
2.83971
2.70091
4.68269
2.27070
2.27277
2.27883
2.24598
2.14785
2.12595
2.18287
2.21076
2.23858
2.23745
2.23652
2.23449
2.23524
2.23568
2.23933
2.24777
2.83817
3.17809
3.18856
3.17906
3.20884
2.40373
2.60952
2.05548
2.05697
2.06162
2.06608
2.06796
1.98121
1.97590
1.97722
1.98091
1.98174
1.98160
1.98012
1.98073
1.98080
1.98131
1.98085
3.10340
2.87231
1.97659
1.97627
1.97692
1.98910
2.93896
2.98273
2.99398
3.02173
3.03625
3.34645
3.00507
2.95747
2.38628
1.99724
1.98742
1.98155
1.98359
1.98368
1.98475
1.98581
1.98820
1.98852
1.99335
2.45599
2.89374
2.88730
2.88517
2.88198
2.88620
2.40271
2.06061
2.06133
2.06808
2.07304
2.00267
1.98225
2.90838
2.89681
2.89434
2.89329
2.89934
2.89094
2.90022
2.90648
2.90245
2.89623
2.90678
2.98364
2.98937
2.99949
2.93379
2.93616
2.93302
2.99353
3.02313
3.24574
3.47367
3.43935
3.47585
4.94575
2.95306
2.77057
2.76141
2.67483
2.48773
2.40517
2.31955
2.32016
2.32185
2.32208
2.37869
2.47232
2.46869
2.47866
2.47842
2.47180
2.47941
2.50190
2.66518
3.06775
3.09239
3.04662
2.99927
3.00980
3.03486
2.74564
2.84863
2.59555
2.44019
2.43339
2.44342
2.45289
2.45303
2.45157
2.51124
2.54380
2.56937
2.56198
2.47296
2.46341
2.46233
2.45059
2.45009
2.45025
2.45194
2.45241
2.45145
2.45106
2.57256
4.49384
2.46812
2.38406
2.42312
2.56467
2.35538
2.34631
2.42179
2.42799
2.43561
2.44119
2.44640
2.41722
2.35074
2.35515
2.35163
