3.68137
11.10682
9.74092
10.59760
10.29270
9.47933
7.46167
6.81422
1.52350
0.94353
1.22292
1.43760
1.03815
0.84490
0.94583
1.43697
1.31610
0.84473
0.84530
1.25857
1.44047
0.99645
0.84500
0.98692
1.43425
1.27008
3.16542
5.67083
6.15058
6.22288
5.73945
4.18550
1.04885
1.43488
1.21677
0.84500
0.84477
1.37467
1.44832
0.88535
0.84492
1.10028
1.43680
1.16717
0.84480
0.84493
1.42032
1.43920
0.84485
0.86880
1.21593
1.51790
1.11583
0.84495
0.97528
1.43520
1.38723
0.94263
0.94850
1.53760
1.90660
1.51277
1.43622
1.46955
1.78448
1.66657
0.97667
1.17443
1.63190
1.52545
1.43033
1.26787
1.21427
1.70943
1.68445
1.27222
1.26998
1.74902
1.87023
1.34773
1.27152
1.48838
1.85792
1.64828
1.08980
1.09550
1.82970
1.62247
1.08935
1.27513
1.58563
1.68260
1.35033
1.00433
1.21205
1.88537
1.79972
1.29652
1.29595
1.77585
2.18697
1.98773
2.41680
3.07928
3.58903
3.54770
3.02232
2.97860
3.12960
3.64580
3.14603
2.90813
6.94162
11.73122
8.37243
7.89103
8.68600
7.60230
3.90355
3.50220
3.00513
2.73012
3.05510
2.88855
2.38218
2.27603
2.74167
4.49685
7.42662
7.56165
7.54720
8.03323
7.63828
6.74912
2.88670
3.29993
3.47232
3.13948
2.93607
3.16227
3.65810
3.66890
1.84157
2.10387
2.51628
2.93508
2.20118
1.95883
1.65212
2.05880
1.94575
1.44667
1.44665
1.79987
1.59625
5.34593
5.71178
5.80850
6.26203
6.08382
5.67443
5.65773
6.05893
3.35528
1.51520
1.44487
1.66147
2.03510
1.77023
1.45258
1.45208
2.02373
2.01613
1.45743
1.45197
1.90962
2.42173
2.05243
1.84193
1.49683
5.97802
6.12207
5.67247
5.66695
6.11580
6.25960
5.73645
5.64358
4.65897
2.03737
1.76335
1.46235
1.48973
2.06050
1.98792
1.47798
1.47863
1.87020
2.06967
1.60550
1.48088
1.66753
1.81205
3.61655
5.75187
5.73795
6.30082
6.23225
5.72352
6.10970
6.72405
6.87260
6.04257
2.13157
2.35533
2.72450
2.42903
2.12967
2.15572
2.68925
2.58955
2.12962
2.13138
2.42813
3.52592
6.40685
6.35608
6.66777
6.92822
6.57363
6.37345
6.51988
7.44197
6.72635
6.17370
6.19877
6.79222
6.72453
6.24182
6.21427
6.72878
7.16910
6.68798
6.62442
6.95223
7.04762
6.43280
6.20945
6.41622
6.77907
6.53170
6.16547
6.33283
6.75362
6.66072
6.18598
6.16390
6.71172
6.76648
6.22668
6.17968
6.56133
6.75173
6.34853
6.16522
6.43157
6.72532
6.48125
6.20683
6.41412
6.52838
2.48510
3.36180
7.05762
11.97953
13.93792
12.57255
9.77525
10.07088
9.87117
9.06327
4.78642
5.80590
7.08892
7.93048
7.57505
4.30227
5.99018
