16.18677
8.01027
12.06918
26.21882
24.34095
20.98188
10.74688
7.85630
7.51945
7.56580
7.75563
8.19348
8.47325
8.51927
8.49038
9.62707
10.76892
8.78903
8.58163
8.54370
8.77497
7.78273
6.33450
6.90025
10.39687
8.96172
6.99785
7.81102
7.09232
3.97665
5.19502
5.78383
5.96367
4.70528
4.65473
4.57848
5.14005
6.10217
6.06112
4.34985
3.73238
3.74622
3.75518
3.66315
3.63033
3.62662
3.63113
4.12810
4.34243
4.29835
4.30775
3.85333
3.87215
3.89298
3.85028
3.26223
3.41000
3.55463
4.43078
4.79102
3.63912
4.28883
4.48398
4.48620
5.24327
4.32837
4.01607
4.01573
4.03745
4.07773
3.66242
3.16193
3.38962
3.37783
3.35922
3.34698
3.34723
3.35168
3.34837
3.73873
4.21443
4.21815
4.11777
4.05737
4.08192
4.13675
3.77978
3.27160
3.87118
3.55715
3.16320
3.16678
3.18493
3.18600
3.15227
3.25062
4.01300
4.02357
4.03923
4.05982
4.07342
4.10053
4.06388
3.18187
3.23670
3.03932
2.99592
3.00327
3.00530
3.01337
3.02525
3.02013
3.50635
3.85467
3.86567
3.89000
3.92240
3.96048
3.69535
3.03745
3.04532
3.05018
3.05738
3.21830
3.36668
3.73030
3.39587
3.17532
3.41533
4.18168
4.18783
4.31798
4.46348
7.16265
10.98088
3.52912
3.36810
3.38247
3.38522
3.52807
3.53328
3.37800
3.37617
3.78980
4.23367
4.24967
4.26983
4.30128
4.34922
4.17695
3.35815
3.34105
3.77760
5.00178
4.82290
8.23720
6.03577
4.63133
4.71232
6.26442
6.59552
5.55643
5.77753
5.99717
8.45483
8.52067
5.27518
3.24017
3.24563
4.36490
5.02982
4.33755
3.26658
3.28423
4.32137
5.32987
5.21785
4.17087
4.19285
5.73630
5.98400
4.40602
3.29352
4.31925
5.08652
5.08550
5.09055
5.13143
3.84393
3.29737
3.29222
3.43557
4.15425
4.16425
4.21402
4.29213
4.22275
4.17748
3.69222
3.36152
3.37293
3.37737
3.37923
3.38397
3.38365
3.38903
3.39223
3.87890
4.24867
4.25223
4.28312
4.34877
3.90705
3.38948
3.39247
3.37743
3.38298
3.39597
3.39257
3.39983
3.40148
3.39653
3.62873
4.25207
4.27082
4.28762
4.32412
4.38437
3.41968
4.13017
3.39280
3.40057
3.40255
3.39808
3.39585
3.39622
3.39575
3.47527
4.39050
4.59102
4.60075
4.62343
4.68488
4.07742
3.72325
3.72485
3.72320
3.72452
3.71637
3.72178
3.70767
3.70513
3.69967
4.31792
4.51837
4.46328
4.49752
4.60820
5.03612
3.73902
3.66558
3.67667
3.79805
4.00442
3.68372
3.68157
3.68845
3.68807
4.09195
5.25588
6.26012
6.44997
7.05152
8.13395
7.28495
8.34682
12.04460
12.04788
12.18073
12.23603
12.19865
12.19410
12.18333
13.24253
14.23493
14.14082
14.08015
14.01375
