1.86761
1.86962
1.92677
1.99478
1.99698
2.01080
1.92471
1.86914
1.86763
5.85552
2.53125
1.99264
1.99324
2.00150
1.94313
1.86464
1.86241
5.20279
2.32533
1.98711
1.99537
2.00356
1.97763
1.88010
1.88246
1.87733
1.87145
1.97727
2.00335
2.00740
2.00731
1.87443
1.86882
1.86631
1.86019
1.87473
1.88739
1.38493
1.09095
0.98288
0.93454
0.93278
0.93156
0.98152
1.06625
1.01948
0.93485
0.86712
0.80807
0.80433
0.81049
0.83851
0.96770
0.97631
0.98288
0.93763
0.86425
0.87622
2.46325
2.74714
1.02502
1.02911
1.03300
1.01583
0.92621
0.92050
0.92575
0.95339
1.03231
1.05990
1.04616
1.03456
0.93461
0.91332
0.90700
0.90725
1.00053
1.07376
1.01340
1.05992
0.96354
0.90250
0.95320
0.93943
0.94159
1.05306
1.03584
1.07516
1.01137
0.89108
0.92479
0.91339
0.94723
1.01701
1.06147
1.03476
1.01872
0.88962
0.92730
0.92841
0.88472
0.98006
1.00529
1.01198
0.99187
0.88191
0.88069
0.86068
0.90134
4.18633
1.96567
0.97129
0.99104
0.88082
0.83967
0.83940
0.83959
0.89378
0.97954
0.97660
1.20187
4.39326
0.83754
0.85563
0.85374
0.86210
0.97917
0.97756
0.98363
0.93418
0.82464
0.82393
0.82670
0.82654
0.95610
0.97805
0.98296
0.97599
0.87708
0.66682
0.81651
0.81464
0.91916
0.94926
0.95249
0.95453
0.84073
0.81626
0.81847
0.81707
0.89767
0.95146
0.95233
2.21340
3.13114
0.81325
0.81116
0.81288
0.86176
0.93831
1.00673
1.07744
1.06945
0.93406
0.93294
0.93365
0.96766
1.07026
1.07155
1.07277
1.07353
1.07720
1.08376
1.08938
1.09735
1.10703
1.28696
1.34103
1.35424
1.39410
0.96266
1.57044
3.90035
1.38935
1.87511
1.90155
1.90120
2.03243
2.13934
2.39078
2.55457
2.60757
2.67681
2.74118
2.78717
2.52185
2.35454
2.42697
2.46400
4.11493
2.16427
2.29855
2.33056
2.39452
2.24406
2.24864
2.17082
3.28520
4.30952
2.09738
6.74314
2.62518
1.98092
1.98444
1.98818
1.85109
1.50447
1.03821
1.03627
1.10594
1.16557
1.16713
1.16804
1.12461
1.03508
1.03278
1.03704
1.03885
1.15699
1.16642
4.47762
1.33464
1.07873
1.03816
1.03935
1.03760
1.07885
1.16045
1.16402
2.20114
1.16019
1.03504
1.03210
1.03124
1.03897
1.13365
1.16483
1.16598
1.16216
1.10541
1.03326
1.03127
3.41151
1.99353
1.15749
1.15676
1.15636
1.16513
1.05681
1.03913
1.04009
1.04811
1.12775
1.18077
1.95243
1.73058
1.12761
1.03111
1.02915
1.02911
1.04477
1.16166
1.16640
1.17100
1.47273
1.90220
1.84290
1.84069
1.84047
1.88853
1.97307
1.97696
5.41270
1.96395
1.84757
1.84707
1.83535
1.83394
