10.58660
5.41230
5.63793
3.14537
3.84893
4.73235
3.33700
5.04718
4.66557
3.69653
4.70237
3.67518
4.07292
4.73043
3.24657
5.25508
4.79332
5.05828
5.24338
5.67967
5.56620
6.35185
4.03050
2.69323
2.67848
2.67432
3.49733
2.97233
3.25045
4.69448
5.39165
3.66092
4.50880
6.37232
4.06420
1.77262
5.06048
4.44932
1.77307
3.28125
5.56938
5.66435
29.24163
25.89660
6.01298
2.03683
2.34332
5.41162
2.91388
1.76635
2.62425
5.37200
4.42483
2.25400
2.26258
5.80072
4.97968
2.37505
3.83658
5.62900
4.21350
4.16540
5.26260
4.45860
2.98700
2.97605
2.35843
2.31283
5.67235
6.97962
2.08200
1.90088
1.26942
1.04470
1.00675
1.01115
1.02113
1.01983
1.12607
1.59390
1.68943
1.67340
1.26108
1.34953
1.37517
1.05667
1.87018
1.78305
1.55638
1.78170
1.66662
2.31053
2.43050
2.48817
8.14858
23.08925
9.39718
3.21087
3.23115
3.21303
3.50522
6.50165
4.06338
2.98545
2.96672
3.21657
3.62720
2.62867
2.56098
2.02207
2.11055
2.06552
10.02732
29.99913
15.60212
5.43727
2.36528
1.91167
2.15150
2.19440
1.87393
1.82695
1.73377
3.09508
7.27552
4.48333
3.29968
3.68200
3.18795
20.35290
26.29842
7.00645
2.77953
4.51603
4.68400
1.66427
2.06045
2.37080
2.89790
5.18948
6.88272
3.24068
2.84242
2.23950
3.37075
5.58443
3.21068
2.45908
4.00880
5.16527
2.82057
22.79878
21.47348
3.80992
2.59895
2.17503
3.61497
5.84432
2.48895
2.49172
3.66285
2.19437
2.27547
3.71253
25.27693
24.22912
24.26963
25.01147
31.08688
50.97697
31.92395
3.40838
2.94542
1.75318
3.85407
7.33810
3.11730
2.14420
2.07733
3.90697
3.12765
2.83362
3.99948
12.14422
24.56393
22.51570
24.63680
23.83553
26.58632
8.16132
2.73875
2.35253
3.94138
4.08838
5.82082
3.60068
3.39415
6.30277
2.70430
5.07673
5.65100
2.61812
6.28647
6.82007
2.47435
3.81107
6.29305
6.69112
24.17858
18.81452
4.41285
3.34787
3.44427
5.96788
5.58408
3.92910
6.76323
7.61175
2.22245
2.20770
4.87952
4.81543
1.49658
2.71952
4.96162
4.84302
1.34280
3.11658
5.51477
5.42340
1.37695
3.10553
4.97320
4.99782
1.57968
9.44185
32.23707
20.88912
1.58150
2.93787
5.51603
5.15167
2.02570
5.24735
5.15702
2.74227
5.47603
2.97333
3.93185
4.60795
1.27530
3.90503
5.06590
1.61102
3.17417
5.09145
1.62188
3.14070
5.18775
1.85175
2.85382
5.11172
4.71753
1.28612
1.22722
1.22702
1.23180
1.23668
1.23448
1.26400
1.92948
2.25472
2.24568
2.74898
4.56688
3.09893
10.70572
24.39267
13.00338
1.81928
1.83235
1.86912
2.37238
2.38425
2.39965
16.67687
30.22095
10.24417
