15.06734
15.48958
13.72931
13.91127
14.92244
15.81597
14.90029
14.65147
17.80977
22.47945
21.03575
21.17595
15.25557
12.82964
12.36684
13.02006
16.09073
17.65786
20.34465
21.84353
19.99446
19.42155
20.28570
20.69793
26.83121
28.71157
29.03118
27.55703
26.98560
27.54867
27.15873
28.26474
27.17375
27.61535
25.11631
26.70837
21.50013
26.45511
27.50980
27.67935
28.69604
27.88375
28.94609
29.59585
27.97475
28.03080
27.89628
21.73409
19.54725
18.92540
19.88786
20.42266
21.86015
21.75031
22.14405
22.45969
21.51137
21.94061
20.41082
18.08161
18.20227
18.02665
17.80939
17.08682
17.24346
18.31812
18.43350
16.12563
18.24792
18.38488
16.97642
16.17288
16.24308
17.06448
17.38021
16.12558
20.08831
24.21713
25.04122
24.47671
25.73172
25.61686
25.31022
24.44914
24.01919
15.39830
15.26603
15.98248
16.63639
16.49047
17.24423
17.00392
16.69687
17.66312
18.77199
22.82751
25.87429
26.94141
26.47630
26.45684
27.16356
28.38822
27.93441
27.41671
27.07965
27.69509
28.03202
26.78256
27.00227
27.64935
27.34049
23.99821
20.53392
23.54807
19.90971
21.75440
20.75120
20.22447
19.10374
22.21000
22.23183
20.73363
20.59779
19.48313
20.03078
19.64100
20.71652
21.83956
22.76334
21.95113
22.52212
21.96105
22.94089
21.97312
20.53636
20.65112
21.11721
20.45273
20.49157
21.31320
21.91696
22.31776
19.42371
20.43668
20.92124
21.50213
21.65810
21.02742
20.41959
19.86887
19.09151
20.37896
19.20146
20.04548
19.74959
29.11502
25.04717
26.38035
28.01345
30.12899
27.45339
27.52848
26.49165
26.52273
27.26027
28.82298
27.51260
27.78524
26.50627
27.30237
26.72495
22.43664
19.77109
20.60697
19.19338
19.83065
19.23873
18.91997
18.77086
18.97592
17.66668
18.01701
18.18682
19.21145
20.76488
20.17888
19.82114
19.61710
19.56843
19.43131
16.96064
13.42795
12.64838
12.49646
12.36087
13.07295
13.17544
12.59599
12.60645
12.00196
12.48973
12.45589
12.41429
12.62211
13.00838
12.23386
12.51582
12.50219
13.00378
13.99818
13.55203
13.01937
12.24004
13.00658
12.80340
12.76174
12.31229
12.62865
13.03016
13.39579
12.19941
13.84176
15.37337
14.36688
13.30614
12.86077
13.54929
12.58624
12.39244
11.76740
12.02547
13.44632
12.46890
12.86648
13.55025
16.16377
16.24533
15.82388
15.32996
15.93337
14.79700
14.30499
12.96561
13.52736
12.22227
12.17091
12.18811
13.22872
12.60866
11.86729
11.28336
11.63431
12.05939
12.07249
12.02938
11.79109
12.03113
11.85962
12.08839
12.26119
13.24731
13.18881
12.96239
12.91988
13.20379
14.02640
11.88462
12.13391
12.82246
13.02164
12.43576
13.68194
14.82849
15.15975
14.97566
15.79376
15.98098
15.66802
14.60385
15.03450
14.37255
14.56792
15.37038
16.04719
17.40022
18.08470
18.46439
17.17440
