0.30895
0.32854
0.39536
0.31574
0.30906
0.31171
0.38584
0.34724
0.30964
0.31076
0.35635
0.34528
0.27605
0.27598
0.28761
0.36032
0.28921
0.27488
0.27482
0.34023
0.31990
0.27716
0.27733
0.31102
0.35534
0.27635
0.27599
0.27797
0.36231
0.30316
0.27671
0.27611
0.32769
0.33619
0.27670
0.27699
0.29723
0.36215
0.28345
0.27856
0.27523
0.34778
0.31004
0.27308
0.27438
0.31484
0.34709
0.27523
0.27570
0.28149
0.36362
0.30015
0.27798
0.27949
0.33128
0.33864
0.28014
0.28113
0.29921
0.36956
0.29087
0.28357
0.28442
0.34885
0.33135
0.28658
0.28761
0.31152
0.37376
0.28715
0.28674
0.27789
0.35469
0.32872
0.28788
0.28331
0.31507
0.37079
0.28877
0.28835
0.28942
0.36009
0.32646
0.29125
0.29084
0.31688
0.37374
0.29181
0.29253
0.28766
0.35637
0.33562
0.28533
0.28521
0.30321
0.37548
0.29558
0.28884
0.28180
0.34846
0.33223
0.28312
0.28478
0.30076
0.36661
0.27881
0.28130
0.27970
0.34250
0.32324
0.28076
0.27893
0.29903
0.36617
0.27834
0.27814
0.27880
0.34211
0.32151
0.27927
0.27847
0.29994
0.36249
0.27796
0.27808
0.27825
0.34333
0.31911
0.27768
0.27792
0.29726
0.36701
0.27803
0.27820
0.27742
0.34164
0.32038
0.27649
0.27797
0.30003
0.36425
0.27681
0.27690
0.27682
0.34157
0.31974
0.27563
0.27532
0.29977
0.36068
0.27722
0.27751
0.27624
0.34385
0.31904
0.27752
0.27519
0.30102
0.35684
0.27525
0.27554
0.27516
0.34848
0.31201
0.27579
0.27490
0.30800
0.34866
0.27501
0.27534
0.27574
0.36559
0.30249
0.27695
0.28077
0.32760
0.33875
0.28087
0.28101
0.28905
0.56832
0.29378
0.27846
0.28051
0.33639
0.33008
0.28035
0.27978
0.29618
0.36504
0.30098
0.30979
0.31001
0.37412
0.35680
0.31057
0.31098
0.33521
0.39968
0.31154
0.31145
0.31256
0.39800
0.35074
0.31167
0.31239
0.34564
0.38889
0.31179
0.31254
0.31185
0.39676
0.33733
0.31385
0.31328
0.36022
0.37414
0.31336
0.31515
0.32917
0.40123
0.32656
0.31575
0.31528
0.37948
0.36560
0.32020
0.28290
0.30917
0.36666
0.28238
0.28233
0.28234
0.36081
0.31495
0.28203
0.28256
0.38162
1.10852
1.04382
0.62824
0.29327
0.36525
0.29114
0.28183
0.28118
0.34697
0.32435
0.28029
0.28017
0.31645
0.35461
0.27999
0.27966
0.28795
0.36443
0.29555
0.27834
0.27826
0.34388
0.32254
0.27954
0.27984
0.31605
0.35393
0.28024
0.28000
0.28838
0.36476
0.29639
0.28037
0.28045
0.34616
0.32291
0.27996
0.27947
0.31855
0.35064
0.27918
0.27808
0.29080
0.36484
0.29284
0.27858
0.27866
0.34928
0.31918
0.27823
