3.32306
4.00447
3.45971
3.65706
3.66760
3.89100
4.14116
3.52972
4.12810
3.51760
4.13234
3.76836
3.78024
3.93481
3.73384
3.95212
3.40901
3.96650
3.77086
4.15532
4.20266
3.71207
3.97518
3.76510
6.09575
4.65186
3.70978
4.17590
3.95426
3.73589
4.16973
5.49401
3.81905
4.14827
3.66344
3.92705
4.33663
3.44392
3.38408
3.39310
3.02640
3.49136
3.43493
3.29611
3.71912
3.34484
3.35730
3.58024
3.69252
4.13575
3.61181
3.20269
3.81881
3.40897
3.75059
3.51749
3.24042
3.67804
3.87637
7.62472
6.78217
6.17904
5.73905
6.03498
5.62808
6.17417
6.27141
5.57661
5.83090
6.25770
6.16091
6.44199
5.71053
5.90328
6.23280
6.45512
5.84729
5.22478
5.52665
5.56550
5.07303
6.63150
5.85736
6.37943
5.93178
5.60126
6.08426
5.64761
5.71537
5.99897
5.90447
6.39802
5.48230
5.86985
6.56537
8.03690
6.69344
5.49358
5.88949
5.91347
5.43665
5.87743
5.57637
5.95997
5.49679
5.30832
6.34643
4.99486
7.01797
5.12619
5.33250
5.55781
5.41638
6.90812
5.05470
5.41384
5.27379
5.08850
5.45584
5.27003
5.49301
4.75926
5.61518
5.09741
5.64610
4.88759
5.01479
4.89109
5.19637
8.20101
4.91573
5.77366
6.63843
5.28732
4.86481
5.38028
4.73941
5.21840
5.40971
7.25183
5.78286
4.42318
3.82421
4.11354
3.75402
3.91148
3.67501
4.00078
3.74116
3.94223
3.63774
3.87163
3.65325
4.53316
4.09128
4.23961
4.00294
4.06289
3.93548
4.00605
3.71311
3.73406
3.05561
3.58682
2.20441
2.06221
2.01757
2.18803
2.20149
2.53188
2.89627
2.98853
2.72342
2.86923
2.70566
2.92307
2.65484
2.98290
2.67374
3.04701
2.48438
3.05086
2.55010
3.09149
2.58480
3.33053
2.58534
3.17593
2.47789
3.16739
2.54829
3.16534
2.49196
3.06393
2.52776
2.87282
2.75579
2.63405
4.58262
3.04406
3.09328
2.67488
2.88124
3.04539
2.42930
3.14480
4.45613
2.72327
2.94583
2.61587
2.99459
2.99147
2.66473
2.88478
2.51170
2.73855
2.65966
2.76925
2.69411
2.75603
2.71090
2.80649
2.94846
3.03102
3.02094
2.93520
2.76268
2.69697
2.64031
2.63585
2.62945
2.68642
2.73138
2.83099
2.79466
2.86376
2.80312
3.01268
2.84922
3.13818
2.76933
3.16265
2.57796
3.13959
2.57207
3.23664
2.51311
3.17434
2.62634
3.12185
3.34755
4.27054
3.62315
4.23354
3.50287
4.31307
3.42905
4.06858
3.52465
3.92825
3.49794
3.77231
3.97792
4.18374
5.09587
4.82308
4.36891
3.49523
4.31657
3.77368
4.03347
3.64792
3.88978
3.51040
3.81191
3.48877
3.83687
3.66605
4.03801
3.67939
4.10986
4.24076
6.14850
4.06500
4.12333
3.50271
4.03444
3.71952
