4.07930
4.66205
4.35184
4.26804
5.48677
4.39656
4.31394
4.98867
4.95136
4.30295
4.79961
5.78315
5.35799
4.61242
4.72840
4.70298
4.30042
4.53319
5.21975
4.36757
4.21948
5.01211
4.30855
5.28977
4.61771
5.63483
5.70756
6.14882
6.46106
4.53597
4.81728
5.18033
4.94182
4.34247
4.35776
7.24216
4.23650
4.83470
4.47777
3.47303
2.66715
5.22734
2.84090
3.41765
3.93000
4.54535
6.31104
3.58796
3.59017
2.95429
6.07227
2.81137
3.80573
3.37509
5.23260
2.88013
4.95474
5.18328
4.68297
4.15797
2.58173
3.42413
4.24219
3.77202
2.94597
4.05020
4.70256
3.72185
4.34773
3.29071
6.44872
4.61995
3.61209
2.98869
4.05386
4.67408
3.33123
3.78370
3.24465
4.42366
3.53004
2.84134
3.14782
3.43078
3.99614
3.66037
3.26279
3.41737
4.98946
3.36813
3.11033
4.01520
3.58073
4.83727
3.83485
3.40737
3.16526
4.25418
6.38687
5.09670
4.51552
3.33095
2.67544
2.86308
3.24829
4.09963
3.49473
3.76192
5.50717
2.83407
3.20859
2.84077
2.62757
2.80549
3.71019
3.49564
5.61518
4.86853
4.30711
2.67924
2.98795
2.39081
2.58503
2.89142
3.51272
4.85464
3.25120
3.79079
4.86534
3.00672
2.66591
4.42791
4.82591
3.19056
2.89114
3.19605
2.61142
2.76322
2.37192
3.29293
2.43094
2.56173
3.09976
3.64198
2.83591
2.98198
2.97572
3.95391
3.08785
3.28919
3.54132
3.88043
3.49579
2.69626
2.11597
1.73043
2.02646
1.69613
2.60498
1.95759
2.34250
2.00264
1.92767
1.89059
2.25036
1.91491
2.02592
2.02108
2.07020
2.85579
2.12707
1.57977
1.71306
1.77440
1.83195
2.14009
1.91000
2.14797
2.04369
2.06387
2.24409
1.78660
1.80524
2.08082
1.84199
2.18961
2.21079
2.05977
3.02474
3.14377
3.06726
3.09149
3.42708
3.19240
3.14123
3.29619
3.29986
3.97030
3.51765
3.44301
3.84419
3.51570
3.38264
3.37727
3.38378
3.73482
4.08928
4.74668
3.20695
3.11224
3.13022
3.08938
2.96594
3.21947
3.31989
3.47572
3.44432
3.50948
3.75347
3.30918
3.31851
3.61116
3.88479
3.59068
3.28728
3.00667
3.01003
2.93735
2.94731
3.00845
3.32594
3.74846
3.99911
3.89397
3.50919
3.38836
3.73620
3.57795
3.38210
3.64343
4.40391
3.78769
3.46907
3.07782
3.04105
3.29515
2.88642
3.79980
3.16670
3.36212
3.51074
3.54589
3.21079
3.21861
4.18413
3.79876
3.43736
3.45901
3.56428
3.92214
3.40056
4.17083
3.10992
3.55385
3.70020
3.58097
3.08024
3.71306
4.21470
3.33989
3.30204
4.24328
3.87693
3.40940
3.87366
3.42682
4.85937
4.99907
4.07708
4.02400
4.89852
5.30616
3.49411
3.80580
3.67717
3.65784
4.09279
3.49981
