3.15652
2.62323
2.16313
1.96280
1.95405
1.95255
1.94353
1.94908
1.94703
2.08645
2.33198
2.46377
2.48463
2.37587
2.00965
2.14275
2.14880
1.81472
1.17113
0.97773
0.99817
1.02420
1.04230
0.91465
0.52782
0.47502
0.47507
0.47500
0.93378
1.06578
0.49523
0.49195
0.47590
0.99182
0.72412
0.47128
0.47062
2.46293
0.47567
0.47003
0.47028
0.67260
1.00505
1.06462
0.47820
0.47000
0.47013
0.47002
0.47165
0.47370
0.47333
0.56900
0.98557
0.72720
0.48187
1.51707
1.06033
0.85865
5.83070
6.40663
0.47235
0.47002
0.48492
0.98358
1.03367
0.61900
0.47593
0.47172
0.47400
0.47708
0.47447
0.94508
0.81833
0.47393
0.47355
0.47258
0.70775
1.01047
0.81705
0.47258
0.47150
0.47267
0.47330
0.47648
0.47387
0.58892
0.99193
0.83605
0.49005
0.48192
0.95163
0.76100
0.47357
0.47367
0.47340
0.47100
0.94258
1.04062
1.21020
1.57070
1.57367
1.23570
1.04380
1.04563
1.12010
1.59402
1.77450
1.50065
0.95132
1.08070
1.01187
0.72213
0.46998
0.47000
0.47000
0.47105
0.47342
0.47147
0.76975
1.03078
0.47002
0.47000
0.58583
1.00293
1.00215
1.03948
1.10227
1.04628
1.20447
2.68847
2.69620
1.81863
0.76688
1.08722
1.59627
1.20082
1.27767
1.31065
1.18445
1.05615
1.06277
1.04035
0.69717
3.12663
1.13988
0.80928
1.53827
0.81757
0.94672
0.47000
0.47027
0.47000
0.50458
0.47235
0.47058
0.47053
0.54922
1.18473
1.16362
0.79913
1.23838
8.49000
7.91393
1.56888
0.49595
0.49628
0.49577
0.49587
0.49657
0.49595
0.88297
1.04660
0.62983
0.51982
0.50217
0.92015
0.84585
0.47000
0.53768
0.47260
0.47533
0.47412
0.47033
0.50458
0.99882
1.02660
0.76387
0.47045
0.47025
0.47005
0.47105
0.47163
0.47138
0.47028
0.85883
1.01942
0.59817
0.49018
0.81600
0.95322
0.47018
0.47003
0.47112
0.47107
0.47210
0.47168
0.50443
0.99952
1.02727
0.76457
0.47150
0.47058
0.47030
0.47003
0.46997
0.47153
0.50458
0.98528
1.03152
0.65987
0.48822
0.47000
0.47003
0.47002
0.96302
0.79800
0.47002
0.47385
0.47367
0.67480
1.01355
0.96332
0.47067
0.47075
0.47057
0.47018
0.47008
0.47075
0.61762
1.07172
1.10400
0.72717
0.54283
0.54202
0.54627
0.54838
0.73488
6.57512
6.94210
6.87647
6.44242
6.49377
7.03048
6.78858
3.04410
0.86030
0.98112
1.09927
1.09850
1.23390
1.58877
5.85505
1.33342
1.13127
1.53910
1.74030
1.73855
1.73738
1.74470
2.13423
2.28918
2.25573
1.75052
1.73957
1.73890
1.73892
1.73710
1.73330
2.12127
2.28282
1.98460
1.76075
1.73825
2.23123
2.05928
1.73107
1.73203
1.73518
