0.67904
2.64817
5.42237
1.10460
0.84672
0.58932
0.68887
0.77916
0.76975
1.21660
2.49415
2.49898
2.64847
2.61613
1.63577
0.59096
0.62026
0.65713
0.75766
0.73152
1.26026
2.48493
2.48764
2.58020
2.64883
2.58189
1.18775
0.59124
0.60540
0.76930
0.80768
0.80009
0.52974
1.01601
2.40093
2.56224
2.55636
2.53843
6.28574
1.46197
0.49421
0.80538
0.83536
0.81858
0.80341
0.79975
0.81868
0.71123
0.73818
0.78664
2.39175
3.43452
3.01485
7.70296
3.70154
3.53633
3.58013
3.56996
3.06809
3.15470
3.19295
3.10240
2.48973
1.71560
0.48291
0.50357
0.64644
0.54382
0.52242
0.36616
0.34294
0.37668
0.52042
0.52020
0.45950
0.34136
0.35746
0.59226
0.64468
0.64705
0.50508
0.47368
0.51904
0.70415
0.72308
0.51474
0.36527
0.36778
0.48978
0.54663
2.23738
5.48106
0.36837
0.39358
0.65091
0.66676
0.67654
1.08050
1.52163
5.46603
7.83396
7.91964
7.64087
6.96912
1.54878
0.67333
3.23958
5.85632
5.78797
5.78605
5.91052
5.97636
6.13082
6.02425
5.94682
5.99895
6.12580
5.31082
0.85011
0.68733
0.48496
0.58343
0.61760
0.62940
1.55133
7.64988
7.69922
7.75687
6.97375
5.93857
5.79425
5.78484
6.13570
5.95948
7.86545
7.73520
8.59349
7.96140
7.06348
5.97602
5.91054
5.63904
5.62607
2.60672
0.60159
0.59077
0.42382
0.50054
0.52797
1.70469
2.49129
2.52304
2.51670
2.61494
2.76683
2.60909
5.18909
2.94269
0.53901
0.66128
0.69927
6.40255
1.06800
0.28742
0.39984
0.58828
1.70977
2.39821
2.33188
2.33615
2.52522
2.54368
2.39399
2.19019
2.18953
2.28224
2.36180
2.35739
2.21873
2.18199
2.20338
2.40464
2.48596
2.41978
2.73506
3.03822
3.15954
3.23400
3.24294
2.91657
2.59466
2.20754
2.78922
3.08503
2.98507
2.89820
2.90081
3.01393
3.08953
2.59015
2.26014
2.24058
1.94707
0.63854
0.66317
2.25963
2.13469
2.11797
2.19673
4.45684
2.43174
0.30600
0.31097
0.36084
1.55107
2.30380
2.26760
2.19136
1.11112
0.58698
0.63932
0.62873
0.49149
0.32764
0.70878
2.30913
2.30865
2.18070
2.07908
1.52241
0.46396
0.49140
0.47191
0.30952
0.31174
0.42645
0.66812
0.67472
0.57848
0.49872
0.49772
0.65234
0.69125
0.70792
0.54453
0.50166
0.43301
0.55848
0.55941
0.47514
0.37553
0.37594
0.57708
0.67235
0.67847
0.52316
0.49438
0.52263
0.67431
0.69084
0.69690
0.55291
0.43664
3.79297
3.73403
0.75281
0.64788
0.37637
0.37403
0.54628
0.68196
0.64803
0.63461
0.65309
0.63299
0.47545
0.40854
0.44618
1.11004
1.24439
0.76107
0.50160
0.58264
0.70292
0.69138
4.33263
5.81300
5.83390
