2.80420
1.69640
1.39115
1.39518
1.40452
2.70572
5.23975
3.51520
1.41750
1.43573
2.90222
15.47738
22.19027
22.90390
12.60407
1.21182
1.04815
5.45338
1.19473
1.52575
1.59743
2.87038
1.78017
3.61185
1.95823
3.97570
2.47687
2.91868
7.29122
3.41153
23.80073
23.74370
23.55972
23.10927
25.84688
21.27177
27.96975
30.58127
25.41282
23.38888
19.00728
1.93185
2.94758
3.78703
1.16730
5.35048
1.17815
1.28465
1.51120
1.35632
1.32343
2.90495
3.58952
1.91640
1.35527
1.03155
1.13762
1.07885
1.52467
1.22705
5.16748
1.42500
1.87443
17.09483
15.10265
2.96723
3.01142
4.41915
2.00238
3.25195
2.42778
3.70048
1.68170
1.16083
1.25713
3.32515
20.89503
7.53725
9.88550
13.29263
10.68583
11.57093
16.15598
12.36322
11.31468
9.94793
17.62240
21.74600
7.26850
4.68853
13.63018
26.28518
10.90087
5.35658
1.28040
1.45605
1.27325
1.76663
10.73397
21.86913
3.74847
1.45488
1.47053
1.39885
2.04615
7.08917
1.80205
1.60760
1.01280
1.48012
2.22353
0.93125
3.40053
1.01633
1.00498
13.97652
21.83200
12.42385
3.64953
0.94438
0.74938
0.72970
3.62710
13.18928
21.55402
6.77655
1.03113
2.96518
1.00195
1.04997
1.13483
20.55285
15.63138
3.67700
3.83667
2.93125
3.22975
9.93382
9.92097
9.90683
9.94847
13.90542
9.70698
12.04428
9.99992
9.76980
9.42923
9.35160
11.29250
9.49930
9.67310
14.71325
13.54442
9.70287
9.71815
9.77485
9.77502
19.05988
30.03622
13.34625
10.89312
2.81395
2.87950
4.92478
2.88888
2.88632
2.89230
3.45372
4.44335
4.56492
2.60208
2.59372
2.69707
2.94398
3.17767
3.18453
3.18523
6.00813
12.24347
2.58863
0.88925
0.65947
0.65888
0.65905
2.94278
0.96627
1.10347
1.09447
1.20193
1.10673
3.01925
1.02205
0.93515
2.05757
4.17215
0.65350
0.85793
0.97147
2.26290
0.96835
0.96990
2.94152
1.06185
1.03283
1.05263
0.75758
3.04375
0.65013
0.71067
0.97170
0.97633
0.97788
2.24497
1.76908
9.51980
22.24043
25.35987
32.54913
33.23603
38.13642
44.37858
47.18328
47.39570
47.76607
48.77290
47.14827
47.38112
47.44128
49.57078
47.53547
47.58158
47.40812
47.13083
47.13123
47.06590
49.18448
47.38138
58.87915
62.64953
45.19847
1.09060
1.12032
1.15088
1.18635
1.27262
1.19702
2.67462
1.15317
0.98295
8.88238
3.28082
3.00643
2.74528
2.69860
2.69927
4.70198
2.70255
2.70158
2.72977
2.76920
2.76977
2.45023
2.37328
2.36702
2.62062
2.69952
4.48695
3.20043
9.88115
2.69707
2.69540
2.69698
2.71287
2.71963
2.72983
2.75893
2.83558
4.26140
3.39177
2.61537
2.62402
2.82087
2.88827
3.07398
4.06407
15.82823
32.23100
24.39893
