1.79322
2.03227
13.07728
24.06752
24.15410
24.56630
24.68757
6.18238
2.80303
3.32530
3.57943
3.48985
3.21808
3.37147
3.45218
3.55162
3.45918
3.70273
3.26713
3.16042
2.53575
2.90585
2.06530
1.92538
1.92670
1.49128
1.32582
15.60272
3.37848
1.91753
1.56038
1.31767
1.74853
1.87152
1.91555
1.40898
1.75600
1.93050
1.90958
1.91920
1.57525
1.32758
1.79203
1.80857
1.89637
1.90295
1.87785
2.40783
2.37210
2.53352
2.50660
2.60267
2.41657
2.08245
2.55350
2.40435
2.41693
2.37402
1.83485
2.08642
2.31587
2.38623
2.45167
7.43650
5.98315
1.91028
3.92492
2.90305
2.27860
2.29690
1.86595
7.60208
5.76827
2.27495
2.29110
2.13910
1.70922
2.06000
2.90975
10.91560
4.75738
16.72973
1.85380
1.95558
2.29108
2.28570
2.53393
2.70722
2.01358
1.12965
1.12972
1.57932
1.70892
1.73550
3.71912
8.28935
1.35617
1.64978
1.72967
1.73827
1.20132
1.12657
1.52775
1.67880
1.74310
1.74458
1.75265
1.75905
1.75287
1.13362
1.45348
1.55722
1.13607
1.20875
1.67267
1.75712
1.79845
1.81225
1.81348
1.49023
1.11807
1.98673
4.32872
3.62940
2.84592
2.11247
13.51758
6.26750
1.71863
2.09617
2.68643
1.59868
1.14088
1.08260
1.47782
1.52887
1.59997
1.59417
1.47925
1.00932
1.35427
1.48430
1.51193
1.60140
1.56413
1.03010
1.23432
1.72067
1.53385
2.47788
1.59933
1.68365
2.99623
2.44368
2.60597
2.61850
2.65057
2.75522
5.29887
18.33515
1.36982
1.66962
1.17850
1.48317
1.49557
2.06228
1.59888
1.61570
1.12240
1.03432
1.58565
5.00508
23.75155
24.75523
23.99970
15.53933
1.62278
1.80490
2.36288
2.29633
2.71500
2.76522
2.80558
2.89290
2.66895
2.31383
3.00452
2.97243
2.90373
2.90832
2.71068
22.22007
2.88107
1.34252
1.95427
2.14535
2.24117
2.30093
2.30900
1.94667
1.72368
1.72978
2.04103
2.19680
2.20253
2.71360
2.32982
2.34210
2.31648
1.74655
1.74668
1.75422
1.78167
2.04997
1.75692
1.89020
1.53885
1.16992
1.16570
1.16787
1.31140
1.65873
1.75840
1.44678
17.16703
1.52900
1.70417
1.98898
1.99927
1.77255
1.78047
1.75895
1.65785
1.15195
1.27303
1.90165
1.90425
1.74352
1.70002
1.76670
1.77563
1.16313
1.16478
1.16682
1.16587
1.62087
1.70825
1.77200
1.70780
1.16157
1.16237
1.16322
1.19630
1.65538
1.72992
1.78273
1.66725
1.17360
1.17138
1.16930
1.30057
7.97157
10.47452
1.76825
1.42913
1.16097
1.16443
1.32345
1.65695
2.19177
1.76537
1.77110
1.21493
1.16302
1.16197
1.16695
1.51757
1.68798
1.23883
1.16498
1.49655
1.71408
1.76745
1.27087
1.16737
1.48432
1.71585
1.76323
