2.56817
2.63155
2.87060
2.90750
11.15920
10.89620
11.27910
10.95472
10.11758
10.02057
9.78590
5.35757
3.09325
3.85777
3.47798
3.87808
3.18933
2.62180
2.63012
2.94068
2.83593
3.86020
3.49470
3.88455
3.45967
3.89158
3.40768
5.52480
10.27457
10.88212
11.33192
11.58035
10.90433
10.40522
5.20787
2.58233
2.57942
2.61950
3.02453
3.75163
3.72035
3.63125
2.91243
2.63758
2.78208
2.76373
2.60560
22.13575
15.45977
3.82123
6.09418
9.52037
9.13945
8.42495
8.64698
9.15718
9.32458
7.14207
1.56335
0.88537
0.87170
0.87053
0.87108
1.15082
2.08680
1.88907
1.98920
1.28175
0.87125
0.87428
1.15313
0.87007
1.66780
2.03558
2.00248
7.63582
8.36252
8.35373
8.34743
8.33825
8.99135
8.68773
3.42365
1.63513
0.87085
1.16595
0.87027
0.87045
1.13440
2.08905
1.75807
2.11615
1.41475
0.87003
0.87030
1.16560
0.87000
1.46913
2.09038
1.76943
2.11872
1.00757
5.24185
8.41165
8.41490
8.87358
9.11800
8.84822
1.93968
0.99625
1.15613
0.87000
0.87025
0.87013
2.07923
1.74215
2.10598
1.61628
0.87330
0.87448
1.03240
1.02213
1.28835
2.09390
1.75915
20.82278
8.59105
0.87213
0.87147
0.87075
6.91347
9.43557
9.62868
9.28693
8.50620
7.86433
2.55060
0.87007
0.88748
2.05997
1.76135
2.10407
1.47843
0.86980
0.86898
0.86888
1.03842
1.72917
2.09407
1.76923
1.23440
1.15013
0.86885
0.86763
0.87078
1.78122
1.87028
2.11465
7.35763
8.35020
8.34437
8.33172
8.49598
9.04250
9.35657
7.28755
1.34795
1.17043
0.87477
0.87437
0.87465
1.50717
1.97650
2.07412
1.71010
2.19595
8.30868
8.29787
8.33607
12.83988
30.79572
14.10338
8.58113
8.32415
9.04368
9.83732
9.87317
10.95125
10.59365
10.84532
8.72072
8.14457
8.13632
8.00342
6.43033
2.07062
1.77315
2.08040
0.97332
0.86537
7.90473
8.14207
8.95433
8.96503
9.04138
4.95495
0.97860
22.65668
23.66020
24.45067
24.62557
25.06215
24.44267
5.13298
1.86645
1.86910
2.44082
2.73910
3.10183
3.66723
9.15540
9.15265
9.44645
9.28323
10.06530
8.07997
3.11128
1.99392
1.86902
1.87348
1.87435
2.46930
2.90422
3.08377
2.76745
2.14277
1.87615
2.16545
1.97562
2.97013
2.81943
3.09523
3.96318
10.42227
10.08933
10.39370
9.95272
9.26747
2.67680
1.88390
1.88357
1.87862
4.10492
4.23060
4.33778
3.53840
2.80368
2.32025
2.30830
2.30800
2.61702
3.02607
3.54233
3.22787
3.02208
2.34828
2.34255
2.37035
2.36865
2.70393
2.80553
1.97237
1.96667
0.91612
0.87010
0.87003
0.87277
1.47108
1.81028
2.05622
20.78425
14.08448
1.16327
0.87585
0.87440
1.18002
2.09125
1.76212
