0.21273
0.26743
0.26890
0.17168
0.10126
0.13214
0.28534
0.28732
0.27087
0.27445
0.29788
0.77628
0.96004
0.65913
0.14715
0.59271
0.56361
0.39401
0.24255
0.19387
0.15824
0.33304
0.45268
0.43645
0.26860
0.29267
0.38818
0.42946
0.42632
0.28333
0.18837
0.13708
0.35300
0.37260
0.27175
0.24315
0.18739
0.31392
0.33933
0.16291
0.14771
0.10013
0.29855
0.27170
0.12457
0.11496
0.19379
0.26593
0.26883
0.15312
0.13452
0.09900
0.26051
0.33190
0.19227
0.10711
0.10665
0.21155
0.26301
0.27809
0.15137
0.10652
0.19474
0.37698
0.30094
0.18268
0.24080
0.31881
0.38427
0.38526
0.26992
0.31436
0.27129
0.44281
0.39598
0.25722
0.27170
0.25549
0.46958
0.46451
0.41970
0.25148
0.27125
0.70928
0.26107
0.21779
0.14362
0.14902
0.08779
0.23304
0.25784
0.13112
0.08780
0.15929
0.22651
0.41324
0.39521
0.25362
0.24061
0.24102
0.43317
0.44657
0.30360
0.25155
0.24307
0.27526
0.41340
0.46303
0.27859
0.23802
0.24201
0.22701
0.25362
0.14733
0.18077
0.10728
0.13810
0.25465
0.24986
0.08866
0.11710
0.17361
0.24568
0.25478
0.11637
0.17744
0.38487
0.54576
0.54292
0.20797
0.15942
0.18009
0.18808
0.36685
0.31144
0.13091
0.16893
0.13051
0.26603
0.30074
0.27346
0.15407
0.12611
0.21694
0.32215
0.23658
0.15953
0.20914
0.15510
0.30098
0.29545
0.14064
0.15060
0.18702
0.29244
0.30462
0.20565
0.12210
0.13702
0.23061
0.36547
0.24716
0.10856
0.18336
0.83893
0.98555
0.67252
0.19284
0.10806
0.10241
0.31601
0.50672
0.30614
0.25341
0.28072
0.41343
0.44004
0.36275
0.30525
0.29397
0.40698
0.41303
0.48306
0.42456
0.40254
0.41160
0.54420
0.56678
0.46924
0.35146
0.57493
0.69775
0.66182
0.61220
0.57637
0.59745
0.60316
0.50886
0.31320
0.41228
0.45042
0.38311
0.26981
0.20350
0.11726
0.14025
0.35438
0.33868
0.11625
0.14207
0.12222
0.18346
0.28906
0.31494
0.15159
0.12114
0.14058
0.23141
0.27808
0.24088
0.18599
0.11827
0.14113
0.28108
0.28290
0.14631
0.16258
0.16252
0.17070
0.30387
0.23452
0.11009
0.11706
0.18340
0.25575
0.26823
0.19768
0.11296
0.10319
0.15909
0.36323
0.26902
0.10310
0.10320
0.13453
0.21112
0.31808
0.23369
0.13396
0.10313
0.12835
0.27152
0.31106
0.17747
0.11498
0.11325
0.23534
0.26772
0.19889
0.17089
0.15279
0.14034
0.28930
0.27226
0.11128
0.11543
0.18467
0.25348
0.26675
0.20220
0.12282
0.10984
0.20164
0.32166
0.30428
0.10587
0.10405
0.10444
0.28435
0.34548
0.22312
0.10526
0.10532
0.21394
0.27828
0.30504
0.46904
0.87858
