8.58667
8.58408
8.56755
8.57253
8.58128
16.39410
29.13857
29.40900
31.05003
38.27825
33.96147
29.00237
20.79168
12.13630
8.54392
12.02160
9.85003
10.64165
14.21207
30.28263
30.77158
37.05863
19.42373
19.28427
30.98588
34.20857
30.68557
14.81615
15.41658
15.49555
15.12205
9.82298
10.54352
11.77598
11.79930
10.31278
10.76133
18.77747
32.82315
33.06837
33.31295
32.12222
27.08292
30.68030
35.21937
41.40992
25.56597
24.52310
24.44783
3.63452
3.01302
3.03687
3.29382
23.53667
23.32767
23.39282
7.18097
2.66282
2.74458
2.64485
2.65192
2.66418
2.67635
2.00010
1.73497
1.73225
1.75735
1.75453
2.34960
2.62660
2.62405
2.60033
2.61168
2.61380
2.62638
2.64538
2.35815
1.71313
1.73260
1.97980
3.03710
3.21543
26.77643
20.48828
27.93457
23.88150
24.91968
28.05183
28.10928
28.12217
34.47168
33.32290
22.48925
12.75527
2.64628
3.46812
3.47722
3.48118
3.48167
3.49483
3.50187
3.52535
3.36343
2.58393
2.58727
2.56695
2.56605
2.57513
3.44450
3.45180
3.46442
3.47062
3.47535
3.49477
3.52475
3.13678
2.60547
2.59887
2.61967
2.62077
2.85277
3.50522
3.50898
3.53748
3.54367
3.55420
3.59252
3.59863
3.47682
23.92917
26.17815
28.56873
28.61645
29.23918
27.46615
27.84673
29.69948
30.76032
32.08050
32.14327
35.30680
36.84733
36.31465
34.80713
28.11180
29.47763
31.55732
36.01878
30.70612
34.39023
31.57293
28.61145
26.63823
25.87980
31.30925
29.22680
30.52080
27.28230
27.38398
25.96088
28.20700
30.12745
28.42892
28.06023
24.75153
30.13378
33.77788
17.94330
6.63803
6.09255
7.93053
6.84810
6.39083
5.09093
5.46125
6.13213
5.99337
6.29202
5.28420
5.78852
7.11608
7.12952
7.48020
6.35567
6.31013
4.74080
5.67428
7.60447
6.21300
5.91473
6.07002
3.71262
9.31378
7.21568
5.77872
5.71165
8.89058
29.75363
27.60167
6.65512
9.74932
2.89788
9.14175
6.54812
6.58737
6.41645
4.88985
7.15348
8.72225
6.63330
2.60003
7.65700
5.59933
7.36128
5.44527
3.20288
9.78227
7.11303
5.44667
9.16030
7.04507
6.70873
4.54455
5.98913
6.05892
6.30160
5.60035
6.76813
7.07527
6.73332
5.99695
4.83415
8.45667
7.32278
6.29765
3.12360
8.67650
6.15922
5.90845
5.38817
4.13343
9.30082
5.94808
6.13460
7.37553
6.26578
7.78802
25.51418
26.96320
7.55870
7.50757
5.58988
3.02835
10.30040
4.40162
7.90170
7.30662
6.49027
5.70742
8.62525
4.69375
5.75670
6.13077
6.06643
6.34685
6.68482
5.89902
5.61237
7.70972
7.47198
7.41463
6.35017
5.54028
6.32603
6.16055
6.77988
6.46670
10.49728
27.97610
28.68018
30.39210
30.48587
31.66977
31.23572
29.15973
35.67645
35.73207
34.89887
