3.46530
3.63652
3.82187
3.70292
3.39242
3.35267
3.38848
3.36525
3.39688
3.36538
3.61438
4.35830
6.85038
7.22582
5.43270
3.64217
2.23417
2.53615
2.57468
2.32522
2.40038
2.63482
3.39400
2.82020
2.82307
2.78272
2.32007
2.18520
2.15858
2.13667
2.16610
2.16230
2.15702
2.55112
3.27008
3.31860
3.36283
2.96045
2.23283
2.91742
2.40950
2.43657
2.44227
2.45182
3.00855
3.06263
3.21898
9.42585
11.01000
1.50073
1.44693
1.45357
1.46057
1.46258
1.45967
2.26903
4.97587
4.75805
2.04477
1.56932
1.45750
1.46937
1.45388
1.45310
1.45517
1.53857
2.03925
2.05552
2.07900
2.06080
1.70040
1.46525
1.46578
1.46658
1.46847
3.57127
4.57022
2.71113
2.06103
2.07448
2.07382
1.71082
1.47952
1.49082
1.49713
1.49000
1.48827
1.70402
2.08853
2.09908
2.12168
2.15138
1.65068
1.53357
1.54748
3.32017
4.66167
3.04527
2.18637
2.18678
2.20530
2.22703
2.21593
1.84720
1.67123
1.69632
1.70898
2.06445
2.40747
2.54682
2.54710
3.00860
2.57853
2.35190
3.75695
1.54972
2.22240
2.77322
2.77868
2.77415
2.80157
2.78077
2.37353
2.18823
2.22292
2.18742
3.22857
3.20033
3.35228
3.23350
5.21362
5.27597
1.59593
1.36017
1.54522
1.94868
1.96177
1.97858
1.75590
1.37403
1.36203
1.35568
1.35853
1.35765
1.36215
2.35867
4.93473
4.43425
1.97045
1.95677
1.36452
1.36735
1.35758
1.35248
1.37360
1.36003
1.78937
1.95267
3.54170
4.98558
3.17040
1.36088
1.37603
1.37020
1.35863
1.35100
1.67732
1.95048
1.97335
2.02757
3.80758
5.02927
3.35640
2.11818
2.11578
2.14828
2.69207
2.74565
2.80723
2.81927
2.29722
3.57208
4.01225
4.64973
4.67988
2.54037
2.39067
3.13555
3.06115
2.21890
2.36590
4.87843
5.03067
3.32342
1.81402
2.54850
2.55357
2.52227
5.28048
7.91850
6.73700
2.79873
1.35927
1.47567
1.89070
1.91060
1.90228
1.56082
1.30583
1.52665
4.22028
4.41918
1.68985
1.30520
1.82498
1.90107
1.91410
1.91512
1.30230
1.31553
3.07602
4.38718
3.00495
1.30785
1.73002
1.89952
1.92545
1.90200
1.45837
1.33795
3.36300
4.41518
2.34690
1.52517
1.91135
1.92363
1.93680
1.95720
1.45533
2.39305
4.38280
3.47308
1.31923
1.77707
1.91442
1.93567
2.40298
2.69492
4.61495
1.69520
1.33348
1.32970
1.34673
1.57768
1.94428
1.94242
2.02785
3.50572
5.71582
4.75570
2.07190
2.09097
2.73965
2.06827
2.29052
2.52960
2.54987
2.53970
2.02628
1.95197
3.60960
5.04063
3.69112
1.97190
2.33678
2.55960
2.57493
2.60820
2.30053
1.96863
1.97202
1.96867
1.96052
1.96673
1.98283
2.55997
2.55868
2.70032
