35.00353
35.01137
35.00570
34.94998
34.94683
34.93428
34.79373
34.63903
34.61130
34.57710
34.60018
34.52780
34.53232
34.52118
34.69495
34.73700
34.71340
34.69572
34.75952
34.77617
34.75117
34.60253
34.45313
34.47047
34.47467
34.34128
34.17172
34.41057
34.43667
34.59938
34.89543
34.78260
34.62852
34.60437
34.75567
34.74735
34.65392
34.50255
34.46988
34.44888
34.49957
34.74408
34.91132
36.70205
44.23703
47.50007
44.08410
47.35642
43.00737
42.25405
41.11870
40.86265
41.39838
36.10307
28.14623
28.21312
28.21587
28.20943
28.13600
28.32515
28.42087
28.51450
28.06502
27.04213
27.04160
27.01898
27.04523
27.07260
27.05375
27.02263
27.01567
26.99375
27.55950
27.73040
28.05233
28.08268
28.13543
28.52202
28.56950
28.50860
28.65910
28.64218
28.46750
28.39120
28.43955
28.48670
28.46545
28.47863
28.54270
28.71043
28.95193
28.80343
28.53755
28.59390
28.63112
28.70587
28.74158
28.85907
28.55398
28.53082
28.56950
28.60975
28.86282
28.87977
28.68735
28.78890
28.90615
28.95438
28.96122
28.88343
28.86415
28.87813
28.87853
28.71478
28.85113
28.88220
28.71277
28.60647
28.58763
28.56673
28.59015
28.79915
28.77082
28.86948
28.90265
28.89440
28.84910
28.81378
28.84000
28.83445
28.83835
28.76087
28.83920
28.84980
28.67152
28.64447
28.68238
28.55922
28.77035
28.83363
28.85160
28.86198
28.88422
28.62775
28.14037
28.14423
28.10697
28.46370
28.84468
28.75993
28.71028
28.97508
28.98367
28.98328
29.20048
29.46505
29.50515
29.36595
29.05658
29.19675
29.39542
29.37578
29.37180
29.06522
28.99415
28.88883
28.80720
28.83698
28.86338
28.94015
29.12442
29.42713
29.41588
29.45037
29.33093
29.39850
29.81300
29.86538
29.51587
29.45048
29.31317
29.06763
28.59785
28.73790
28.81038
29.12692
29.28123
29.22957
29.34208
29.24188
29.07917
28.40188
27.78525
27.05038
26.95217
26.96563
26.95145
26.83450
26.70060
26.96370
27.08225
27.28405
27.51543
27.57767
24.09057
18.69132
18.38813
18.70317
32.75537
32.72958
32.74367
32.74423
32.74488
32.86670
32.99585
32.98073
33.01313
33.01975
33.03507
33.07250
32.92482
33.06808
32.89470
32.78815
32.83975
32.85358
32.85245
32.85790
33.04410
33.08848
33.10530
33.12103
33.13735
33.11008
32.89650
32.83113
32.86360
32.88130
32.89798
32.86585
32.91442
32.89592
33.03048
33.15172
33.15457
33.16448
33.15848
33.11137
32.99553
32.89868
32.98448
32.97173
32.93858
32.91015
32.94150
32.93172
33.09017
33.20820
33.19098
33.17412
33.19097
33.18950
33.11647
32.92253
33.12930
33.06073
32.88990
32.94732
32.91565
32.92052
33.00932
33.13782
33.13077
33.13173
33.10505
33.14397
33.13147
32.86780
32.91112
32.70485
32.67097
32.70107
33.83600
33.93507
34.02662
34.15630
34.16118
34.15845
