4.96865
7.94483
8.10038
6.58655
8.10670
8.30013
6.99982
4.66718
3.80605
5.28447
3.51560
6.26635
6.10847
13.02663
9.88327
8.07105
7.86062
7.22610
6.41185
8.17098
12.47928
12.40120
13.92133
9.16372
7.40795
8.23810
7.93835
5.70230
5.86970
7.32580
6.24537
7.53320
6.50027
7.51277
7.53688
7.01813
6.67533
7.49420
11.74222
7.00015
7.39193
7.73427
7.65355
14.09807
14.57625
11.79358
9.83407
9.88373
8.35973
7.51580
9.64950
8.70077
10.86670
9.48522
10.27632
11.11387
13.07513
13.56077
13.54975
6.63793
7.95207
7.33218
8.87643
7.65292
6.93062
8.14168
8.33170
9.54355
8.67862
13.63492
11.38617
9.32672
7.93450
9.13738
8.68110
9.87592
12.89283
14.26127
11.19505
9.08643
10.48387
10.99247
13.60307
15.24552
11.25215
9.35522
8.89962
10.64925
12.90360
9.51737
6.91822
5.86968
5.93413
8.18550
11.00220
11.63063
10.42375
8.31357
7.97768
7.11783
8.49245
8.94527
8.15898
6.26097
7.26887
8.64465
10.80818
11.80623
12.25497
8.58130
4.35533
5.09193
5.06227
5.12752
6.60810
9.27568
7.08237
5.91082
4.34967
4.59070
4.67463
6.81608
3.95552
5.04612
5.64857
6.31062
7.04397
18.34640
29.11602
10.44888
8.06313
2.82560
2.89155
1.93072
1.54635
1.64332
2.57270
1.92963
1.43893
3.82187
23.94897
14.48337
2.26967
2.25105
2.83390
2.45445
1.84587
2.23320
3.25047
1.90910
1.54870
2.03915
2.87877
19.21123
17.73135
1.43555
2.49655
1.81142
1.19168
1.74367
2.92028
2.18407
1.19108
1.39168
2.30763
2.04135
1.19347
2.28373
23.98403
15.62153
1.43545
1.36460
2.11700
2.04862
1.38960
1.36112
2.08412
2.52953
2.01863
1.46472
1.96980
2.05503
1.59128
1.35323
8.46310
23.61877
10.36625
1.87293
2.05933
1.89550
1.75733
1.33750
1.96662
1.77327
1.84803
1.94373
2.50325
1.64732
1.72968
1.61083
1.96588
1.57057
1.67752
1.98673
15.78703
23.35483
5.47168
1.88150
1.97857
1.59827
1.43210
1.86232
2.49332
2.10518
1.60302
1.86478
2.26852
1.59438
1.21252
1.78302
2.39472
2.02137
1.73268
1.92423
2.60492
1.67725
1.27555
1.65802
2.93022
24.09560
24.93762
13.59995
8.27075
5.40233
4.23577
4.07418
5.22670
6.90545
6.84857
9.65902
4.28997
3.96112
3.88498
3.97290
4.64565
4.30478
4.22150
4.23767
4.91592
4.45363
3.75108
3.77670
3.26315
2.17695
1.95533
2.34993
3.14618
2.70508
1.93160
2.23345
3.06247
2.75790
2.57092
3.45482
4.20302
4.46165
4.24623
4.19572
5.16197
6.55123
5.38823
5.45433
8.91635
8.87605
6.49523
4.35920
6.67875
5.96222
5.44887
6.01885
12.05082
12.15430
10.57755
4.01135
4.11738
4.18127
3.24235
2.58227
