2.58036
5.31616
5.53939
2.77575
3.52692
3.99513
3.95483
3.87053
3.80192
4.05086
4.02526
2.61006
2.35648
2.34267
2.73617
2.81838
3.27177
3.48402
3.63510
3.86695
3.82044
3.02916
2.91268
3.23973
4.04862
4.21597
3.91031
3.90117
4.57042
4.81180
4.61304
7.23352
7.83248
4.27992
3.71384
3.83067
4.62899
4.50369
4.18891
3.38984
2.59603
2.21665
3.12314
2.72475
3.18784
3.51182
3.00517
2.61308
2.41660
3.25173
4.03014
3.44831
2.95115
2.33164
2.43061
2.36003
2.14204
1.96360
1.97876
1.77730
1.88881
1.88244
1.65739
1.72378
1.63386
1.68675
1.76777
1.40398
1.31628
1.26744
1.28044
1.44692
1.42979
1.46566
1.51910
1.63456
1.73872
1.58748
1.44743
1.62187
1.80633
1.69113
1.64832
1.46678
1.64565
1.77430
1.83553
1.91633
1.71981
1.67817
1.85711
1.90946
4.39362
4.25784
1.50803
1.71891
1.70361
1.96176
1.74565
2.02397
2.12593
2.22396
2.34133
2.13762
1.96476
2.10129
2.18766
5.71828
5.78997
2.90155
2.42529
2.23038
2.14776
2.00095
1.90613
1.98633
2.18134
2.16885
2.28281
2.76912
7.41945
7.46101
7.75422
4.18106
0.02942
0.02942
0.02942
0.02942
0.02942
0.02942
0.02942
0.02942
0.02942
0.02942
0.02942
0.02942
0.02942
0.02942
0.02942
0.02942
0.02942
1.56473
3.59998
3.75104
3.40470
6.05595
6.97005
6.17845
3.48797
3.12758
3.36829
3.44948
3.12653
3.13900
5.76990
6.49259
7.21139
6.46231
5.76065
3.00449
3.35257
3.12511
3.71444
3.10036
2.95313
2.77517
2.78166
3.10152
2.80255
3.85802
4.09705
3.53835
3.26657
3.11404
3.15862
3.15729
2.97010
2.86276
3.10676
3.12786
3.14295
3.31935
3.15745
2.93907
2.78969
2.85321
2.54510
2.66046
3.06667
2.76037
2.74039
2.81614
2.93792
2.75443
2.79112
2.92704
2.75523
2.62797
2.72133
2.88344
2.74452
2.91868
3.11545
3.02243
2.87507
2.81262
2.94197
2.87831
2.71229
2.64614
2.79872
2.69014
2.60381
2.62066
2.68404
3.00411
2.87550
2.96894
2.80192
3.01483
2.90760
2.71481
2.69676
2.86778
2.80175
2.63249
2.81970
2.86708
2.88236
3.10119
2.63297
1.65140
1.48508
1.44932
1.50352
1.32028
1.35856
1.72620
2.13955
1.70307
1.70658
1.68810
1.56796
1.81794
1.78664
1.35251
1.54968
1.59716
1.87922
1.48504
1.46848
1.53161
1.64359
1.71985
1.60268
1.60129
1.59340
1.64925
1.66422
1.62842
1.59498
1.66626
1.59768
1.61871
1.62764
1.71230
1.69146
1.83074
2.06082
1.90665
2.00287
1.76247
1.81742
1.96967
2.43223
1.83010
1.91487
2.03437
2.21070
2.61400
2.62806
2.39339
2.18793
2.26470
2.32987
2.50756
2.48333
2.67164
