14.91808
19.91495
16.18500
24.05978
43.01320
40.13227
45.03958
40.79230
49.24080
43.35177
35.44302
34.88727
34.53317
11.96922
11.28577
16.55373
20.19448
22.96667
24.15430
35.62752
31.59747
36.07648
40.20757
40.38263
20.52380
11.64138
13.75807
17.13177
28.56095
40.73130
31.40807
36.47765
32.08643
36.42577
37.32385
36.53395
27.60727
12.25668
12.96488
12.30700
12.89513
14.03898
12.55605
14.05462
12.33893
11.02257
11.37582
11.86255
10.66350
10.23098
10.74903
10.97857
13.72810
12.11410
11.43718
11.61477
12.62950
11.50753
12.12403
11.99480
12.72247
14.60750
15.35297
10.84213
11.66668
11.19200
10.68063
10.71195
10.73120
10.65588
11.27240
11.58980
10.43640
10.38132
10.42347
10.42442
11.09738
10.71873
11.26418
11.57732
21.49617
23.26957
26.98563
26.73260
31.24947
38.94628
38.21260
15.28545
12.15907
14.91307
13.40863
12.01720
13.33588
13.50642
14.18995
16.90085
20.13997
22.37605
23.62178
29.03342
29.38590
35.53473
41.92108
37.17097
11.36377
28.15875
28.09437
12.81042
26.18547
36.03083
32.97632
34.94817
32.15080
13.31120
21.83635
33.83778
25.30030
12.15937
11.57975
11.51630
12.81510
12.18430
3.64120
17.32558
18.14247
4.58047
4.11475
6.59353
9.56173
9.48280
25.32552
8.19885
2.96597
5.11577
24.27022
6.74892
2.69847
3.37570
3.11675
2.24630
15.91703
17.87462
2.78445
3.14642
3.25313
3.50548
17.72115
14.64067
1.83723
1.87572
1.87473
2.05127
2.69087
9.49830
21.88682
2.29478
1.87090
1.84663
2.03545
2.71678
1.85657
21.45323
10.77105
2.30915
2.30295
1.98463
2.74527
1.85280
13.01450
18.71587
1.89205
1.89968
2.47448
3.04407
1.89097
2.77645
23.85487
7.22068
1.90752
2.21640
2.54293
2.33597
2.21448
17.62750
12.82597
1.90465
2.43887
2.30470
1.89383
1.88772
8.67233
23.99547
2.03105
2.74850
2.02147
1.88407
1.94243
1.90390
17.21822
16.47637
2.83182
1.88383
1.93017
1.89027
1.92422
3.49297
24.71910
7.82225
2.33722
2.24300
1.90243
1.95285
2.44715
16.42215
16.05990
1.96210
1.94102
2.49065
2.26803
2.72883
8.94818
23.37667
1.99483
2.00880
2.09523
2.95718
2.77520
4.32508
25.92737
7.42840
2.44460
2.70852
2.43968
2.08967
4.42112
24.21533
6.49042
2.53020
3.21767
2.25768
2.14503
14.08110
19.47227
3.25030
5.23560
4.19017
4.00432
4.11995
17.93752
18.57083
5.15430
4.52150
4.31355
4.28732
4.30337
14.53577
23.77320
5.49848
5.46755
3.91423
3.60832
3.58133
22.55513
16.09172
7.95663
15.02373
12.59507
12.17928
12.53897
32.79763
21.23343
12.15902
11.90698
11.93302
13.50860
31.84652
21.86435
11.66257
11.67255
11.72090
12.30312
29.06600
24.86935
13.76605
12.90027
28.83312
27.03283
38.66910
