10.09448
10.52983
10.66790
10.54812
10.40580
9.76878
10.18182
10.19682
10.78710
11.69085
12.01102
11.95333
11.56098
11.69267
11.45603
11.06838
5.99002
4.21438
4.18758
4.17952
4.53260
4.90247
4.91600
4.91532
4.93262
4.96167
4.80460
4.20932
4.32673
4.27875
4.15438
4.70212
4.81948
4.94353
5.32592
5.74823
5.69197
5.31300
5.16195
5.35977
5.60065
7.83505
6.81233
5.45972
5.44375
5.47047
5.50153
5.55070
5.20587
4.63283
4.90142
5.19945
4.66182
4.26407
4.09202
4.09453
4.12192
4.12003
4.22477
3.93445
3.20452
3.04807
3.04840
3.07348
3.42700
3.81032
3.82108
3.84362
3.94430
4.21347
5.13992
4.08187
3.70730
3.49665
3.24892
3.65718
3.79615
3.73225
3.65053
3.77403
3.85797
3.90677
4.05380
2.86598
2.88513
2.68437
2.73240
3.44752
3.57337
3.40202
5.40342
5.08678
4.16995
4.18900
3.81793
2.79343
2.80212
2.94432
2.95445
3.61143
3.62475
3.69687
4.16165
3.64907
3.54330
3.86130
3.78355
3.43947
3.07768
5.87670
3.00928
3.98882
4.26975
4.86290
4.10627
4.19450
4.35138
4.10617
4.41842
3.60440
3.10612
2.84390
2.83990
3.08018
3.57327
3.57197
3.58590
3.76915
4.38425
4.60110
4.65658
4.13668
4.47410
4.43267
4.56280
4.74775
4.75358
4.78197
5.21530
5.03272
4.85417
4.91692
4.23810
4.08873
4.37260
4.03212
4.07648
4.70183
4.70388
4.75600
4.74707
5.03587
5.54258
4.84408
4.69257
4.67822
4.08842
4.14868
8.40407
8.93382
8.07425
8.71043
6.23022
4.86733
4.80358
4.76380
4.76672
4.18443
3.37628
3.35252
3.44200
3.55600
3.57603
4.07290
4.15330
6.93040
4.98032
2.58378
2.57788
2.58312
3.01887
3.62337
3.62612
3.63820
3.76902
3.78120
3.10368
3.09032
3.06388
3.07405
3.28108
3.82113
4.16105
4.85445
5.64560
6.19970
4.72588
3.72175
3.39828
3.92775
3.91245
3.76593
3.86157
3.87335
3.89355
3.92275
3.56072
3.13812
3.13165
3.47227
3.80508
3.63663
3.84405
3.85402
4.25702
4.35885
4.43902
3.49900
3.13088
3.10997
3.11087
3.16802
3.85227
3.84863
3.85722
3.88817
3.90680
3.63248
3.13305
3.11813
3.10402
3.10788
3.55257
3.84887
4.00628
4.31363
4.37220
4.46995
3.46335
3.14195
3.11593
3.11040
3.17860
3.84712
3.85487
3.85940
3.87973
3.90127
3.91775
3.31620
3.13277
3.10957
3.10135
3.45997
3.83562
4.17428
4.28003
4.37068
4.31983
3.87263
3.89195
3.47673
3.11418
3.25163
3.96255
4.43230
4.70982
4.70953
4.71163
4.70847
4.56425
4.55107
4.54758
5.05112
4.55267
4.65278
4.74885
4.34385
4.41783
5.05622
7.29212
7.06032
7.67300
7.48195
8.82093
8.81463
8.76655
8.97585
