4.75930
20.54272
15.90895
13.73953
13.50170
4.97407
4.72923
4.91345
5.01658
4.98735
4.94527
4.94667
4.93765
4.94250
17.42758
19.48317
13.96640
13.70318
5.80930
4.95638
4.94713
4.94155
4.92972
4.92982
4.88720
4.79527
10.66132
24.93197
13.58757
13.40790
7.16160
4.55095
4.55862
4.58565
4.85527
4.88598
4.86448
10.18988
28.03503
13.91350
13.68272
6.84243
4.82033
4.82613
4.83737
4.85567
4.85372
15.98013
26.25448
13.74685
12.10162
4.53583
4.54165
4.55212
4.57310
4.55373
4.53065
31.44237
15.97977
13.63027
6.83975
4.83078
4.84192
4.84523
4.84765
4.84770
16.86783
28.51912
13.75917
10.94037
5.19392
5.72618
7.15302
7.57257
8.91372
13.52063
34.45700
17.65370
17.30317
9.99550
8.57737
8.57752
8.56823
8.58418
8.53262
25.47818
20.32630
17.81422
17.57368
10.85630
8.84627
8.86073
8.88775
8.77913
8.78578
8.69915
8.17055
30.92888
23.08965
16.98493
12.44978
8.17280
8.00640
7.80015
7.80255
7.87020
8.53322
8.17815
7.82417
9.61460
16.95657
16.73665
9.47097
8.07247
8.08833
7.96970
7.96558
8.32463
8.42548
8.27927
8.10117
5.07342
5.07258
17.99890
31.93453
16.79928
12.76888
5.12140
4.82095
4.79072
4.77295
4.78002
4.77322
4.78307
4.77953
4.77670
4.89150
5.10577
5.10492
5.08638
5.08637
5.09193
5.07728
9.91557
13.73500
10.44938
5.10063
5.11177
5.14902
5.16725
5.18068
4.91903
4.82412
4.82525
5.21868
12.89037
12.98447
5.64697
4.82792
4.92682
5.07263
5.08433
5.32815
17.97923
17.79220
8.23297
5.09975
5.13040
5.11032
5.10538
5.10830
5.12858
5.12343
5.14155
5.04225
14.99133
18.10662
15.15160
4.89383
4.88942
7.51213
12.79695
8.82805
4.83018
4.83628
5.27320
18.09320
17.94730
10.41095
5.16688
5.16798
5.17537
5.16080
5.15672
5.14072
5.13637
5.14510
7.25885
18.09570
17.92017
8.17728
4.89588
4.88677
4.88687
4.88045
4.84453
17.83775
15.05737
4.93385
6.27600
18.10035
17.90492
9.17150
5.17058
5.17840
5.18327
5.17428
5.19150
5.18012
5.18233
5.18518
5.24242
12.56472
35.10653
17.66865
10.59663
4.93163
4.97922
4.93098
4.94243
5.20195
8.60468
13.31340
10.46577
22.24480
24.62720
18.00960
14.25372
5.26922
5.26207
5.21480
5.21132
5.20342
5.19947
5.20505
5.20567
5.22342
5.24530
4.91063
4.88065
4.88015
4.88490
13.38775
30.53653
17.63495
24.89252
18.88417
13.92647
10.09912
5.20132
5.22590
5.31943
5.34383
5.31912
5.19407
5.20045
5.19863
5.20147
5.20677
5.23810
5.23387
4.98810
4.88700
4.89945
4.89037
4.94240
4.89513
19.91022
19.40717
13.93690
9.42425
5.16028
5.16410
5.18752
5.16418
5.30915
5.34082
5.34577
