2.47107
2.62315
2.78922
2.67447
7.45943
9.32793
9.39267
9.40717
9.38840
8.26803
5.23967
4.61665
3.29058
3.04413
2.51612
1.82435
1.88473
1.77203
3.68095
15.01412
16.07022
16.04980
8.96172
2.62077
3.02800
3.37113
3.35722
6.48505
9.38440
8.87190
8.37028
8.23453
3.99972
1.98747
2.34190
1.70130
1.29213
1.30298
1.31485
1.33948
1.45158
1.92775
2.12085
2.06252
2.16190
2.91943
2.49752
2.67462
2.82833
2.77423
3.03763
2.34658
2.00397
1.77668
1.42047
1.41922
1.41777
1.69688
1.82887
1.88980
1.41847
1.44710
1.96250
2.48130
2.25623
2.03253
2.22067
2.23323
1.89690
1.54425
8.32433
8.62130
11.63297
9.52075
11.52088
7.17360
2.05590
1.96942
1.66945
1.45165
1.83220
1.84112
1.85082
1.86062
1.89975
1.17628
1.17655
1.17408
1.17552
1.17575
1.17587
1.17463
1.17272
1.17510
1.17623
1.17502
1.56888
1.82643
1.83925
1.85065
1.86040
1.53508
1.17467
1.15787
1.15670
1.15745
1.15602
1.15642
1.15610
1.15383
1.14393
1.14332
1.18542
1.79390
1.79980
1.80610
1.81775
1.74238
1.14240
1.14345
1.14318
1.14288
1.14375
1.14398
1.14367
1.14433
1.14328
1.14340
1.14245
1.56552
1.79727
1.80793
1.80968
5.13405
8.36710
8.37617
8.07632
1.14132
1.14165
1.14245
1.14265
1.14413
1.14690
1.14808
1.14798
1.39995
1.79425
1.80595
1.81857
1.83327
1.29497
1.15230
1.15115
1.15017
1.15052
1.15340
1.13915
1.13913
1.13857
1.13720
1.14050
1.28683
1.79353
1.80582
1.81812
1.82800
1.43260
1.15478
1.15395
1.15160
1.15542
1.15583
1.15225
1.15505
1.15423
1.15528
1.15732
1.21850
2.02735
2.48315
3.64838
5.10457
6.67858
5.53993
3.80963
3.73187
4.99943
4.77705
3.34207
5.44543
3.24347
3.24102
4.53543
10.52022
10.71678
11.61437
10.52497
14.10557
8.91623
1.98007
2.00458
1.30723
1.30845
1.31053
1.31118
1.24240
1.24200
1.24190
1.24258
1.24200
1.24322
1.24075
1.61353
1.89047
1.90302
1.91573
1.93145
1.39105
8.24008
8.54875
8.55098
6.44287
1.24035
1.24010
1.24200
1.24183
1.24152
1.24105
1.55883
1.88997
1.90208
1.91403
1.92447
1.64925
1.24213
1.24142
1.23933
1.23923
1.23947
1.24033
1.23943
6.99783
8.54693
8.55952
8.86088
4.24843
1.91335
1.92193
1.93315
1.94518
1.54645
1.25498
1.25495
1.25335
1.25477
1.25513
1.25340
1.25120
1.25257
1.25145
1.32432
1.89555
1.90207
1.90700
1.91325
1.91893
1.93125
1.94563
1.96280
1.98805
2.04742
1.26747
6.78952
8.58780
8.58520
10.11262
6.41143
2.91448
2.06420
1.52182
1.36843
1.39510
1.42898
1.47170
1.90402
1.45168
1.45263
1.76403
