0.29174
0.93257
0.31955
0.22039
0.19437
0.19586
0.25928
0.66223
0.86419
0.68765
0.57195
0.57683
0.79799
1.23408
0.43024
0.41470
0.34492
0.24485
0.17778
0.18530
0.20996
0.31398
0.33044
0.32800
0.33256
0.33445
0.28455
0.17289
0.13665
0.11952
0.14035
0.18999
0.29530
0.30006
0.29638
0.29722
0.30036
0.19906
0.17974
0.18235
0.17862
0.18176
0.28168
0.27371
0.27660
0.27821
0.27423
0.27471
0.25576
0.24763
0.30082
1.30035
1.74630
2.98954
0.60028
0.24779
0.25066
0.24833
0.24521
0.26321
0.32038
0.31142
0.31736
0.30396
0.31946
0.31961
0.30735
0.25195
0.24033
0.19873
0.22317
0.13736
0.08312
0.10765
0.17633
0.17730
0.17835
0.18135
0.08963
0.05801
0.05798
0.05741
0.05756
0.05746
0.05807
0.05849
0.08956
0.17471
0.17560
0.17603
0.17984
0.10602
0.05812
0.07148
0.07189
0.06611
0.06451
0.07086
0.07057
0.07123
0.18702
0.19108
0.19194
0.21355
0.18632
0.13107
1.08129
2.44668
2.27515
2.68496
3.03994
3.71169
3.35442
0.27772
0.33917
0.34961
1.06847
0.37900
1.03208
0.77924
0.06514
0.06579
0.06786
0.08150
0.09469
0.21341
0.23459
1.08627
3.34721
3.61842
4.64017
4.27090
0.07271
0.07291
0.07300
0.07307
0.07306
0.07307
0.10160
0.29836
0.28974
0.30821
0.30655
0.25397
0.19822
0.07196
0.06074
0.05904
0.05907
0.05906
0.06193
0.06657
0.13105
0.18542
0.18773
0.18067
0.06690
0.06693
0.06692
0.06702
0.06711
0.06710
0.06709
0.14704
0.18621
0.18825
0.16804
0.06705
0.06697
0.06683
0.06688
0.06696
0.06778
0.06713
0.15380
0.18629
0.18800
0.18764
0.06725
0.06763
0.06754
0.06749
0.06738
0.06750
0.06761
0.14963
0.18628
0.18803
0.17288
0.06710
0.06701
0.06679
0.06750
0.06800
0.06799
0.06797
0.10161
0.18485
0.18580
0.18800
0.18994
0.11680
0.06860
0.06847
0.06880
0.06973
0.07001
0.07010
0.12641
0.18977
0.19209
0.19483
0.13235
0.07203
0.07274
0.07373
0.07504
0.07502
0.07547
0.14177
0.19394
0.19566
0.19870
0.15806
0.07581
0.07548
0.07574
0.07601
0.07606
0.07651
0.18331
0.19672
0.19863
0.20033
0.20287
0.20701
0.21552
0.13857
0.09807
0.09946
0.10012
0.28093
0.49245
0.27419
0.22458
0.22835
0.11781
0.10609
0.21687
0.21999
0.21096
0.20739
0.16268
0.24870
0.30337
0.31391
0.35420
0.41022
1.23530
0.33318
0.23891
0.24190
0.09133
0.06200
0.06200
0.06200
0.06158
0.06200
0.12805
0.17919
0.18068
0.18396
0.12195
0.06194
0.06198
0.06200
0.06203
0.06205
0.06202
0.10051
0.18018
0.18225
0.18466
0.15584
0.06180
0.06121
0.06192
0.06147
