111.41208
94.03440
96.15985
106.56393
110.37033
95.54330
101.29850
101.85388
103.70383
110.45010
113.60333
103.78862
103.54990
102.64243
105.67423
109.15885
117.67658
111.23103
112.42187
112.62238
117.69723
108.96043
110.71170
115.80310
121.13187
123.47000
108.74690
110.15990
129.66108
126.22877
113.16137
113.07307
122.47063
109.61040
115.79608
115.77602
124.47318
121.96868
110.83132
117.18905
123.38115
134.01125
115.69478
114.89357
132.13428
131.38837
126.02632
123.84317
134.66437
138.54862
124.84678
131.75177
146.10757
138.95138
133.48080
135.60052
122.02188
127.25737
133.62763
132.33853
137.58210
132.56218
124.20775
126.98685
135.27508
122.33555
125.76868
141.55498
139.57328
133.15587
130.84903
142.38058
121.89943
131.31535
136.24147
134.17347
125.01807
137.39240
141.42747
132.44348
129.40147
122.48648
122.89250
144.05395
128.60158
121.66262
126.72252
126.88250
144.55185
133.98520
136.05767
118.28312
132.49283
133.73475
130.82707
125.47633
126.66408
130.98947
131.43737
128.36733
127.14407
124.66050
136.63295
131.41490
105.50178
113.74300
128.04485
139.93513
130.49338
101.45028
109.03468
108.96813
106.93633
113.76960
110.07967
102.31368
96.92743
111.13330
116.99903
97.74063
83.05247
87.73712
72.56133
72.50155
97.17057
76.66653
72.68435
72.60832
86.06382
75.44983
70.05240
69.15428
77.05353
80.58270
77.65730
68.26488
70.88793
73.64497
84.86782
77.34957
70.37612
66.94230
68.46713
90.24042
82.48135
79.67013
80.57598
87.18528
91.90077
78.45353
81.64662
80.98932
96.50030
83.76635
79.01655
77.12598
91.46095
93.85160
78.65822
85.47625
83.89430
96.23252
82.29885
80.20600
79.15768
93.48667
84.43112
79.29975
77.18663
88.17480
90.00162
80.49998
77.33820
90.67065
89.64753
78.82888
78.71238
86.76172
91.23688
85.73838
80.77937
81.88962
86.22578
91.71468
83.16210
81.72082
82.31910
86.95973
84.66957
78.25092
87.90613
85.21433
87.35100
80.03465
79.88347
85.90498
88.31142
89.60733
76.38413
80.93185
86.63180
88.23608
81.12640
83.79928
82.73572
87.03738
87.64220
82.35565
87.89133
86.43115
91.46440
80.03382
85.66962
82.07435
89.33740
87.08328
90.34747
80.27843
88.66602
96.45427
100.67288
88.34678
89.06818
96.86512
80.61045
75.98893
84.49025
99.17937
80.20365
79.18323
87.17067
100.82377
94.36418
85.06617
90.72347
97.06635
88.43102
86.21762
88.99130
94.45568
92.84627
93.25545
82.98310
92.59763
103.85277
83.48648
82.67522
102.61193
94.47280
97.47253
95.38005
89.51702
94.00230
92.18800
90.58375
99.08972
89.95093
89.61063
102.51255
85.03317
92.90500
89.89538
97.59603
96.98787
82.53338
111.50597
103.62408
88.16967
95.96308
97.29513
96.02570
101.12100
102.55350
110.85287
94.45843
97.34600
118.08145
97.08413
91.46600
104.60643
107.31645
97.50978
106.43247
113.57803
104.99838
94.71923
111.76607
118.98470
