0.29758
0.15854
0.15959
0.16040
0.16176
0.16680
0.17023
0.26919
0.31471
0.32268
0.32155
0.24578
0.25646
0.24244
0.24141
0.24132
0.32428
0.37462
0.37558
0.38841
0.39048
0.27895
0.24566
0.24521
0.24528
0.24114
0.24849
0.23976
0.30893
0.42174
0.39794
0.24152
0.13755
0.13984
0.14724
0.08825
0.00127
0.00666
0.00765
0.01096
0.01009
0.00921
0.04516
0.05042
0.04902
0.04704
0.05089
0.09737
0.12345
0.14745
0.22155
0.35023
0.42075
0.29123
0.26956
0.09637
0.02909
0.00863
0.00646
0.00658
0.00586
0.00533
0.00540
0.00531
0.03340
0.13999
0.14469
0.15102
0.15654
0.11658
0.01209
0.01114
0.01425
0.00564
0.00982
0.01007
0.01100
0.05368
0.14998
0.15256
0.15352
0.00480
0.00533
0.00469
0.00370
0.11018
0.13429
0.13604
0.14016
0.06184
0.00455
0.00546
0.00538
0.00354
0.00339
0.06561
0.15124
0.15462
0.14550
0.13943
0.24178
0.18807
0.01773
0.00423
0.00755
0.01500
0.01476
0.01399
0.01406
0.00862
0.00148
0.00308
0.05681
0.13261
0.13146
0.13910
0.14121
0.14602
0.06569
0.00377
0.08700
0.01407
0.01335
0.01329
0.01487
0.01475
0.01397
0.01319
0.11220
0.15441
0.16004
0.16073
0.16245
0.16662
0.01458
0.01703
0.01482
0.01313
0.19612
0.27170
0.16046
0.16201
0.25186
0.48329
1.18241
1.25303
1.25364
1.25125
1.25514
0.68745
0.85373
1.10981
0.29647
0.26363
0.26094
0.08637
1.03012
1.09620
1.09264
1.10238
1.24392
1.05357
0.87007
1.54171
0.64289
0.39061
0.25814
0.25847
0.25284
0.25427
0.27778
0.27135
0.60183
0.64158
0.34714
0.48668
0.47189
0.29053
0.23351
0.29821
0.20037
0.11501
0.01558
0.01160
0.01634
0.01196
0.01538
0.15004
0.16504
0.27621
0.31179
0.16306
0.33962
0.49499
0.39567
0.35550
0.25890
0.01290
0.01106
0.01378
0.01186
0.01200
0.01200
0.01155
0.03565
0.31752
0.42902
0.43503
0.43888
0.19382
0.15820
0.02599
0.01532
0.01228
0.01152
0.01096
0.01089
0.13444
0.28886
0.29436
0.29402
0.29398
0.15058
0.15294
0.15588
0.05690
0.01237
0.01334
0.01135
0.01200
0.25403
0.29690
0.29814
0.40190
0.18949
0.15333
0.14358
0.01098
0.01105
0.01530
0.01200
0.01200
0.03024
0.28275
0.29063
0.29396
0.27868
0.01954
0.14921
0.15144
0.15274
0.15414
0.15783
0.15637
0.04080
0.01098
0.18888
0.28949
0.29493
0.29666
0.10515
0.01108
0.01165
0.01176
0.04231
0.15182
0.15063
0.15074
0.15184
0.15267
0.15277
0.29169
0.28634
0.29032
0.29441
0.04415
0.01195
0.00897
0.00848
0.01084
0.01333
0.14552
0.14751
0.15098
0.15264
0.15808
0.17829
0.28590
