166.11620
165.59972
165.73700
165.45842
165.69553
163.68940
156.94775
157.74487
157.32278
157.69332
147.32972
140.42570
140.14420
139.59853
139.61983
139.47348
139.68338
144.68373
145.49245
145.69928
145.03065
145.52183
145.31468
145.53515
145.60675
145.39268
145.59370
146.40050
146.16423
146.37503
146.71043
146.07090
146.04835
146.52925
146.46670
145.92063
145.46482
145.02607
144.89327
145.46277
145.53463
145.83680
145.42497
145.44908
145.64057
144.75015
145.44618
145.52127
145.45565
145.00707
145.27387
145.38243
146.00275
146.31652
145.00412
145.11472
145.07763
145.18717
144.49360
144.66210
145.52448
145.69370
145.61230
145.20578
144.83740
144.70098
144.47715
144.44560
144.64018
144.74462
145.56265
144.69980
144.76110
144.40052
144.70778
144.38012
145.27332
181.31682
181.87087
181.56065
181.39070
180.90928
181.02260
181.30105
180.70255
180.96470
180.71692
180.22270
180.60543
180.50212
180.69537
180.73182
180.17575
180.33027
180.59367
180.40575
180.95387
180.54697
181.50477
181.74190
182.04920
182.00332
182.00013
182.08245
182.12822
180.27523
180.17945
180.14203
180.30288
180.56335
181.17512
181.18033
180.37387
180.83885
180.76000
223.97957
254.17852
254.55332
254.27738
255.01640
255.24215
255.00740
254.74113
256.14413
256.52390
255.85783
254.26413
254.19065
253.95843
255.32708
256.38843
256.43867
255.52462
256.04765
255.96580
255.91047
256.40783
256.46062
256.11738
271.95428
273.07953
272.86960
271.81598
272.94857
271.61312
272.29752
271.98170
272.64740
272.20518
268.69132
282.94242
287.09813
277.69758
269.57042
261.29402
193.09473
193.12292
193.68972
194.00053
194.03918
193.44583
193.12873
193.32293
193.36520
193.88248
193.84237
194.45340
194.42147
194.52872
194.63583
194.67038
194.60185
194.97132
195.36538
195.54088
195.00332
195.13692
194.75962
195.26002
194.77863
197.34038
212.01942
211.93783
211.53158
198.78737
191.46113
191.27027
190.95962
190.92477
190.80063
191.05677
190.94277
191.25320
191.16555
190.77580
190.81893
190.53368
190.03258
190.49027
190.45537
190.35352
190.04470
190.32493
184.53825
183.01568
182.54530
182.59298
182.72507
183.01047
183.06663
183.33123
183.88612
186.34723
186.63833
186.54250
185.92472
185.95508
185.84438
185.77267
185.17735
185.15222
185.09135
184.82785
184.70217
184.72588
187.64248
187.45807
186.97982
184.95178
170.28393
170.22413
170.11522
169.89330
169.46968
168.76023
168.93255
168.80997
168.44110
168.22940
167.90962
167.43912
166.86260
166.91345
167.01093
166.84882
166.86617
166.62940
163.67275
162.86953
163.34678
164.61410
163.96167
162.77293
164.51700
166.28873
165.52248
165.49127
166.35153
166.09552
165.98728
165.83368
166.20715
165.61862
165.65470
166.47913
166.60658
165.74597
166.17093
166.37097
165.86085
156.70302
146.08832
146.44608
146.34488
146.25400
146.48403
146.65658
146.22952
146.26827
147.61688
148.28697
148.49843
148.28018
147.67770
147.94478
147.73527
148.29797
147.99122
