4.55747
3.23858
3.92962
7.18748
7.84090
7.42262
7.24013
8.34158
8.31640
7.81985
3.06533
3.02243
2.91230
7.52703
9.45588
8.82808
8.13965
13.19515
5.54465
3.17908
8.00113
7.98075
8.09873
8.16880
8.43987
8.51323
8.64225
8.27387
8.15127
8.25953
13.30882
13.56948
13.92258
11.97040
8.64083
8.72123
8.73460
8.73183
8.73658
8.85210
8.72238
8.75737
8.75633
5.80527
2.33653
1.36808
1.12985
1.07323
1.06835
1.07257
1.10288
1.09727
1.10787
1.12343
1.14250
1.16838
1.09675
0.93233
1.32085
1.99317
2.03893
2.01500
2.17042
2.16710
2.16948
2.18825
2.18413
2.13727
2.22232
2.21778
6.58677
8.57312
8.61420
8.60950
8.49115
5.07533
1.14547
1.14363
1.03217
1.04173
1.05902
1.11508
1.12693
1.13547
1.16032
1.16817
1.22680
1.17710
0.78890
3.05953
3.21493
3.10225
3.08122
3.04558
1.70672
1.47272
1.72902
1.24578
1.20183
1.21452
1.22525
3.79780
6.52618
9.71257
7.41298
2.81168
1.47585
1.15158
0.99805
0.99865
1.00930
1.01475
1.16573
1.30348
1.46802
1.38607
1.28170
1.95078
1.13968
1.35343
1.38283
1.43640
2.23730
2.97763
7.77765
7.77547
7.81637
7.51845
2.17015
1.06207
0.77082
5.23903
0.97648
0.75430
0.74857
0.75632
0.76367
6.28422
7.24962
7.26088
7.20482
4.56705
0.70597
0.71003
0.71105
0.70992
0.84160
1.33947
1.35617
1.36492
1.76947
1.82223
1.83147
1.84992
1.86253
1.87013
1.90697
1.69540
1.18900
1.20260
1.23272
0.84973
0.71303
0.71340
0.71075
0.71037
0.71087
0.71262
0.71717
0.72552
0.72537
0.72390
0.72453
0.72467
0.95173
1.36070
1.36670
1.37810
1.37953
1.37678
1.38008
1.41073
1.41895
1.43070
1.45943
1.19395
0.71352
0.71417
0.71635
0.71438
0.71942
0.71970
0.74343
1.18717
1.18573
1.18725
7.02332
7.67900
7.68268
7.68095
7.69178
7.68780
7.96265
8.43478
8.10410
7.98342
8.08043
8.20587
8.20578
8.18762
8.28575
8.45157
8.45207
8.75333
8.84393
8.42253
7.91388
8.96933
10.10165
9.83697
9.05822
9.08557
4.85577
2.68382
3.12772
9.15983
9.15653
9.15303
9.11868
9.10477
9.18162
9.26583
9.25038
9.24182
9.22417
9.90172
10.01158
10.07025
11.04877
11.12617
11.97063
12.45818
12.86307
12.67215
12.91215
15.18925
13.77185
12.46415
13.43388
13.66342
7.91783
4.96027
3.80443
3.79187
3.42158
5.46958
10.36297
8.63493
8.04497
8.21362
8.29607
7.98793
2.21977
2.39242
2.38797
2.39610
2.41492
2.41708
2.30928
1.72328
1.73052
1.82418
2.36565
2.35437
2.36508
2.36205
5.24833
9.25167
9.27450
9.25967
5.55507
2.87600
2.93335
4.49920
6.92655
2.13503
1.18708
1.18423
