2.23280
1.72708
7.49087
2.22313
2.27350
2.32372
2.34703
2.31575
1.92107
1.61410
2.09128
2.56805
2.24187
6.86577
2.74478
1.95528
4.82753
6.43438
1.71285
1.82925
2.33723
8.85662
1.72633
1.77262
2.34587
2.48805
2.03513
1.77103
2.34347
2.04877
10.38780
1.86975
2.36608
2.02182
1.74927
2.10753
2.39415
1.95522
6.10575
7.31085
2.61328
3.01952
18.08348
47.37760
20.15365
3.46213
48.79380
10.51202
2.41655
8.82993
7.05733
1.75563
1.76087
2.26860
2.39068
2.01298
3.12300
1.75937
1.97200
2.40288
1.87030
1.76735
2.04253
2.41813
1.84567
1.76957
1.77047
2.08042
2.43193
1.79883
1.77865
1.77982
2.12218
2.43190
1.78940
1.79248
1.68768
1.99157
2.25685
1.69990
1.73503
1.49337
1.44407
1.67790
1.37087
3.06490
3.06517
2.20703
2.16123
1.63460
1.66308
1.64152
2.09132
2.17882
1.67453
1.69883
1.71077
2.44470
2.86758
3.63723
3.86175
2.48610
3.04580
4.23517
2.69297
4.03220
3.43118
4.25093
4.36913
6.47787
3.84263
3.83477
8.88553
4.41302
4.40065
4.37213
4.41390
4.97828
4.88175
12.24348
11.91125
2.10115
2.31718
1.79150
0.97145
1.55675
1.55753
1.94670
2.12847
1.55867
1.56812
1.58163
1.98762
1.71692
0.96867
0.97022
0.97398
1.38853
1.53680
0.97528
0.96195
0.96860
1.36797
1.52625
0.96675
0.96775
0.96773
1.84118
2.08677
1.54830
1.54768
1.55268
2.02943
2.08582
1.59693
1.09248
0.96822
1.46607
1.44680
0.96938
0.96863
1.19283
1.76683
1.44043
0.97002
0.97035
0.97127
1.51153
1.40363
1.59768
1.55227
1.55503
2.11907
7.99213
6.55035
1.57055
1.57958
2.18535
1.99250
1.67323
0.98720
0.98068
1.58902
1.30580
0.96857
0.96907
1.02872
1.58822
1.24742
0.96793
0.96735
1.07702
1.59225
1.20160
0.97105
1.28317
1.72360
2.17800
1.71813
1.55683
1.56390
1.81390
2.22848
1.26960
0.97007
0.97333
1.25668
1.61217
1.01543
0.97552
0.97492
1.47172
2.15483
1.54688
1.55410
1.55832
1.97947
2.13410
1.59012
1.72363
1.36275
1.83743
2.17685
1.96225
1.96985
2.26907
2.87088
2.57938
2.03238
2.17817
3.78648
5.05360
4.87433
4.42845
2.52597
1.90707
2.47438
3.28768
2.84933
1.92617
1.68615
2.17253
1.74652
1.53955
1.88335
2.30518
2.74830
2.27702
2.12133
2.13195
2.38683
2.78930
2.29155
1.81113
1.54635
1.80452
2.18028
1.63698
1.54378
1.54130
1.84218
2.17407
2.93792
9.06400
39.78940
46.68997
49.03027
38.76883
34.54147
4.43250
15.14330
6.90508
2.70467
2.40687
2.41003
2.42987
2.14757
1.58818
1.59562
1.61195
2.16585
2.05253
0.95965
0.96137
0.96085
3.46332
3.32955
1.37788
