43.13192
48.93975
51.69912
52.53753
52.05422
52.62743
52.48772
52.76023
52.46827
52.75213
52.12533
52.16132
51.81770
52.04992
52.14700
51.80973
52.28097
51.88085
52.19635
51.85113
52.52982
45.06940
41.06703
48.86258
51.25550
53.03587
53.15238
54.55142
54.97448
57.23402
70.73230
76.06290
69.14680
75.68098
77.36742
91.81158
98.12518
96.22072
95.48453
96.63233
96.14473
96.57732
89.41967
73.11042
75.07783
77.74118
79.09187
103.83633
108.40515
110.78315
112.23235
111.11545
111.27112
110.56763
122.58413
136.82692
157.15527
156.96827
133.04238
137.13077
157.17513
156.85975
157.25555
156.57302
157.35492
156.52245
128.36503
102.21427
106.21575
107.73935
99.37213
98.75765
97.96453
98.32843
98.32410
107.29567
120.88413
139.82998
159.88712
160.02130
143.45670
123.67097
135.75252
139.02480
139.44622
136.97040
137.71030
137.92187
113.05642
100.25260
100.65888
98.49327
77.09435
76.06863
78.72630
79.01287
79.02015
78.99907
87.55088
98.58855
113.33363
113.94343
88.42710
85.70887
96.45837
114.49405
112.57797
112.45937
113.61942
111.60600
79.35752
86.61533
99.50667
99.04180
93.10338
73.82017
74.75873
75.12717
74.93080
76.41148
75.53020
74.19793
74.72198
75.91793
75.55703
76.33625
75.44973
74.92060
74.88765
74.44087
74.60893
74.25265
74.32830
75.30965
74.77617
75.19627
75.44993
76.16893
74.31092
94.21743
98.84198
99.58863
99.63495
88.02745
71.48972
64.08608
62.86332
62.91715
62.83032
63.13438
62.28587
63.09533
62.92468
62.35158
60.88192
62.18437
61.86707
63.91492
66.29315
66.14437
63.63760
61.31185
38.93380
32.78473
32.53390
33.53910
39.79940
40.12490
41.52525
45.37838
39.20865
36.94012
37.06420
36.45035
37.07157
34.74742
32.55842
32.79142
33.31805
32.66773
32.87810
31.91093
32.20993
32.52973
44.49718
44.30772
44.66032
44.26093
44.56343
43.46220
40.77292
38.80308
39.02275
39.68182
39.26072
40.12152
39.75573
39.66370
39.48123
39.73028
39.83690
40.59320
40.10630
40.55235
44.05448
48.80882
48.71998
43.91973
39.30888
38.82877
39.24412
39.69555
39.83070
39.87137
38.50755
38.94728
38.73978
38.74292
41.80663
42.05338
41.30502
40.46385
39.80468
39.49377
39.96780
39.52122
40.35990
39.90807
40.47812
48.15905
48.02822
47.67573
43.69992
39.13225
39.63397
39.53653
39.83727
39.14243
39.48842
39.30767
38.93780
39.59630
39.69208
40.08760
39.98965
39.60597
38.94230
39.43907
39.15417
39.05140
39.07937
39.43892
39.03822
38.93090
38.60073
39.41417
39.41952
38.93227
39.41382
39.10287
39.37995
39.12430
39.40318
39.03752
38.84932
38.88590
39.54788
38.94232
39.29803
39.03612
39.24712
39.15268
44.45053
44.76593
45.20943
44.76478
45.08745
44.63160
39.87277
39.82685
40.62972
52.86470
63.70168
69.87305
70.37105
69.89955
68.05783
68.37518
