3.62068
3.68453
4.81598
4.00732
4.14870
3.82338
3.45107
2.75080
3.24530
3.38257
3.12465
3.86482
2.87625
3.34645
5.03578
3.50060
3.39173
3.05207
3.06188
3.10682
5.18338
8.60168
9.13197
6.03195
5.84612
9.87357
13.79562
21.69233
28.76863
23.46350
21.21160
21.81338
22.24883
25.13057
27.29255
6.65702
1.12315
1.10140
1.09145
1.41407
2.86682
1.62360
1.47195
1.49732
1.51602
2.14812
1.46872
2.39590
2.38235
2.66167
3.32965
3.46282
9.89538
12.49970
11.36277
18.13455
20.79815
21.15588
23.34380
27.66363
7.02192
1.53423
1.62700
2.87493
1.70052
1.66822
1.84262
1.89970
1.17142
1.71637
1.50197
1.48297
1.29767
1.27677
2.56467
1.35795
1.46445
1.83448
1.40930
1.40775
1.41438
1.42478
1.75585
1.53458
0.89988
2.14550
0.84370
2.69580
2.76693
2.54430
2.05188
1.90612
1.41488
0.81843
1.19120
2.10272
0.88738
1.13802
1.37078
1.36222
1.13900
0.83158
0.82995
0.80920
1.21108
2.60312
1.70853
1.32697
1.14873
0.80330
0.80532
0.80493
0.80390
0.82778
1.32938
2.52445
1.28632
0.92257
1.28277
1.30165
1.49283
2.39500
2.06178
6.73427
3.02198
2.42500
1.55805
1.90773
1.45497
1.10800
2.14353
1.92317
2.06292
1.66143
2.17992
0.97872
0.98087
1.24712
1.72185
1.51845
2.44202
2.07877
2.15400
3.97617
2.52045
2.63692
3.37580
3.13257
2.22583
1.48410
1.06522
2.28758
3.80088
3.21087
2.78172
2.58667
3.85713
4.57095
7.21553
10.12593
23.97162
23.68642
14.25935
11.90330
14.97410
14.52137
11.42688
7.15352
3.65692
4.67945
3.43305
3.18958
3.51385
3.49618
1.64517
1.06183
0.84872
0.86405
0.90537
1.44973
3.34807
3.61680
3.51922
3.11550
1.01100
0.85062
0.85160
1.06285
28.67775
1.27822
2.44350
1.35493
1.36663
0.86012
0.86097
0.86117
0.85392
2.52532
3.15570
3.09738
3.98673
1.53455
1.28888
1.28180
1.28108
0.90492
0.86138
0.86113
0.86225
1.29600
1.36107
2.58693
0.86062
0.85843
0.85837
0.85670
0.89445
1.28212
1.58820
1.56132
1.39303
0.94012
2.15005
0.86242
0.86120
0.85908
0.86055
1.09522
1.35962
1.37798
12.90868
15.37112
1.88260
1.57132
0.86172
0.86428
1.10330
1.36122
1.38328
1.01707
0.86715
0.86758
0.87430
2.19497
1.11217
1.64733
1.70383
1.39608
0.91688
0.92043
0.92280
0.92947
0.92615
0.92907
2.10048
2.00650
1.35583
0.92308
0.92348
1.09773
1.35803
1.35930
1.30518
1.43482
1.40512
2.38883
0.93118
0.92868
0.92950
0.92833
0.93928
1.43323
1.43565
1.37547
1.05798
1.34573
2.61945
1.27165
1.00433
4.21803
16.81423
14.98375
22.30493
23.44942
24.52668
3.45590
2.00350
3.95730
