1.84027
1.14625
1.78632
0.99493
0.79369
0.88527
1.21101
0.98257
1.26135
2.25148
2.35006
1.52930
1.54187
1.47912
1.28060
1.53352
1.26604
1.24095
1.63602
1.62588
1.38225
1.50953
1.24372
1.23639
1.20428
1.08873
1.28329
1.37523
1.38150
1.47108
1.40732
1.25287
1.27841
1.37674
1.09152
1.02467
1.05974
1.08266
1.17886
1.07191
1.30179
1.12136
0.76637
0.92299
1.10452
1.21166
1.06536
0.96721
0.88282
0.79660
0.90728
0.96523
0.89727
1.00700
1.06914
2.29655
1.62107
1.15724
0.96616
1.31006
1.20578
1.30989
1.53727
1.75833
1.65360
1.95919
1.52087
1.19880
1.23989
1.18717
1.65161
2.00622
1.56000
1.72084
1.77859
1.88979
3.62831
1.97176
3.53124
4.38671
2.88451
1.18398
1.10143
1.14352
1.93476
1.29462
1.29458
1.22744
1.14476
0.99863
1.08658
1.26171
1.26232
1.08852
1.11631
2.39207
2.41153
2.21806
1.42584
1.36438
1.10491
1.00372
1.00123
1.14893
1.42710
1.23007
1.06669
1.07660
0.90992
0.81230
1.29854
1.99292
0.89640
1.90082
2.25116
2.06082
2.94101
1.82657
1.58706
1.45183
1.00288
0.84717
1.60649
1.31296
1.08344
1.08974
0.91973
0.80175
0.87779
0.83140
0.91151
0.99931
1.08936
0.98123
1.05955
1.89559
0.84099
0.91197
0.91315
0.89112
0.98956
0.99994
0.94289
1.08050
1.09247
1.14277
1.10803
1.02618
0.91184
0.82395
1.32008
1.62136
1.56133
1.01672
0.91428
0.78077
0.88422
0.95864
1.03922
0.95340
1.46998
2.21974
1.38585
2.97259
1.83975
1.55037
1.50594
1.40045
1.74680
2.09763
2.00471
1.98451
1.51399
1.70685
0.96078
1.18229
1.25658
1.33571
1.21978
1.22629
1.00402
1.48921
1.10571
1.30319
1.28316
1.29440
1.00273
2.02019
2.18418
1.22915
1.40606
1.39628
1.45705
1.50943
1.39581
1.16589
2.02647
1.24811
2.61670
1.53721
1.68006
1.14615
0.79590
0.91041
0.94008
1.01242
1.07862
1.00297
0.97034
1.20051
0.93140
1.01464
1.05168
0.93538
0.88736
0.98787
2.33652
1.32241
1.05249
0.96321
0.93565
0.79689
0.92087
1.06443
1.18042
1.39922
1.51788
0.94607
0.90083
0.90887
1.07083
0.97769
1.10064
1.01491
0.94816
1.05525
1.05122
0.94930
1.11526
1.11880
1.14254
1.12567
1.05092
0.96237
0.98588
0.83000
0.99677
1.23028
1.47301
1.21504
1.20522
0.94251
0.83512
0.94553
1.05362
2.06846
1.11763
0.99097
0.91498
0.91202
0.86974
0.87008
1.10977
1.11325
1.17547
0.97976
0.86771
0.98724
1.63424
0.97511
1.16850
1.17764
1.03210
0.87777
0.82238
1.20050
1.57779
1.66257
2.63302
2.08688
1.56444
1.60321
1.60818
1.63496
1.52175
1.36195
1.47475
1.83671
