4.68527
3.39889
4.12555
6.47321
5.01368
5.26945
6.48939
7.59692
8.47769
7.42159
5.61092
5.96343
7.01079
5.77907
6.02845
6.81638
5.54711
5.76884
7.11185
6.37812
9.37879
10.01805
7.90722
6.72806
11.88658
12.71702
10.16666
11.32984
11.09986
14.44202
16.41231
18.14725
18.72414
19.47396
17.25076
16.93482
15.78042
11.77862
11.22213
11.38314
6.14172
7.25195
8.73598
7.83770
6.55419
7.36671
6.04665
8.20955
11.64101
10.08906
9.25955
6.28063
6.54403
6.78213
7.57343
3.75574
3.91495
4.71612
3.54957
3.65049
4.62450
3.40499
3.48925
4.60154
4.30838
7.04624
9.31617
7.60000
6.32219
8.55403
7.12487
7.33938
8.01033
7.47635
8.96462
12.14940
10.89725
11.79263
8.57823
10.14609
11.99465
7.13888
6.75952
7.85436
10.55389
10.73110
8.90893
8.68164
5.24844
5.42847
6.25601
5.01211
5.58124
7.90640
11.02792
12.96969
10.07492
6.18911
7.34500
8.22940
6.88261
7.33570
8.10256
8.79864
9.38882
10.61844
8.24904
7.02462
7.32803
6.25982
7.42496
7.14156
6.07069
8.07637
10.82093
9.42356
10.22578
9.56001
7.90454
7.74404
8.02354
5.89134
6.49098
8.54213
10.36078
11.76799
12.69345
8.87809
7.12262
8.08020
7.33574
7.49760
7.51868
6.28946
7.02490
7.73298
8.94102
9.57720
10.83042
6.63586
6.20737
10.50691
7.66926
7.55153
8.99760
9.43402
9.91121
15.06679
14.61837
18.48789
15.08047
10.68104
10.59623
12.14708
12.51064
14.56242
14.34917
13.18460
14.25829
9.19751
7.02323
7.73345
8.17797
7.18539
7.91061
8.14264
7.19359
8.15961
9.42735
7.89699
8.50491
8.91744
7.58249
8.19080
8.76698
7.73242
11.83029
12.69852
12.20956
15.06083
15.38634
14.18313
14.93026
15.53770
13.92813
17.25256
18.79578
18.32536
18.70782
18.94682
15.49342
13.30281
7.61741
6.56540
7.42425
7.29021
6.09623
9.23651
13.80550
12.63155
13.69669
15.59379
16.31903
16.95705
17.30615
15.48694
11.21593
9.66730
8.50421
10.94469
11.32191
10.04905
12.13214
15.20582
13.89905
15.43204
13.49394
12.33318
12.53444
8.40822
6.20699
4.86957
4.43968
3.29595
4.10284
4.65796
3.48717
4.09430
4.45881
3.15327
3.70008
4.41443
3.25853
4.02378
4.43826
3.26455
6.49359
7.78746
4.23668
3.79403
4.28526
3.09379
7.14620
8.11071
6.83287
7.73791
11.92863
10.43316
7.37528
7.96297
6.81120
7.45392
8.12663
7.00397
6.48383
4.49952
3.09927
3.67919
4.50899
3.52347
8.13344
8.86081
7.65523
7.98956
8.64729
7.38755
7.99580
8.51080
7.26082
7.73514
8.49034
7.35589
7.61180
8.54833
9.26412
10.89191
8.38478
6.95714
7.49360
8.06720
5.24246
3.47888
4.26097
3.03150
3.29997
4.29075
3.17439
3.65732
