8.29452
8.27987
8.23027
8.27420
8.40693
8.85885
8.84910
8.84023
8.55330
8.24095
8.60775
8.62023
8.30220
8.25798
8.25980
8.32070
8.93528
9.04912
9.15333
9.14623
9.14988
9.43853
10.32158
13.12177
14.49288
14.31053
11.84023
11.50447
11.66710
10.42417
6.76897
6.18748
6.36527
6.40808
6.38278
8.35117
10.25435
6.66017
6.43465
6.96157
5.96950
5.95188
5.88060
5.42347
6.13200
5.84500
5.87760
6.10017
6.14157
5.78662
5.80903
5.98203
5.49253
4.76390
4.39762
4.65652
5.28662
5.13657
4.74628
4.53432
3.10773
3.10493
3.07585
3.31375
3.30673
2.95752
2.94917
2.93688
2.93513
3.13905
3.19392
3.22985
3.23213
4.37423
5.83767
6.38542
4.76113
4.05882
4.11342
4.18613
4.15200
4.22227
4.33580
4.13633
3.91842
3.58142
3.70853
3.31335
3.65032
3.14520
3.20630
3.70333
4.00743
4.27517
4.60620
3.46653
3.28468
4.25168
3.23712
3.48865
3.71140
3.59882
3.31152
3.39628
3.64397
4.31890
5.14217
5.35430
5.19423
6.31503
5.12588
5.44173
8.51957
8.71858
8.85512
9.11568
8.24118
5.50568
9.30912
7.25283
6.66573
8.68677
5.54800
4.80550
5.07138
4.95530
9.42797
15.04030
12.60212
12.28813
25.35240
14.42435
9.55347
5.80137
9.28722
8.90323
3.33862
3.29330
3.47422
4.25477
3.99713
3.42222
3.21307
3.90000
4.08635
3.83963
7.97237
5.78460
5.66738
4.77162
5.26560
3.60257
3.18227
5.12007
4.66245
3.21902
4.29895
3.86312
2.08527
2.04435
3.05958
4.71625
5.32630
6.18420
4.73123
4.97240
5.04760
4.19527
2.50527
2.04495
3.86803
2.44518
3.50108
3.75525
3.89298
3.64462
3.58090
3.60343
2.18890
1.97430
1.95458
1.96665
1.98157
2.16335
2.41778
2.68793
2.99600
3.01867
2.89183
2.26403
1.97260
1.97627
1.97113
1.96153
1.95365
1.95077
2.03055
2.07830
1.80537
1.75123
1.72073
4.77452
5.03412
4.51533
1.85132
2.36228
2.44733
2.43752
2.15760
1.86435
1.86483
1.86525
1.86640
1.86758
1.87082
1.87537
1.87557
1.88057
1.88468
1.89963
1.89385
1.91712
1.87923
1.84132
2.29455
2.41947
2.42072
2.23363
1.83175
1.84602
1.86002
1.86007
1.88478
2.96182
4.74332
4.73980
4.73578
4.73452
4.73848
4.76300
4.76692
4.75540
4.83352
5.33783
5.37192
5.36222
4.99882
4.80337
4.84358
4.99052
4.95247
5.28660
4.90453
4.82107
4.80935
4.82438
5.02365
5.20255
4.77370
4.77128
4.98130
5.20023
5.34080
5.35643
5.18418
4.74315
4.85210
5.28798
4.79258
5.47838
4.76737
4.75065
4.74663
4.74485
4.84347
5.19348
5.20168
4.73703
4.75252
5.23442
5.32515
5.32263
5.20628
4.82482
4.79712
4.80038
4.82680
4.80537
