16.48980
15.54812
15.25950
15.70027
15.33002
15.20448
15.35222
15.71232
15.79570
17.72095
17.74825
16.92605
15.80023
15.82227
14.19052
13.38732
13.98983
14.56067
13.63713
9.77675
3.30725
2.89033
2.91608
2.57810
2.57612
2.75783
3.03798
2.68333
2.55030
2.56297
2.67207
3.04337
2.72513
2.75615
2.74538
2.96393
2.98605
2.92550
3.20088
3.81992
4.17617
3.14785
3.18907
3.46668
3.25802
3.71058
3.25068
3.21503
3.28523
3.72278
3.63150
3.50265
3.44070
3.25428
3.23163
3.06552
3.35218
3.33738
3.90987
4.16547
3.13247
3.95183
3.36343
3.81477
4.21497
4.78613
4.82922
4.61733
5.08677
5.46367
4.79708
4.82978
4.78842
5.11017
5.65065
4.93992
5.26213
6.34267
6.22992
3.83182
4.67688
5.73707
5.78488
7.51848
8.06865
6.75653
5.65875
4.58703
3.63945
2.74012
3.05110
2.75952
3.12800
2.87910
2.77098
2.80672
2.88140
3.46397
2.85355
2.85307
2.84725
3.02445
3.12897
2.98080
3.06507
2.87840
3.15042
3.06547
2.88702
2.88093
3.08932
3.33683
2.93502
2.85930
2.86580
3.15802
3.62830
3.55685
3.28690
3.31382
3.52323
3.59078
3.38910
3.40890
3.69927
3.79917
3.27303
2.84948
3.39685
3.92860
3.93988
3.02302
2.83642
3.51103
5.16687
5.25287
5.37663
3.66850
2.98872
3.24033
3.61535
2.89483
2.83553
2.83365
3.49812
3.16158
4.78058
4.78062
5.06380
4.17267
4.01453
3.70298
2.98757
2.87220
3.51517
3.36942
3.85118
5.38175
5.66020
5.85543
4.10612
3.39858
3.44727
3.79483
5.46463
4.76705
5.10905
3.41563
3.19120
2.85920
2.89270
5.58743
5.88048
5.56250
3.25227
2.88447
2.90165
4.08230
5.03052
5.14390
4.28057
2.84700
3.08212
10.30102
14.80677
14.84362
16.35718
16.08105
15.30730
15.17073
15.64527
19.36008
20.07840
19.33070
15.78178
15.39245
15.76205
17.13173
17.54072
17.96297
17.25490
15.81725
15.25838
15.33542
17.01063
16.94628
17.72830
16.38685
16.04028
15.38732
15.34275
16.28020
17.13550
17.17823
17.58072
15.64072
15.69312
15.28447
15.28125
16.90303
17.30110
17.71807
16.03953
15.27025
15.12420
15.51535
15.61183
17.00350
17.57163
17.77763
17.07505
15.66593
15.52170
15.64398
16.05267
16.23768
16.59480
16.95447
16.82727
17.61293
15.87497
15.47817
15.05677
15.71290
16.27818
15.66507
16.07127
17.06890
17.16097
17.67548
15.57475
15.03480
15.16470
15.16168
15.35285
16.42072
16.99888
17.27173
17.85302
16.34678
15.56093
15.65052
15.70490
15.76325
16.14615
15.71923
17.29210
17.68362
17.70925
16.01502
15.30597
15.16995
15.14642
15.83983
16.31070
16.14160
15.36403
15.25057
15.41730
15.10785
15.11840
15.21195
15.55960
15.68243
17.09432
17.06272
16.08782
15.23857
