2.05035
2.10272
2.34100
2.99763
3.19978
3.36402
4.36928
6.27815
6.96670
7.01443
4.23677
3.44052
3.44530
3.44787
3.45117
3.45335
3.45547
3.46413
3.48642
3.51618
3.63665
2.73895
3.33103
4.93772
4.93418
3.59005
3.44915
3.75948
3.57575
3.78013
3.56828
3.38668
3.38123
3.41130
5.11850
7.04160
7.96772
7.03572
5.53525
3.14535
3.14623
5.60250
7.32835
4.37308
4.15075
3.92535
5.41748
4.30985
4.69583
4.18960
6.47965
15.31310
17.09433
2.66978
6.65058
4.48190
4.50990
2.27603
1.60272
1.60462
1.61072
1.62422
1.69232
2.86397
2.40190
2.23622
1.85917
4.84142
2.17695
2.03492
1.20508
1.50785
1.07168
1.64628
1.19955
1.84427
1.36287
1.42332
0.93115
0.95088
0.96687
1.39935
1.62412
1.62892
1.63353
1.63475
1.64158
1.64800
1.65747
1.65620
1.65162
5.56227
1.61427
0.94838
0.94607
0.94423
1.13568
1.81237
1.89620
2.10822
2.09293
1.82428
1.81010
1.81915
2.43865
2.88602
4.96987
2.78953
2.52547
2.93668
2.61090
2.45985
2.47038
2.92088
2.67390
2.27637
2.45592
1.74560
1.95737
2.16537
1.65495
2.06330
2.05963
1.64050
2.36313
2.94310
2.47805
6.08297
3.25858
5.22320
3.78740
2.63263
2.50667
3.17378
2.28735
2.92447
2.74992
1.38313
1.16027
1.14412
1.14202
1.14452
1.18063
1.23790
1.26587
1.27582
1.30207
1.31370
1.67250
1.99105
2.00880
2.02267
1.89422
1.72227
1.74687
1.77092
1.85053
2.86862
6.19645
5.92192
1.46913
1.47760
1.46803
7.18518
18.65157
2.12187
2.63970
2.62183
9.70572
11.49200
23.70573
24.28777
23.20723
5.33488
4.32502
1.24725
1.02282
0.88935
0.87007
2.72840
3.19817
3.22758
0.99590
0.87723
0.87772
1.32795
1.77500
1.53757
1.69048
3.84745
3.85123
3.65253
1.56112
1.56307
1.56623
1.57088
1.58140
1.30073
1.87027
3.28220
3.68880
1.92517
0.88150
0.88560
0.88867
0.88733
0.88805
0.88903
1.15805
3.68690
3.90512
2.86278
1.55225
1.55327
1.55620
1.55988
1.56328
1.56697
1.59458
3.92622
3.93397
3.51685
1.59098
1.60813
1.63410
1.71380
1.23863
0.91880
3.45127
5.58428
4.78595
2.32592
1.58690
1.59042
1.59272
1.59437
1.59713
1.60162
1.96657
4.74473
3.95980
2.71472
1.61785
1.39782
0.95967
0.98853
0.98813
0.98767
0.98792
0.98587
3.17845
3.33777
2.30595
0.98292
1.08118
1.66175
1.58148
1.58348
1.58670
1.59035
1.59363
3.18333
3.92042
3.51152
1.60138
1.60253
1.61575
1.12388
0.90433
0.90337
0.90323
0.90273
0.90152
0.90012
3.09755
3.27687
1.74233
0.91318
1.01873
1.61842
1.65038
1.65115
1.67085
1.71812
1.74747
1.74763
1.74867
1.75410
