4.09440
3.52445
8.46017
20.67078
6.51450
13.69715
19.65707
6.63035
17.54920
19.11035
17.46857
7.11597
19.99930
19.53237
11.36445
9.15972
20.22568
8.87880
9.72220
9.74303
10.04718
10.08648
10.12983
10.23720
10.26985
10.17653
10.06617
10.62780
10.65972
11.30677
9.41575
9.40288
9.13338
20.91737
10.22863
9.00812
8.97017
9.02022
16.83758
13.90042
8.92290
8.20223
7.98805
7.94067
18.47815
10.18630
7.06300
6.87962
7.01712
7.17920
8.81260
18.39992
6.88420
6.85093
6.22445
6.21728
6.21323
12.95530
12.85980
5.58825
5.17137
5.15945
5.17017
5.16570
10.95790
12.79887
5.62762
5.53797
5.55672
5.57543
14.02187
11.33438
6.44302
7.89357
8.66260
19.82218
10.64763
7.11587
8.84252
9.47415
20.54228
7.51107
7.93100
16.32848
30.18517
31.58583
22.82435
27.52668
27.60340
45.80450
15.87697
7.99842
8.03967
7.79002
17.75883
11.08607
8.13577
8.40243
8.46627
7.85245
7.75847
16.37458
12.20518
7.95198
7.96792
7.80027
7.42613
7.41787
7.40873
9.33207
10.27767
10.30502
10.35192
10.36500
10.42485
10.53700
11.41515
10.54835
10.69183
9.85980
9.33933
8.38983
8.04038
8.04570
8.04033
8.01910
8.02445
8.41482
8.54828
8.56012
8.35840
5.65368
5.76480
5.57797
5.56787
5.56645
5.57920
5.59770
5.60365
5.55402
5.46342
5.72515
5.03790
6.34875
7.60192
7.97573
6.85708
6.67578
6.43512
6.00522
6.00905
6.01352
6.02945
6.28223
7.15343
10.57078
10.40473
11.31287
11.48390
11.31867
11.53468
13.19793
11.84937
11.93173
12.12638
11.86088
11.19838
9.51345
9.51818
9.54873
9.54568
9.61628
9.71348
9.23217
9.15103
9.68520
10.08080
9.63282
10.10335
9.84280
9.94477
9.98905
10.08058
8.97193
7.93358
7.15775
7.16822
7.40150
7.50457
7.35110
6.82402
6.86997
6.92085
7.20370
8.22165
9.12597
9.19327
9.39802
8.92543
8.98982
9.17135
9.17432
8.03302
7.10648
5.62812
4.93398
4.19028
4.01362
4.07453
3.33088
3.72048
3.84598
3.87133
3.89488
3.89933
3.89897
3.92697
3.46153
3.36777
3.36475
3.35600
3.35747
3.35652
3.35022
3.53370
3.87702
3.88753
3.91590
3.90400
3.90577
3.91608
3.76348
3.35860
3.62033
3.99148
4.01843
4.04797
3.85437
3.36962
3.83977
3.88727
3.91648
3.92153
3.92320
3.92710
3.94663
3.49178
3.37477
3.37220
3.36108
3.36095
3.37452
3.36303
3.65128
3.86765
3.88762
3.90642
3.91075
3.91437
3.92085
3.78925
4.03190
4.05690
4.07528
4.13817
3.41240
3.39143
3.66970
3.89780
3.90725
3.94177
3.95930
3.95753
3.95798
3.97330
3.47250
3.39785
3.39627
3.40467
3.41175
3.41943
3.84020
3.92973
3.94138
3.97702
3.98223
4.22143
4.61537
