14.48638
16.27210
14.64687
12.61338
12.39110
12.92370
12.58270
13.29975
13.78585
13.52280
13.38890
13.18342
13.29597
13.78370
16.07823
17.04055
15.89437
15.21343
17.35412
18.11757
16.47590
15.72787
17.29953
13.38257
16.30855
16.45668
16.73155
17.64073
16.98538
17.95412
18.32955
18.03750
19.08978
17.63632
12.24868
12.46842
13.62922
12.71038
12.70543
12.25108
12.29355
11.78217
12.76470
13.85622
14.12980
14.30415
12.70275
12.40003
12.54638
14.12628
13.88798
12.54853
13.29777
15.97018
14.43472
14.12283
14.23018
12.42143
11.48167
11.95305
12.70985
12.46192
10.34665
10.29497
11.22042
10.41130
12.31597
11.73125
12.19573
11.76450
10.16607
10.13153
10.89278
12.88112
12.16145
11.47728
12.06117
12.84118
10.80108
10.06578
10.26102
11.20987
11.05043
7.43868
6.99097
6.47675
7.58945
7.95150
6.59945
7.32228
7.20698
8.70337
9.31105
7.48315
7.63890
8.29227
7.71810
6.42617
8.06353
8.78255
9.51170
9.20203
9.21297
10.40487
7.69503
9.81288
8.57707
7.31787
6.15423
8.72878
8.59258
10.90957
10.40167
8.95068
6.08577
5.97340
5.65040
7.80838
6.23680
7.96285
7.67308
8.99688
9.06448
8.79703
8.98788
10.03073
8.99705
9.35345
10.40198
10.81900
12.29382
12.05318
13.90543
10.36275
9.72470
10.24305
11.11470
13.38342
14.05383
15.04155
17.30905
17.23495
16.11327
15.43205
15.97110
15.07088
15.08968
11.73555
12.66410
10.35800
12.78457
13.47522
13.61387
13.23757
12.70138
12.58988
13.59735
13.49202
12.65053
13.83585
14.46737
14.84368
14.07203
13.99352
11.58923
8.78498
8.50558
8.95112
9.41132
9.43705
9.45935
10.01847
9.08897
9.74697
10.64780
10.64040
10.94320
10.95188
10.98638
11.72165
10.17853
9.91702
10.34465
9.51807
9.31397
9.36047
9.35990
10.31688
9.99992
10.04873
10.32980
10.34032
10.00550
10.17542
10.30842
10.64558
10.04202
9.72355
9.44210
9.84110
10.13110
10.02295
9.75363
10.57302
9.76067
9.69577
9.65618
9.85603
10.05443
9.93827
9.86377
10.49792
10.92172
10.18322
10.09473
10.02882
10.22277
10.03340
9.91987
10.48263
10.26073
10.15607
9.89925
10.44282
10.48463
11.36122
12.50910
13.60822
12.42440
10.93022
10.56463
12.05910
11.96988
10.71578
10.73527
10.54910
11.62288
11.35435
11.70987
13.07652
11.93307
12.85922
12.56297
11.07603
12.93787
10.98755
10.80952
11.37137
11.41503
11.77238
12.42420
12.65617
12.83528
12.15620
13.03540
12.83060
13.09625
13.52890
13.40673
13.03402
13.60902
13.36940
12.58980
13.38280
15.13145
13.47212
13.09712
13.69960
13.26968
12.67682
13.91340
12.83095
12.60447
13.32447
13.58668
13.02860
13.55487
14.57303
12.92577
13.08325
13.74740
12.84050
12.96987
14.25205
13.26035
13.40600
14.71873
14.62123
