10.59625
8.49538
8.93738
8.34345
8.14262
10.74422
9.30042
10.30723
9.17065
8.21377
8.07677
7.94145
7.57932
7.47960
7.89712
8.28000
8.55060
7.54663
7.25377
7.50285
7.17712
5.08968
5.13255
5.66972
7.57423
7.81573
7.25298
7.21397
8.17958
7.75320
6.40913
6.21698
6.88675
6.85722
6.56788
7.14442
7.33460
7.88308
7.83102
7.85590
7.33322
7.41755
7.77043
7.93363
7.32613
8.57435
9.44107
10.72025
10.18102
10.66598
11.76047
11.37528
11.02313
23.44863
21.95445
20.18570
21.47723
12.32598
9.24448
10.49360
12.70408
9.62860
9.51073
10.08285
10.23612
9.25500
11.37245
9.04032
9.39550
9.12735
7.75557
8.21187
9.95722
11.32800
10.49555
10.86875
12.66238
14.10372
11.19893
8.99398
10.23597
10.06127
9.42277
9.27568
12.43258
9.72263
9.69407
9.23898
9.53998
10.24523
10.38205
9.09427
12.32522
9.31062
9.53332
9.30795
9.53577
8.61790
12.04017
10.89967
10.76275
11.91407
12.37953
12.34748
11.43715
13.18918
12.16360
15.62013
10.07517
11.44032
10.91723
12.19148
12.01803
10.76338
11.25377
11.40568
10.78657
12.58722
11.62487
8.91012
9.47840
14.05848
14.80375
18.29555
16.28993
16.61360
10.00462
9.26242
9.67350
10.44913
10.41268
10.20662
11.56117
9.91280
9.59657
8.87472
9.23130
9.97595
10.31662
13.42915
16.72283
14.87282
16.31968
11.18307
12.79603
8.68310
8.85138
8.83620
11.45178
8.74035
9.43930
9.27053
9.60837
9.20397
9.51413
9.70813
14.62710
11.94357
8.17100
8.42555
8.14022
8.66520
8.25982
11.26893
9.10548
8.98550
7.81578
7.72457
8.50932
8.60322
7.77120
9.93557
7.50473
8.10118
8.55393
9.02758
9.33290
10.20883
9.96205
10.89902
7.68195
8.15237
7.65908
7.76837
7.14907
7.33412
8.21655
11.22677
7.74878
7.90985
8.96630
8.76017
8.09058
7.12168
7.44290
10.94287
8.00792
7.20395
7.34555
8.34337
8.61555
8.19300
8.26703
11.29150
8.18822
8.23613
7.20308
7.51672
8.14768
8.29298
7.15592
9.98677
8.52820
8.80185
8.03672
7.78878
8.73777
8.44057
7.80832
10.37482
7.72188
8.05427
8.24615
7.37665
6.93250
8.35638
8.69402
8.89828
13.85202
8.84785
8.63125
8.31732
7.25115
7.32173
7.63638
7.59978
9.74590
7.39797
9.06578
9.53983
9.65263
8.84372
8.65817
8.01448
10.52767
6.81707
6.75810
7.56143
7.80080
8.51058
8.42990
9.33697
12.81705
9.98302
8.37665
7.72872
8.03493
7.67952
6.93318
6.81978
11.41452
8.88112
9.19030
8.67913
9.25635
9.45912
8.50652
7.64187
10.07773
8.03750
8.44855
8.35538
8.57732
9.42467
9.83135
9.65573
8.84222
12.45557
9.86058
10.05218
9.46832
9.29252
9.82813
10.01232
9.64932
9.26727
13.38408
10.08152
