6.33473
6.45060
6.65540
6.63607
6.04768
5.92317
5.92713
6.53750
7.24543
7.05502
6.38877
5.53810
6.04407
6.06463
6.90888
7.15900
6.35375
5.65430
5.66470
5.11472
5.20993
5.59248
5.63855
5.69193
5.94943
5.91040
6.02122
6.98600
7.39387
7.24543
6.91868
7.08560
10.10980
8.31853
5.06628
4.99350
5.26193
5.56930
5.43362
4.96080
4.72273
4.49937
6.91667
8.80832
9.44905
9.43057
7.44773
7.48603
7.48055
8.17708
10.71412
5.57952
4.97417
4.63723
5.20102
5.45065
5.46550
5.87878
6.17747
6.63792
8.81167
12.13623
5.98378
5.48687
8.35390
5.25628
5.27532
6.00085
6.58280
5.87208
6.23098
5.89108
5.71355
5.37137
5.19758
4.13260
4.07157
4.01682
4.40562
4.62033
5.07990
5.68568
5.92227
5.61132
5.63103
5.58182
4.88918
4.53295
5.12502
6.04575
5.44242
5.48815
4.64922
4.25915
5.81630
6.85397
7.31150
7.35862
6.36492
6.23887
6.20827
5.68180
5.03008
4.60023
4.54827
5.17255
4.93817
4.88205
4.87812
5.05453
5.39258
5.57232
5.94735
4.86308
4.60182
4.44030
4.35857
3.94203
4.36953
4.82675
5.14618
5.38520
5.24568
4.77618
4.24373
3.98062
3.94225
4.13772
4.19708
4.31283
4.72905
4.96157
5.56473
4.80333
4.31125
3.64060
3.37518
3.38082
3.37562
3.37607
3.75675
3.73155
3.74815
4.15023
4.24273
4.56093
4.59823
4.71033
4.47738
3.49225
3.55533
3.68372
3.69658
3.53652
3.40655
3.68172
3.70685
3.65088
3.13533
3.57112
4.65232
4.76192
4.57483
4.03810
3.47197
3.29655
3.71503
3.70738
3.72227
3.23260
3.83053
4.42098
4.89973
5.20740
5.15315
5.37048
5.69942
5.88390
5.95300
9.22573
5.01288
4.06492
3.37613
3.35160
3.29167
3.13452
3.09218
3.46975
4.46822
4.75680
4.49648
3.91420
3.63470
3.63260
3.63005
3.63253
3.40825
3.12140
3.57923
4.20413
4.25162
4.77207
3.80507
3.90192
3.48923
3.37470
3.38112
3.65152
4.53602
4.72215
5.24920
5.28218
4.34892
4.14250
4.39172
4.41223
4.54742
4.50243
4.62545
4.77688
5.86647
6.02775
4.82737
5.51447
5.47370
5.31023
9.95688
15.16503
5.38908
4.96295
4.96818
4.83777
4.76400
4.77598
4.78552
4.38058
4.58535
4.67327
5.63358
6.47633
6.54025
6.51773
5.80948
5.84730
5.68588
5.71185
5.24378
5.28565
5.68365
5.72323
5.72807
6.16265
5.71842
6.10575
6.53992
10.59752
10.75608
11.18165
6.20252
5.69317
5.44947
5.90225
7.12722
6.72868
7.00298
6.65068
6.43020
5.82635
5.70797
5.84220
6.04313
6.32668
6.63168
6.45253
6.70467
6.52777
6.40280
4.58695
3.56627
3.74317
3.73875
3.63152
3.94607
4.47877
4.78280
5.07808
6.14423
6.33410
