12.20223
21.59803
14.05550
6.54307
6.84335
6.83642
7.25378
7.91800
8.58577
9.14820
8.84633
8.10190
7.35745
6.27417
6.31430
6.38657
7.19770
7.43802
7.53390
8.10955
8.03560
7.88322
8.09173
7.47427
7.56645
7.30388
7.30617
7.72202
8.03925
8.09155
7.13098
7.06655
6.61453
6.60817
7.38182
7.81305
8.17213
8.80228
9.38847
8.69980
7.77573
7.39085
7.40697
9.17083
9.49423
9.57712
8.28392
7.68277
8.05648
7.61645
6.85612
6.96358
6.71888
6.28862
6.34923
6.81740
6.82690
7.32428
7.09493
7.84590
7.67715
7.36033
7.58212
7.64585
6.90255
6.52720
6.31580
6.36673
6.69483
6.93737
7.35208
7.49473
7.74532
7.83633
7.59757
7.36862
7.36125
8.01785
7.48162
7.30433
7.33067
8.78217
10.71280
8.41917
8.50090
7.04563
6.56550
7.14110
7.11292
8.94042
7.84722
7.83450
8.28712
10.11732
9.39878
8.66800
6.62433
6.41255
6.10258
6.11513
6.27832
6.94005
6.90530
6.74188
7.15888
6.64492
6.50852
6.06970
6.07142
6.51843
8.61825
8.49022
7.45853
7.19418
7.21367
7.36968
7.47490
6.49898
6.59860
8.68458
10.22988
7.75330
9.36602
7.48467
6.51093
6.85810
6.76555
6.53005
6.14308
5.95235
6.05932
8.03985
7.34435
6.27035
6.83848
7.07335
7.02157
6.64298
6.32617
7.10028
10.43010
9.24033
8.25400
8.32845
7.08728
6.51505
6.00327
10.56900
12.74813
5.72550
5.72812
6.30230
6.57062
6.59635
6.44768
5.98213
5.60288
5.62282
5.08488
5.09183
5.10482
5.67475
6.68083
6.40220
6.50065
5.95153
5.16968
5.19225
4.88153
4.62323
4.92467
5.18480
5.43378
5.78035
6.71762
6.82320
6.27542
6.25518
6.31352
6.11748
5.98467
5.81352
5.29025
5.62333
5.91555
5.91590
5.44843
4.98903
5.67873
5.77530
5.95665
7.40275
7.05605
6.86212
6.08230
6.27505
6.21197
6.14733
5.22023
5.10867
5.07970
5.21655
5.29188
5.77402
5.60508
5.74578
6.23758
5.99525
5.95847
5.21973
5.12313
5.12382
5.13540
6.18225
6.30473
6.61220
6.95883
6.19132
5.06527
4.56760
4.45117
4.45488
4.45648
4.90665
5.56822
6.04847
6.73483
6.41347
6.13318
6.11133
5.15923
5.18127
5.43912
5.46870
5.77957
5.35502
5.23392
5.66558
5.58810
5.84633
5.57735
5.76152
5.95778
5.69890
5.64628
5.67617
5.69490
5.87215
5.72578
6.02555
5.92777
5.76305
5.50545
5.27130
5.81273
5.81162
5.22928
5.23257
5.74115
6.50355
6.46735
6.13075
5.93740
5.94203
6.84777
7.20128
7.57583
7.84605
7.13122
6.35192
6.04970
5.70487
5.39718
5.50235
5.79488
6.42182
7.19432
7.33870
6.67753
6.75710
6.87622
6.40447
6.33685
6.18595
6.18975
6.46253
6.30247
6.06402
