2.73113
2.99975
3.93040
4.36845
3.40427
2.66020
2.91000
2.64942
2.20372
3.54725
3.90280
3.37648
3.09200
3.87590
3.83307
3.31735
4.10908
3.98477
3.66725
2.94193
2.44927
2.30425
2.48320
3.74538
5.60375
5.57928
4.67143
3.40145
2.58878
2.12355
2.53087
4.54545
4.03725
3.06405
3.55443
3.54785
3.11862
2.39835
3.06630
2.52973
2.63343
2.34112
2.91728
3.43620
3.34098
3.38080
2.93155
3.95678
3.30640
3.14595
3.78788
12.42310
14.90422
6.92847
7.25747
6.35838
4.96247
4.96738
5.73132
9.69967
15.36518
23.24722
6.46330
9.19085
7.55543
5.95192
10.03640
3.80483
11.10997
9.15565
15.07603
12.41205
13.03943
17.16147
5.07185
16.32745
10.76297
19.75218
19.44825
19.25643
17.91515
4.92017
13.04438
6.62940
18.04982
3.41523
3.19043
3.23680
3.62717
4.18388
5.77513
5.46068
4.84580
3.09927
3.40543
4.21912
3.33870
6.00583
5.91028
4.57448
3.34190
2.64703
3.06793
3.20667
3.42462
3.43343
3.22625
2.53762
2.56540
3.91377
3.29967
3.76060
4.30018
3.66468
3.22202
3.29330
3.31435
3.30457
2.88867
3.36653
3.74353
3.70797
8.80902
7.14952
10.06403
4.87135
2.50527
2.38163
2.40295
2.50408
2.91103
3.30340
3.90045
3.56123
2.49787
2.09727
1.96680
1.99483
2.36792
3.32767
3.26620
3.29192
3.21535
2.97098
2.36582
3.19883
4.04600
3.93773
4.03998
3.62160
3.71247
2.61340
2.88735
3.17252
3.68057
3.68258
5.07038
4.60948
2.87572
2.88627
3.37965
3.32852
3.17070
2.78747
2.08057
2.90682
5.24210
4.09128
2.39850
2.64838
2.67003
2.25950
2.11338
2.79450
3.09777
3.21272
2.41975
2.13787
1.87190
1.38142
2.42928
2.74480
3.91205
3.24487
3.19915
2.29028
1.99662
2.25192
3.15028
3.24548
3.65832
6.21935
4.33985
3.54805
5.64238
4.49480
2.06932
1.67485
0.94063
2.02635
2.52777
2.29713
2.02382
2.60740
2.28743
0.89685
1.19160
1.82922
1.93040
2.01155
2.74148
2.59955
1.63542
1.67227
2.07377
1.65483
2.11228
2.68440
2.58423
1.10702
1.31780
2.07212
2.10723
2.24185
3.09380
2.76855
2.04037
1.47157
1.39748
1.52615
2.20580
2.89213
3.27502
2.84665
2.50015
2.39300
2.72040
2.70740
2.10783
2.15303
2.13760
1.67763
2.21328
2.87970
3.37058
2.55605
2.25765
1.95222
1.17387
1.70403
2.20573
3.40763
3.21415
3.82828
3.15272
2.40802
2.19888
1.92425
2.20182
2.73425
3.87758
3.74372
4.30450
3.79807
3.68238
3.06320
2.73647
3.18770
3.71013
5.97808
6.40917
6.57132
5.12540
4.17965
3.61370
2.91858
3.36553
3.88477
4.61383
4.48253
4.15398
3.31048
3.42300
4.01230
4.81740
4.72678
4.84898
4.19802
