5.08943
5.10587
6.23980
6.14782
6.05172
4.27878
3.90745
4.33705
4.30658
4.34065
4.60907
5.12035
5.57180
5.51670
5.31072
5.50813
5.99890
6.41268
5.89735
6.43033
6.21740
5.09738
4.22248
4.51567
7.08360
11.50838
12.13522
12.35025
11.30557
5.90073
7.60758
7.63800
8.88047
9.42565
7.18092
6.67128
6.30998
5.93792
5.75147
5.12353
4.60953
4.98415
5.29588
4.80050
5.11848
5.41167
5.68673
5.19577
4.42225
4.66853
4.05770
5.23533
5.33657
5.63450
5.17087
4.79355
4.69077
4.35728
3.44340
3.80698
4.79422
5.51518
6.08873
5.25675
4.97273
3.54478
3.29200
4.37335
6.03608
7.04928
6.62578
5.61357
5.19853
5.59247
9.09695
11.63128
11.83907
10.21182
4.01463
3.92563
4.12073
4.74743
5.73905
7.58988
6.69625
4.68365
4.71547
8.89040
13.49735
11.77532
10.25148
8.30517
4.57053
5.56910
5.58542
5.82622
5.56538
5.90455
8.23110
5.77560
5.18498
5.39003
4.47182
4.79112
5.13678
5.76258
6.19557
5.80342
7.99595
4.85118
4.47245
8.21503
5.73628
5.44220
5.53088
4.01398
3.97955
3.81158
4.43612
5.01925
6.26582
8.31875
12.06082
5.07805
3.27158
3.44657
4.83852
5.79678
8.61343
5.38647
4.48845
4.30402
6.77435
14.16703
4.13987
4.14630
3.35485
4.10225
3.77882
3.22578
3.17930
4.50533
5.42935
5.01263
5.38605
5.15572
6.44878
3.99183
3.47678
3.73090
3.82390
4.00137
4.49730
4.05805
3.68023
3.84622
3.63128
3.69835
3.54020
4.11982
4.17655
4.44722
4.37152
6.87185
8.08240
4.97658
5.01457
5.19092
5.09950
5.93118
8.17245
5.72002
3.60915
2.86655
4.43930
4.53813
4.34625
4.55688
5.12485
4.56185
3.40192
4.07092
5.05573
4.73265
3.31970
3.05517
3.91042
3.47453
5.26078
5.89642
5.90075
3.56082
3.59630
3.04567
3.15363
3.11672
4.30447
4.58780
4.08943
3.82102
3.91170
3.32280
2.87185
3.64845
4.45725
4.35882
3.67055
3.43402
3.54420
3.32967
3.22852
3.35085
4.48328
4.29905
4.13808
4.04478
3.59098
2.36130
2.33490
3.39635
4.04363
5.21877
5.11598
3.91242
3.00362
2.32938
2.90137
4.05242
4.21660
4.30038
4.13287
3.40545
3.06110
3.27922
4.37645
4.19528
4.14728
4.27987
5.05112
15.79137
13.92988
3.09663
4.20540
4.66672
5.71393
5.07702
4.40050
3.95382
3.48055
3.79270
4.64117
4.70613
5.30032
3.83737
3.52108
3.43987
3.51983
4.18938
4.37725
4.84327
4.37547
3.22995
2.68353
3.23730
4.50617
5.40392
4.60798
5.31963
5.37570
4.99275
4.31672
3.91317
4.69625
4.73610
4.29080
4.90018
4.97833
4.77960
5.23780
6.17442
6.86513
5.72742
4.96557
4.70487
4.52222
3.46743
3.90917
5.11925
