7.59762
5.97642
6.12245
5.68172
5.25237
5.28183
5.67273
5.83407
5.87763
12.27422
7.37565
5.85443
5.65297
6.32628
6.79282
7.09930
7.43777
7.53982
7.55220
10.82118
14.18397
19.59100
13.29108
20.74393
19.88325
7.51968
7.10770
4.49675
4.64893
5.45312
4.66300
4.13787
3.65438
3.51813
4.28622
5.09697
5.70355
5.34508
6.27002
5.14732
4.06183
4.36208
4.86005
6.40692
5.64332
5.02282
4.61413
4.04693
3.85977
4.37508
4.83843
4.32293
3.87232
4.22587
5.74888
6.10440
6.24292
6.73255
5.20867
4.52388
3.99035
3.85520
4.26048
5.23470
5.91980
6.17493
6.35715
4.72877
6.36065
6.66265
4.23218
4.66903
5.96843
6.37555
5.99127
4.57507
3.97147
3.83165
4.04925
4.63918
5.44463
6.35932
5.41917
5.33222
4.71868
4.51187
4.92082
5.21325
5.04610
4.62268
4.64942
5.12845
5.25212
5.16337
5.31790
5.04808
4.83430
4.61677
4.47895
5.14328
5.68253
5.81233
4.57667
4.95197
5.39672
5.09520
5.33083
5.62330
5.93387
11.62843
16.08152
10.79092
10.23270
14.29993
17.60503
15.87607
8.54370
5.87873
4.42770
4.69928
5.40180
4.56325
4.60157
3.63780
3.39047
3.41822
4.68828
5.57232
4.86803
4.66048
3.89647
3.89553
3.84617
4.03192
4.56997
5.10282
3.88850
3.32628
3.13733
3.13495
4.14993
4.80708
5.51643
4.40200
3.67705
3.85797
4.15972
4.50545
6.70408
5.34488
4.52138
3.82695
3.61063
3.75825
4.42673
4.48513
5.27695
4.90893
4.82690
3.76257
3.97792
4.08143
3.77657
4.09758
4.95638
4.13798
3.35890
2.52992
3.33890
3.54347
3.56392
3.07473
3.70645
4.08178
3.64493
3.26305
2.78225
3.18480
3.38890
3.64975
4.11635
3.46168
2.88322
2.92947
4.27748
4.28073
4.27523
5.31435
4.81462
3.92205
3.11498
3.23628
3.14067
3.71482
3.19940
3.77117
3.26415
3.34945
3.07402
3.38312
4.12973
4.26050
4.33618
3.90498
3.95333
3.36863
3.48398
3.05320
3.07065
2.86498
5.06697
5.60500
5.49505
4.00438
3.13833
2.72530
2.55165
2.63888
3.74198
4.36883
4.12638
3.95522
3.17130
3.06707
2.60050
3.46283
3.78503
4.00628
3.38802
3.28598
3.41355
3.68652
3.88390
4.17767
3.65907
3.03442
2.87462
3.53440
3.91005
3.82157
3.92758
3.97543
4.01207
3.13077
3.34663
3.37660
3.91108
3.67045
4.17098
3.81768
4.81888
5.28650
4.94440
4.68245
4.45427
5.76877
5.83008
6.07857
6.08393
5.72410
6.17583
4.97078
5.01558
5.03575
6.09488
6.29468
5.92113
4.85332
4.66553
4.95730
5.86493
6.47063
6.51595
6.58712
6.04718
5.96620
6.23777
10.05233
9.84535
13.11437
10.68988
8.97058
13.32047
12.40962
11.99380
17.98865
21.76793
15.71650
