4.73237
4.57458
3.64925
4.10255
3.73488
3.55607
6.27102
6.00387
5.76807
5.65948
6.07840
5.69682
3.98493
3.00370
2.78522
5.31915
8.16243
8.17592
8.60172
9.44102
9.70390
7.10735
5.18505
4.74142
5.22900
5.23272
5.23467
5.24125
5.87327
6.23248
6.28568
5.89762
5.86693
4.88825
4.90705
5.18820
4.94125
4.95082
4.99520
6.15500
6.77232
6.45338
5.82495
3.81537
3.02730
2.53985
2.27528
2.24048
2.24532
3.28727
3.74097
4.33098
4.22115
3.12702
4.03318
4.95187
5.64390
5.54410
6.18202
7.01943
7.19370
7.87080
7.32643
6.01933
4.95552
4.59220
5.91925
4.55335
4.28607
4.28407
4.73423
3.86343
4.29102
4.56518
3.66167
3.47598
3.89732
3.92753
3.92752
3.88867
4.11142
5.62163
4.84625
5.14537
4.85585
4.89090
5.20132
4.63767
4.11032
3.32383
3.60700
4.69995
5.06435
2.28098
2.28955
2.29847
2.30068
2.57143
2.68830
3.62462
4.22265
4.37820
3.81467
3.18928
2.91528
2.92405
2.92603
2.93068
2.95072
3.45732
3.33142
3.28413
3.28130
2.28093
2.28315
2.28545
2.28903
2.42597
2.47180
4.01510
4.23938
4.61713
3.28368
2.92118
2.92553
2.92457
2.93965
2.83148
3.14493
3.35433
3.77970
3.52972
2.41062
2.34203
2.34058
2.36248
2.46350
2.27603
3.30023
4.17347
3.87525
3.79057
3.14855
2.89212
2.90572
2.91813
2.56462
2.26558
3.49565
3.24868
3.37242
3.02792
2.28617
3.58570
3.58297
2.22843
2.23168
2.59593
4.12320
3.84893
4.22633
3.18635
5.38718
2.86892
2.89543
2.87465
4.74920
3.31970
3.57832
8.30525
8.65340
6.52120
9.60002
7.99008
6.42270
7.49362
5.49737
5.73770
8.10917
5.50300
8.08472
5.32510
4.51960
5.05082
7.62730
3.76035
2.38950
3.35772
3.66728
3.38310
2.84158
2.55235
2.38605
2.38838
2.38748
2.39120
2.51813
3.66753
3.38832
3.70192
2.62955
2.39615
2.81398
3.02573
3.00308
3.03138
3.37582
4.35530
4.03842
4.20538
2.88885
2.96275
3.08870
2.47337
4.87317
5.63090
6.41465
5.94358
4.11603
3.99843
2.97615
2.97187
2.98190
2.97655
2.95475
2.98920
3.94177
3.97523
4.27455
3.78197
3.49938
3.15655
2.98758
3.26407
2.99043
2.98142
3.65292
4.28643
3.99357
3.87143
3.24625
3.03888
3.00837
3.00833
3.02762
3.03937
3.87877
4.15615
4.02170
4.10682
3.02752
2.41597
2.39167
2.37905
2.36725
2.37207
3.47178
3.35802
3.66777
3.07147
2.37715
2.38078
2.84295
2.97833
2.98152
3.02455
4.15203
3.98882
4.29893
3.66527
3.00618
3.00458
3.01073
3.00568
2.36235
2.35943
3.17517
3.67592
3.38782
3.20200
2.63400
2.38768
2.40158
2.74920
2.40360
3.00732
3.97772
4.17882
