6.67567
6.91350
7.26305
7.00677
6.67482
6.82942
6.95858
6.23838
7.27107
7.82788
6.91702
5.58993
5.45735
6.23095
4.72617
4.60343
4.61148
4.61765
5.32223
5.32208
5.33095
5.32778
5.33862
5.36715
5.71825
5.33408
5.37192
5.14450
5.16337
5.19672
5.20633
5.23673
5.26787
5.29528
5.38942
4.83268
4.62340
7.88305
12.16807
11.66155
8.82677
5.81170
6.09277
8.14548
10.36005
10.41907
10.92308
6.99472
5.60168
5.61068
5.45190
7.14940
8.71295
7.14232
11.92083
14.74447
17.71580
16.12705
21.82812
17.45778
19.77883
16.29423
19.95740
19.19187
17.43578
19.96940
16.48722
20.59952
20.52752
20.03958
6.74097
6.81127
6.75578
5.47130
5.38443
6.01612
5.53055
5.18942
4.98197
4.99440
5.04638
5.41013
5.16287
5.15323
6.83543
6.66517
6.77957
6.46090
6.93138
12.60660
17.96482
19.57803
18.14418
18.40708
20.62667
16.91608
21.58852
18.89118
19.26267
20.28475
17.50208
22.70032
25.50973
18.62115
9.30907
6.19645
10.13130
9.39435
5.82843
4.63058
5.14725
4.83050
4.72483
5.71893
5.95493
6.04010
6.38332
6.59797
6.96228
6.76843
6.73317
7.03697
7.07657
7.06980
6.85662
5.54483
4.79817
4.56860
4.63302
4.71495
4.85290
5.26085
4.48122
3.71208
3.75597
4.94045
5.41355
5.52610
6.57037
6.62530
6.64788
6.70995
6.21550
7.06242
14.26972
14.60557
11.82595
6.51465
6.55383
9.03297
10.99533
10.59800
9.07515
9.23555
10.01965
7.18265
6.46512
6.23255
6.60485
8.83320
5.30845
6.46747
9.28443
11.88405
10.46552
10.16527
7.83200
10.70208
8.46515
11.07890
5.94707
6.08633
5.56820
5.67408
6.12157
7.00490
7.30143
6.34125
5.57262
5.08870
5.02168
5.05930
5.11795
4.37090
4.59128
4.38157
4.00927
3.84345
4.26703
4.26742
4.25033
4.40845
4.12342
4.64772
4.82620
4.80470
4.81317
4.81603
4.73527
4.61908
5.12998
5.04905
4.98525
4.37372
4.39245
4.31307
4.17167
4.20107
4.62185
4.62740
4.90575
4.35157
4.40315
4.85912
5.35417
5.35945
5.35772
5.37077
5.39088
5.37752
5.38480
5.44480
4.65233
5.02443
4.64028
4.67003
4.68410
4.42780
4.25615
3.87128
3.77742
4.14733
5.02127
5.02125
5.01703
5.35482
5.06817
5.05158
5.04148
5.05430
5.05575
4.36533
4.28963
4.27102
4.27402
4.27790
4.26228
4.42960
4.49918
4.26277
4.19303
4.72845
5.19427
5.22518
5.24092
5.20230
5.21397
5.23082
5.20947
5.21775
5.51178
4.49017
4.51695
4.51413
4.48577
4.49268
4.50095
4.48372
4.49558
4.58308
5.33183
5.23143
5.66443
6.06900
6.32152
6.02567
6.26367
7.80490
9.16383
7.50507
6.29877
4.55013
4.51892
4.51133
4.89307
4.50870
4.51485
5.56418
