3.57280
4.45672
4.01077
2.47430
1.71507
5.59127
1.96407
0.72695
0.73040
0.59340
2.44583
3.66245
4.09498
3.29125
1.63335
0.80377
0.78735
0.78708
0.79027
0.73397
2.04508
2.02008
1.07690
0.78528
1.03275
0.71098
1.26140
1.29583
2.17623
1.23568
1.02100
0.92345
2.77278
1.62225
1.41743
2.34645
2.82760
4.33013
3.56140
4.77975
2.74995
3.48088
1.49522
1.53112
0.75727
0.77750
0.89867
1.45547
2.97752
2.47092
2.70158
3.92378
3.39988
2.31145
1.40658
0.63338
0.59882
0.54562
1.62715
2.29292
2.18572
1.42542
0.39420
0.35317
1.56660
2.38125
1.40308
1.87247
5.34007
3.80513
5.08650
2.60607
4.00177
2.28002
0.77190
0.79505
0.31947
0.45567
3.60992
4.28237
2.76663
4.75115
8.57193
3.68433
4.19243
4.06938
0.56878
0.49930
0.40322
3.01042
2.29252
0.85975
1.35592
1.86807
1.97213
0.70897
6.56530
9.92968
7.92432
2.50997
0.77060
0.43885
0.40012
1.13978
1.40963
1.26207
1.38328
2.80148
1.28810
2.59527
2.46010
3.27142
2.78285
3.27458
3.14785
2.59600
2.18075
0.81232
0.82523
0.78682
0.68845
0.76172
1.42827
3.43757
4.44025
3.78137
5.81230
4.09725
1.27120
0.26980
0.85212
1.03582
5.44787
2.16555
2.23133
2.84423
3.45297
3.10920
2.19857
1.48983
0.83800
0.65188
1.43390
0.51463
0.65443
0.16918
0.15237
2.04788
3.16967
3.59353
3.33652
2.52862
1.56212
0.13715
0.02698
0.24782
0.41798
0.80372
2.02338
2.30207
9.54495
8.02300
1.94623
1.50657
0.95988
0.91183
0.83515
0.42757
0.83632
0.50130
0.48192
0.73217
1.01055
2.43065
3.27247
2.15233
1.03718
0.46447
1.12770
1.92300
2.39540
2.24143
0.83220
0.83233
0.83527
0.83237
2.23558
2.53635
2.70368
3.29805
2.91418
2.51650
1.15977
0.84353
0.84573
0.84447
0.84275
0.85052
0.84468
3.23458
4.08225
4.16712
3.29165
1.40183
1.07313
0.58228
0.59558
0.57685
0.54677
1.88648
2.38300
2.43683
2.38628
2.55932
2.57888
2.60462
2.62472
2.67583
2.76175
3.58757
3.11763
2.17520
4.69650
5.08815
2.85513
2.60755
2.21132
0.84668
0.84648
1.52132
2.37065
2.41492
2.13635
1.00232
1.26730
0.70727
1.93123
2.57108
2.60702
2.72165
2.36477
2.41547
2.32238
0.84658
0.84417
0.84530
1.01992
1.31225
0.62737
2.42945
4.06518
4.14153
3.71332
0.84487
0.84598
0.91798
1.22353
1.22255
1.22870
2.57352
2.08092
2.71210
3.85743
3.38153
2.80227
3.25187
3.30115
1.97947
1.52012
2.10135
3.03820
3.89702
2.30980
2.17782
2.34215
2.68807
2.88312
3.62277
3.64458
4.50498
4.23097
3.43640
3.01602
2.14417
2.88462
1.67663
1.68348
1.65910
