1.40817
7.23917
14.39742
5.12582
0.97042
0.98197
0.87497
3.27783
13.62108
7.98232
0.86388
0.86553
1.16162
1.36143
11.94028
12.73672
1.52062
0.85608
0.86073
0.86518
4.43337
13.45712
6.40198
0.95007
0.97102
1.05978
1.56007
12.69687
10.73570
1.03267
0.60915
0.45272
0.45372
10.69375
10.95758
0.48270
0.44965
0.44898
0.44827
9.43800
13.15440
1.32482
0.93043
0.80935
0.45157
9.88910
11.39860
0.51508
0.45065
0.44865
3.11793
12.76040
12.05642
24.87728
28.83740
29.02898
29.37020
28.91917
28.95697
28.95000
29.26112
29.15810
29.04998
28.86700
29.11880
28.41742
1.70173
1.47025
3.28240
13.71355
6.56465
0.97833
0.97537
0.97612
0.97553
0.97495
9.42148
12.65187
1.57295
1.99268
1.88865
1.90147
1.97743
2.08867
13.09918
9.02040
1.66162
1.66595
1.65847
1.89020
1.98925
3.93168
14.58205
8.63787
3.99310
2.88732
2.33537
2.34642
2.91385
2.17705
7.12763
14.12392
5.42362
3.40613
3.26438
3.29585
3.45422
3.57478
3.64090
5.33952
14.62162
7.95508
3.25940
4.17667
3.51137
3.53720
3.16188
2.75205
2.85413
1.93302
1.95093
2.08218
1.74368
5.49167
11.32572
10.60968
16.68567
11.97247
2.60538
9.20570
10.66848
13.88815
13.94500
3.29775
1.36147
1.01660
1.01677
1.27445
1.31445
1.25790
1.02090
1.02148
1.08610
1.46025
7.27263
19.35792
18.61452
17.42292
16.66860
16.14463
11.40002
1.75245
1.60000
1.24142
1.23027
2.12573
1.83093
1.79693
1.79200
1.21758
0.85360
0.66442
0.98268
1.10763
0.94622
0.65513
1.35007
2.04748
1.25403
1.06905
1.08422
1.10790
0.82012
0.62488
0.68522
0.94732
0.92468
1.02533
1.03922
1.01332
1.26532
1.60258
1.52493
1.51840
1.53282
1.04927
1.15120
3.66678
1.63125
1.56342
1.40367
1.76347
1.76522
2.08268
2.45742
2.41983
2.33368
2.16612
6.08508
22.85297
22.69082
6.33875
1.21683
1.04727
1.05302
1.75373
1.96058
1.73645
18.04963
19.32405
21.80675
20.53720
24.18102
2.67322
0.93533
0.64112
0.64153
0.75940
1.06012
1.26162
1.27777
1.29202
1.00173
5.29582
11.79883
12.05038
12.22535
6.51370
0.92397
0.96500
2.90460
2.03750
2.01463
3.35232
12.89247
12.17665
12.36557
2.68998
10.47337
22.58423
20.40252
1.26492
1.22622
1.70037
1.94133
1.84482
1.68807
1.58045
1.24980
1.22055
1.22382
1.51902
1.96813
1.94598
2.61698
1.78772
1.99075
1.99953
3.14585
3.07082
2.52178
2.86080
2.42790
2.41332
2.68153
2.70877
2.64628
2.42478
2.61075
13.25542
14.70257
2.99585
2.86143
2.47655
2.65198
15.34880
12.41465
1.73278
1.55485
1.48465
5.63765
14.50928
8.75980
1.52092
1.29830
0.77587
7.17717
13.31098
