16.20488
17.95433
17.07988
16.97407
19.47832
16.54717
17.11572
18.79152
16.56685
17.55795
19.41707
17.45585
17.86693
17.95928
15.69273
17.52847
16.98882
16.34330
17.94427
14.74025
13.44095
13.04482
8.95000
9.15193
8.80897
4.68448
4.95845
5.29205
3.23168
3.49417
1.64157
0.31538
1.60967
1.18038
1.30080
1.33408
2.27082
1.40100
2.11860
4.17793
4.46688
4.89450
2.14228
2.66188
4.00332
3.21207
5.11623
8.46358
7.04223
4.80080
6.61845
7.01198
6.01503
4.09662
7.74080
6.97352
4.90105
5.58130
5.86610
2.77107
2.93523
4.01397
4.08947
4.29840
4.06617
2.59760
4.32870
5.18347
1.91012
3.29072
4.99675
4.08917
9.79305
4.67338
4.30082
1.40213
3.43622
6.06590
8.76073
7.64027
5.94800
8.05602
4.75858
2.79528
7.42972
3.24330
3.46452
5.25990
2.27355
5.16833
5.03603
4.13735
2.79775
3.91000
2.79125
4.96930
2.91180
2.75908
1.73865
0.73262
1.41555
3.18008
6.00753
4.41438
4.34848
6.11910
2.28473
2.11848
3.69130
4.26222
6.55723
8.23033
7.03757
9.53917
9.94013
10.20048
13.00097
9.48632
10.03555
11.85028
9.86493
11.60728
12.85625
10.36863
11.63460
12.45820
10.61843
12.36565
12.54430
11.78172
13.31975
11.55532
12.67503
14.54715
12.15840
13.00170
14.13760
12.43130
13.62012
14.04395
13.16848
15.35597
14.68660
13.80790
16.44157
13.92670
14.75982
17.90252
16.51070
17.16622
18.02607
15.99137
20.09100
20.77162
18.53250
20.66480
19.14437
19.98078
19.22458
16.11493
16.96418
19.36678
16.91965
17.40683
18.81427
16.88463
18.01055
19.30335
17.92103
18.80837
17.44680
18.41148
21.88560
17.93387
17.72158
19.07857
15.88667
16.65050
17.89005
15.96952
17.73173
18.40488
16.16015
17.58645
17.04980
16.17037
18.78482
16.84778
17.14792
18.29803
15.97902
16.74002
18.09203
16.66703
18.00997
18.22807
16.38732
18.06457
17.50800
16.96568
19.87980
17.11015
16.77500
18.18898
15.92980
16.79587
18.58407
16.82198
17.37683
17.61455
16.09825
17.70225
17.37410
17.11042
19.29827
16.14093
16.62153
18.34648
16.10107
17.81853
19.43257
17.32863
18.22678
18.69128
17.08207
19.10378
18.95170
17.50622
19.16283
16.63830
16.74898
18.79733
17.22343
18.11670
18.70125
17.36985
17.99102
18.35892
17.11383
19.24975
18.40468
16.93080
19.28247
16.70030
17.24113
19.94792
18.09403
18.25988
19.12197
17.22230
19.13587
20.45597
19.36015
21.17523
25.22697
24.35208
27.13893
24.67338
26.09977
27.77515
24.51002
25.31408
26.64358
25.12627
26.74677
27.39507
26.08172
27.29877
26.43500
26.03993
28.53800
26.39417
27.03733
28.35492
25.03762
22.05105
20.09913
18.66472
19.90132
19.73068
17.72155
19.43918
18.74472
18.20760
21.24482
18.57078
18.29353
19.97553
