5.10958
3.17313
3.86837
3.68158
3.07394
3.51933
3.03038
3.66907
3.25848
3.21528
3.63146
3.50862
5.64617
3.88508
2.97702
3.30036
2.90873
3.62968
3.00371
2.70313
3.12280
3.06501
3.03073
2.55703
3.36285
4.10343
2.41413
3.08796
2.40527
2.44538
2.13838
2.23621
2.58994
2.80216
2.26712
2.19643
2.22036
4.00803
2.66431
1.89367
6.19415
1.74725
1.63420
1.45912
1.66483
1.75601
1.81338
1.73646
1.88873
2.82538
3.70798
1.86555
1.43577
1.43572
1.69658
1.77492
1.72771
1.62207
1.62605
1.75146
1.78049
1.55935
3.65665
2.65364
2.30972
2.43856
2.37565
2.06826
2.14784
2.60052
2.20953
2.07395
2.19549
2.19593
3.23095
3.82795
2.42863
2.25348
2.54037
2.34136
2.21399
2.53864
2.45730
2.20100
2.42785
2.20891
2.06370
4.39156
4.29404
2.30942
2.59262
2.13320
2.37187
2.27577
1.94458
2.58928
2.66168
2.20974
2.37822
3.54931
3.17329
2.76882
2.36733
2.23097
2.81153
2.44733
2.56879
2.85496
2.15062
2.18367
3.30261
4.47748
3.68019
3.00488
3.21589
3.86848
3.18916
3.20983
2.63979
2.40548
2.90138
2.78342
4.70750
6.01149
2.68306
2.80253
2.88388
2.81763
3.83218
3.77105
6.55030
5.39492
5.04714
3.64493
5.21701
3.92546
3.69280
3.25574
4.14548
5.64071
5.69665
4.74652
3.98434
3.65533
3.22374
5.06791
6.17828
3.19865
3.41394
3.23302
3.81404
3.94603
3.57658
3.19099
2.68105
4.52685
5.49772
5.99949
5.34952
4.40725
2.51566
3.18862
4.13552
4.17510
2.78088
3.18475
3.20054
5.39155
5.48523
4.02044
3.33484
4.78096
5.75357
4.39539
3.95772
5.01672
3.70349
5.13479
3.82452
5.77102
5.70449
4.37064
3.03139
2.68479
4.29568
5.54128
4.36133
3.45685
2.86632
3.30499
3.79373
5.46278
5.87825
5.63041
3.77582
3.31519
2.89072
5.71525
5.27698
3.77559
2.78376
2.86210
3.23092
4.61494
5.54543
5.41392
3.27284
3.06474
2.93197
3.58601
10.07996
8.84303
10.95111
8.24534
3.17838
3.66570
4.45829
3.95941
4.02069
4.15874
3.59810
3.60180
4.86399
3.10534
2.59192
2.82242
4.86210
3.44290
2.89221
3.64699
3.92314
4.90744
3.15801
3.00199
3.59227
3.76358
5.56200
4.91087
3.33609
2.85084
2.47947
3.31106
3.33883
3.25863
4.19105
4.53803
4.33155
3.84105
2.33199
3.01840
3.21095
3.21695
4.37948
4.50635
3.54424
3.50472
4.40517
2.55144
2.66957
3.52495
2.88685
3.98752
4.38894
4.24400
3.55383
2.96422
3.72265
3.09067
3.15173
3.81330
3.17178
3.49863
3.66942
4.98713
6.03801
4.35043
5.43422
5.00307
5.41026
5.77997
6.25960
7.78181
8.06942
5.50140
4.41434
3.68027
2.72782
2.72248
