12.96525
13.27152
12.80947
12.82030
13.26012
12.81900
12.81192
13.23247
12.95010
12.94252
12.93997
13.00815
12.72632
12.71227
13.10482
12.71908
12.70698
13.12132
12.79325
12.94203
13.37745
12.93833
12.92327
12.86515
12.70103
12.70442
12.69575
13.11697
12.65823
12.65437
17.32000
15.64830
12.78998
13.27203
12.39680
12.62130
12.82292
12.88858
12.65442
12.65193
13.10870
12.69510
12.75413
13.22855
12.78328
12.76607
12.82198
12.58812
12.62107
12.90368
12.67065
12.62290
12.61708
13.29222
13.05108
12.68713
12.99053
12.55545
12.05370
12.60393
11.46000
11.27642
11.30023
11.76655
11.38277
11.48785
11.91760
11.50575
11.52325
11.90862
10.97092
11.36040
11.34813
11.82617
11.36018
11.36192
11.87847
11.42878
11.42575
11.87308
11.42093
11.41158
13.14907
13.66553
13.28590
13.30130
13.72297
14.33412
18.61532
19.25933
15.51255
18.18188
18.55035
18.06690
17.81605
18.14262
18.58535
18.16783
18.19745
18.63038
18.30552
18.28795
18.69007
18.29995
18.31200
18.54993
17.74057
18.03772
18.07725
18.52892
18.07420
18.13198
19.10045
18.29130
18.29325
17.52560
17.03150
16.92615
17.27083
16.65502
15.31588
14.21423
13.77917
13.90400
13.92532
14.38867
13.90358
13.91345
14.27187
13.73782
13.84667
13.92515
13.65127
13.69997
14.19062
13.86285
13.87687
14.40950
14.16232
13.85260
13.69213
14.08190
13.67260
13.63518
13.81420
13.66887
13.74020
14.24892
13.86478
13.90945
14.22507
13.86873
13.71460
13.74242
14.20938
13.74942
13.60063
13.74107
12.09120
12.09095
12.01148
11.48983
11.49775
11.78938
13.08577
16.45697
11.33360
11.79092
11.36222
11.67065
11.83335
11.55245
11.53685
12.02115
11.48585
11.38768
11.88662
11.33883
11.32395
11.27232
11.70963
11.41348
11.21905
11.81667
11.44438
11.47217
11.74552
11.29898
11.30540
11.72075
11.31707
11.35217
11.82322
11.56792
11.54285
11.70337
13.63483
12.78797
12.66142
13.11367
12.71698
12.72868
13.19252
12.78077
12.79018
13.42987
13.02967
12.73750
13.08247
13.81235
13.12977
13.06128
13.49185
13.01423
13.00930
13.48610
13.11698
16.15882
17.13180
13.09512
13.10010
13.09577
13.50313
13.04880
13.04773
13.46925
13.03612
13.15377
13.78038
13.47015
13.26942
13.13207
13.62242
13.04928
13.04568
13.55425
13.06315
13.03940
13.07267
13.59895
13.24375
13.24400
13.61177
12.95677
13.13807
13.07898
13.53560
13.03097
13.09100
13.53327
13.04108
13.22175
13.23303
14.13682
12.87895
13.23090
13.54120
13.01868
13.03080
13.45582
13.03438
13.03303
13.14982
17.12530
16.19218
12.82040
13.67258
13.18275
13.03795
13.00295
13.47778
13.02692
13.02328
13.56397
13.18368
13.02162
12.99688
13.65245
13.64048
13.19482
13.65505
13.23387
13.17183
13.38688
13.26492
12.97768
12.75303
13.46122
