4.31372
5.37288
5.16623
4.62105
4.24837
5.45783
4.73995
3.26950
3.93302
4.26668
5.09447
5.09692
4.29213
5.29697
5.05310
5.06140
4.60030
3.91370
3.37318
2.97185
3.88910
2.98230
3.68682
3.19657
3.82453
3.93803
3.21802
3.20125
3.44838
4.75723
4.23960
4.12030
3.27987
3.67547
4.24195
3.30843
3.65010
3.85375
4.64333
4.77128
3.94985
3.27440
3.04882
3.88280
3.13570
3.10110
2.89033
3.57685
5.11918
6.24197
6.20780
6.12183
7.44240
6.93798
5.96637
5.70115
6.31720
8.08815
7.19960
5.85468
6.02562
6.48573
7.23912
7.18597
6.04442
6.32677
5.64128
6.80543
6.00033
5.16902
5.18912
4.28977
5.25112
4.58233
5.25003
5.49833
5.78592
5.52052
3.80238
4.12917
3.40993
4.14927
4.12520
3.61530
4.26020
4.48602
5.19508
5.03778
4.41663
4.32497
4.56290
5.68940
14.31378
5.97980
17.18915
4.57287
14.89477
4.13195
3.51613
3.88553
4.68383
5.87197
23.32747
22.67803
11.47002
14.77730
18.41095
7.78788
3.89622
5.51322
6.53862
5.63188
5.69757
5.32415
5.72242
5.14600
4.67365
4.95007
5.13995
5.48313
5.41258
5.16428
4.72130
4.36953
5.11257
4.15967
4.20483
3.55315
4.17608
4.57385
4.46360
4.00902
3.83268
4.81070
4.26917
3.84178
4.00635
2.76545
3.33452
3.30882
3.06860
2.32443
3.20135
2.80807
2.55802
2.41877
3.92047
6.42005
4.91752
5.20765
4.87342
5.23502
5.64262
4.33252
4.37677
4.23618
5.09145
4.56468
4.94452
5.11188
4.97347
5.72850
4.53562
4.65182
4.65908
5.26068
6.16458
5.46530
4.95030
4.04538
5.17432
4.44748
4.04705
4.14017
4.47162
5.77453
5.37105
4.97783
4.61902
5.37300
5.16262
4.67380
4.35617
4.32485
5.98997
5.06508
4.08323
4.08173
4.66960
4.91517
4.61467
4.55175
4.65665
6.48020
5.83587
4.74517
4.46218
4.48810
5.11673
4.16947
4.08908
4.13198
5.77988
5.46432
4.66565
4.53177
4.82997
5.66270
4.97472
4.62855
4.89840
5.61808
5.73222
4.17200
4.13383
4.16852
4.92548
4.64925
4.18003
4.62963
24.69860
15.34890
4.72577
4.60357
4.67748
5.27052
5.36502
6.05187
6.53223
7.51668
8.27607
7.59715
6.35130
6.50013
6.71883
7.42868
6.50217
7.74852
7.92485
8.31322
7.64173
6.96677
7.06577
7.19000
8.16047
7.36995
7.74037
7.86932
7.28740
7.80855
5.44315
3.54713
2.79758
3.76682
4.70225
5.31090
5.15248
4.62763
3.90670
2.81687
2.88265
2.67918
3.49630
4.37617
3.57633
2.99065
3.20655
4.30202
3.60712
3.37403
3.23848
3.89133
5.26680
3.52373
2.78130
2.77123
3.58282
3.39645
2.85233
2.88207
4.01718
4.94315
3.48240
3.26547
3.30983
3.81160
4.20035
4.26748
