0.45268
0.53632
0.52756
0.44251
0.33580
0.33190
0.33365
0.33292
0.41509
0.43716
0.50582
0.52895
0.43298
0.41599
0.34875
0.35051
0.44419
0.45439
0.48601
0.59879
0.64758
0.66671
0.69683
0.70523
2.47821
2.80281
1.93985
2.65411
3.28764
4.30809
3.51317
5.01801
1.44392
0.57867
0.80488
0.96392
1.09555
0.94609
0.70107
3.24671
1.14017
2.92614
1.22717
4.32338
3.46291
5.42786
5.40296
3.86580
0.63015
0.61707
0.56189
0.64010
0.68465
0.64924
0.76671
0.82815
1.69088
2.92732
1.14321
1.45220
1.38741
1.26072
1.10803
1.33485
1.45198
1.64425
1.76968
1.56766
1.80403
2.17067
2.46124
2.31545
2.69897
2.82095
2.71076
2.67031
2.88842
2.78242
3.02617
3.05462
2.51159
2.67354
3.04644
3.39484
4.35396
3.00714
3.47089
3.81653
3.76513
3.69193
4.22737
1.91233
3.52143
3.88609
2.22833
3.80782
3.84887
3.57692
3.91220
4.43129
3.13453
2.59752
4.76716
4.29152
3.67376
2.53229
2.06882
2.52152
2.62046
2.19560
1.58488
1.23466
1.54360
2.00561
1.62947
1.28802
1.18486
1.21560
1.45813
1.38950
1.51222
1.38954
1.30297
1.42166
1.18793
1.19851
1.38308
1.42499
1.42941
1.41276
2.56669
2.53435
2.59241
2.29544
5.77023
5.30834
0.89213
0.85053
0.89553
1.02888
1.38683
1.08287
1.01037
1.13832
1.09005
1.10236
1.03043
1.07086
0.95711
1.00933
0.87265
0.83557
0.87532
2.16743
0.84742
0.82708
0.77168
0.75133
0.85284
1.23035
1.19371
0.92963
0.79716
0.58597
0.58173
0.62398
0.65489
0.65859
0.62939
0.60195
0.60269
0.53694
0.51825
0.50443
0.49666
0.48030
0.41392
0.45644
0.42968
0.42124
0.32308
0.29325
0.29424
0.29430
0.29520
0.37868
0.49381
0.49807
0.46994
0.39762
0.33037
0.29575
0.29657
0.29524
0.38776
0.40148
0.40393
0.32313
0.29481
0.29494
0.39658
0.45778
0.45830
0.49766
0.50456
0.44176
0.29511
0.29507
0.29517
0.29504
0.29628
0.37749
0.40136
0.40485
0.37861
0.38994
0.39191
0.39438
0.39715
0.41388
0.40192
0.40264
0.40956
0.30181
0.29672
0.29655
0.29678
0.29664
0.40026
0.49604
0.49794
0.48292
0.39701
0.40200
0.30839
0.29674
0.29553
0.38741
0.40212
0.40275
0.40614
0.32813
0.37016
0.39315
0.39666
0.39950
0.46040
0.42330
0.40385
0.40487
0.40975
0.29665
0.29682
0.29656
0.29677
0.36907
0.49440
0.49802
0.50013
0.50525
0.46112
0.32155
0.29700
0.29645
0.29675
0.33012
0.40477
0.40037
0.40245
0.49388
0.49489
0.49772
0.50215
0.50990
0.55362
0.58356
0.54310
0.53559
0.42139
1.36999
0.42064
0.55919
1.52243
0.78377
0.62182
0.53166
0.51620
0.52078
