5.17997
5.19267
4.21353
4.74498
4.69828
4.96242
5.92595
6.37497
5.08838
5.26265
4.67265
5.28933
6.18138
5.66877
4.86855
4.93938
5.00822
5.74735
5.52907
5.74562
5.68465
4.71808
5.27793
5.52257
6.65297
6.47037
6.43855
10.28860
9.18742
8.95610
7.91293
8.41492
9.10982
9.16483
8.68097
8.02315
8.13582
9.19728
9.43588
8.86758
8.26317
9.22175
10.11760
17.65985
17.60868
24.05622
26.22762
33.30660
32.43362
31.05890
35.41112
34.53198
19.74018
23.32193
27.55073
13.64897
10.65998
11.23318
11.45073
13.60467
12.46660
13.13918
32.46448
32.72865
11.01575
9.34013
9.79767
10.27242
9.56947
7.64882
6.51243
5.86647
6.11092
5.61887
5.35483
7.63015
7.96625
9.94390
11.18278
6.15413
7.47727
5.81682
7.84417
7.86078
4.00772
4.15340
5.97303
6.84872
6.71528
5.13538
7.29178
3.81050
4.03432
3.42962
3.94682
3.80590
4.24800
4.12273
3.65708
5.04045
4.37095
4.09928
5.27370
8.41515
12.15033
20.51983
25.65563
26.49422
26.79897
25.92018
27.10043
27.88372
34.90565
23.65768
7.42673
5.73885
4.83408
5.11120
5.49930
4.81258
5.75853
8.78792
6.91357
7.23195
7.96145
8.44647
5.62337
10.45097
5.73348
5.61760
6.44947
6.01200
7.20070
19.56908
18.20793
20.63727
21.77860
30.18325
28.22853
30.63305
31.66688
19.12510
8.50168
7.08655
8.41395
14.78063
30.97285
32.45508
29.18568
33.64857
36.31758
42.88367
41.97938
35.55592
24.68203
23.95145
31.47245
40.41758
39.54958
37.94535
39.69038
50.75270
55.07440
56.33012
56.57713
56.94360
38.05952
33.04020
17.01665
10.86672
10.29900
8.19448
8.57065
7.02440
7.50310
6.70415
5.73822
21.99150
29.13210
29.31098
30.90037
27.21163
28.78480
22.06467
17.12153
26.45800
25.82353
26.14790
26.58475
25.26447
5.93428
4.74885
4.14678
6.05493
7.87828
5.14492
4.94508
4.65670
22.87128
26.35358
34.62722
35.36997
35.25683
34.95077
35.50288
36.10320
34.70745
33.36652
31.29403
27.13167
26.42307
26.87525
26.49405
22.30857
4.81322
4.60195
4.85323
4.87142
4.55932
5.11510
5.39293
6.13858
30.53797
34.14557
34.01432
31.36857
26.79292
25.89115
25.62863
25.88847
26.32207
26.18427
5.19927
4.73487
5.42173
5.04513
4.74203
5.40268
6.76025
26.89478
26.16472
27.62170
33.64240
31.32062
26.56968
27.34413
26.88348
9.58997
5.82758
5.75617
5.96140
5.64788
6.27603
6.79900
8.35920
26.12177
26.98598
26.35435
27.21937
27.65908
27.69078
34.57230
39.32688
16.16765
4.76918
5.06090
4.50342
4.66345
4.98008
5.30907
5.38502
4.97075
20.61057
26.89860
26.42670
25.90477
25.56408
25.58483
25.56328
24.85498
10.17965
5.61885
5.54722
4.79388
4.72450
4.54098
4.98112
5.20820
