14.28022
21.70285
17.33488
25.09950
20.72242
19.91597
27.36127
22.01268
23.07502
41.02693
34.07362
28.48238
39.24620
42.90962
33.41435
24.86895
19.13012
25.12185
22.93522
26.45582
18.27855
19.07513
20.48782
31.86302
32.34883
32.09287
20.92145
32.05608
38.71817
37.66135
52.44403
27.15342
26.47995
22.27818
30.31075
30.79033
30.11593
24.16592
25.30395
28.36328
43.27493
42.81518
31.36460
28.01767
28.42228
37.46273
42.99763
42.14803
42.23797
30.48185
32.05380
51.99282
48.45377
44.16647
34.75468
23.48158
35.61327
49.47810
43.77745
40.69050
36.49827
41.65408
40.31255
40.05490
42.45448
37.10910
36.65592
28.91673
33.76400
14.69472
26.73030
28.19550
42.94675
47.15852
44.89312
54.85263
44.30267
55.85728
52.93075
43.42997
42.86652
54.55787
49.67457
55.64275
54.72145
51.82075
54.66062
40.95407
37.64003
42.83420
52.46023
50.17727
38.82672
56.19628
44.46108
45.63212
37.33160
45.20603
39.63068
43.38468
48.36738
52.38143
48.74225
49.65357
49.55968
45.60530
50.47563
49.54438
66.57047
55.58093
47.37045
42.64312
48.00292
45.81112
45.52188
37.19028
31.88022
46.56020
44.62458
57.45510
44.44192
48.03002
47.54213
40.91210
39.32652
32.93610
37.51942
32.81447
46.46228
41.32937
54.08195
47.59020
53.09562
44.95740
41.37808
39.43488
35.40827
39.63502
36.62453
39.44202
29.44310
37.88572
35.61200
30.55917
30.35822
26.45290
22.84455
18.08185
24.66367
23.13022
21.68793
32.02503
26.75708
21.13228
22.57460
19.04355
21.67110
23.48320
27.28868
14.40765
13.95257
9.72462
10.11450
11.06375
11.19507
22.07925
24.60235
14.21140
7.87965
8.16367
8.50875
9.52823
12.47453
17.89267
14.81203
12.67207
13.22357
20.95748
8.91512
7.35775
7.41950
7.80125
9.14962
7.37315
11.70422
24.31435
24.81938
39.63887
28.23665
24.29987
13.75823
11.39495
12.86830
12.59175
13.49597
12.28083
14.87940
7.61548
16.11738
10.12075
8.38205
14.56973
14.65773
13.07968
8.20920
16.14428
9.18663
16.97513
11.86672
11.82385
14.64688
8.49175
13.91517
13.11295
13.53793
7.85140
15.15143
12.21043
24.83373
31.65595
28.39350
29.89280
36.46762
29.95020
25.36988
25.53818
26.64252
38.85263
30.99380
24.14387
26.43935
22.68743
27.10307
25.28172
27.76532
24.30923
19.81323
14.47195
13.19422
14.74827
25.22285
10.52345
8.94848
9.69552
13.28765
25.97047
9.30542
13.19660
13.01078
12.14002
13.69810
13.73802
15.15148
11.56037
16.10647
11.90960
15.00488
11.90488
16.84467
15.72332
19.95482
14.06193
9.87093
9.94252
9.52972
21.30212
11.17073
16.08485
14.03037
16.88943
18.57070
13.52858
18.10272
16.75245
19.18283
17.68475
16.84222
11.21237
13.87208
16.78818
29.25430
17.95207
17.47557
18.41065
11.71262
21.96888
42.67425
30.65373
