5.75718
4.14965
2.42140
2.44178
2.02085
1.62945
10.34163
6.66722
2.44382
2.45273
2.23698
1.61938
1.61550
3.61047
5.98978
2.84520
2.40638
1.61640
1.62783
1.88760
2.42657
2.40740
2.45138
1.80425
1.68798
1.90465
2.94632
11.53845
16.52427
5.17323
2.64032
22.19055
2.74880
2.64953
2.65940
2.68545
3.34340
21.09162
7.04708
2.88845
1.98495
6.16307
21.45502
7.00248
3.15665
1.63560
1.99598
2.00948
1.82865
1.20677
1.19047
1.34918
2.00252
2.00477
2.03778
1.28152
1.21663
3.34887
7.19882
15.60185
1.94040
1.34110
1.11915
1.11907
1.66605
1.96888
1.97548
1.76177
1.18843
1.20193
1.68238
10.19832
16.72710
2.01305
1.26403
1.18512
1.20022
1.97330
1.97408
21.31628
24.63592
10.12688
1.02173
1.03150
3.95990
4.48472
1.83482
1.84250
1.47492
1.07928
5.34493
13.55307
2.37972
1.98858
2.02735
1.32265
3.61985
24.20943
3.19410
2.42508
2.45665
17.33027
18.19023
7.90840
15.42472
26.38608
28.49947
28.29557
27.13078
29.62488
30.38735
28.09048
26.71493
26.43055
27.23330
25.34620
9.68407
5.12538
4.84857
24.20407
26.80182
19.79960
4.02200
4.86008
7.26298
5.51857
3.89125
4.86477
3.74935
2.89768
3.93412
23.28612
13.15868
9.70772
3.52632
6.71930
6.04825
3.60338
3.59597
5.51965
12.10338
25.65252
12.99900
4.38642
28.37893
1.69687
4.20483
6.37993
14.36210
17.65315
12.93955
5.64847
1.37165
1.95743
1.96318
6.11547
8.30347
9.10282
6.81307
3.01135
1.98720
1.91973
1.66063
6.72898
17.36958
17.45917
19.23260
17.82185
6.81538
16.89573
11.16352
8.32193
5.36878
1.19992
1.88627
9.32267
14.67835
14.88877
8.47650
2.75758
2.82540
5.49123
2.54827
8.28393
8.42032
5.88002
19.31132
12.62092
9.79202
1.94748
3.29492
8.31982
11.81660
12.08568
6.70507
3.98340
3.95343
6.59120
15.96397
20.45162
15.36223
5.04342
3.99415
5.73385
7.15112
7.23150
10.58095
10.61335
6.23195
10.75855
13.88515
11.93930
5.85170
10.64047
10.55718
7.82693
7.42392
15.58080
4.19915
7.74978
19.58235
17.80292
4.05715
3.42000
4.51847
3.66813
2.95842
13.62812
14.03667
8.93257
6.34213
14.17477
8.78362
1.13042
7.96620
8.63222
3.76615
1.93817
1.82163
3.45138
4.92390
8.47957
8.75782
1.92712
1.94155
7.70520
10.63943
9.81058
7.65135
9.01888
2.69568
2.69262
5.06412
2.78978
1.14778
5.49123
9.27925
5.41138
2.00482
1.19740
1.14973
14.16528
5.43267
17.50318
20.14758
8.00068
3.88688
6.05582
2.89122
3.53043
3.09680
3.33173
9.69210
9.19813
7.02513
1.88108
2.31023
2.67968
2.69045
5.55705
7.55338
9.18570
13.33733
11.95650
7.57578
2.71495
2.07282
1.88020
