2.31123
3.95012
4.23128
4.22713
4.22770
4.22740
4.19663
4.23180
3.95233
3.87887
3.87823
3.87758
3.83663
3.68913
3.91258
3.91012
4.15148
4.23742
4.19967
3.86842
3.65742
2.07073
2.19175
2.37493
2.05372
2.06283
1.93753
1.58857
1.58877
1.58872
1.58945
1.62967
1.58643
1.57978
1.58173
1.63410
1.73033
1.74402
1.73717
1.73795
1.74035
1.74293
1.75195
1.76207
1.76975
1.78150
1.79120
1.86803
2.13043
2.30338
2.30400
1.13385
1.15855
1.20167
1.20217
1.94120
2.01713
2.35833
4.69713
11.16685
10.79427
13.20170
14.78938
15.16317
15.22767
15.28447
15.29198
15.32268
15.37272
13.90005
3.17803
3.26583
2.63928
2.17372
2.05898
2.06720
2.06488
1.78287
1.59032
1.60008
1.58767
1.58802
1.58447
1.58893
1.58960
1.58980
1.59085
1.59152
1.59352
1.56412
0.69783
0.66988
0.67687
0.67563
0.67473
0.67343
0.67490
0.67127
0.67065
0.67210
0.67642
0.67595
0.67812
0.67990
0.67860
0.67697
1.59733
2.76102
3.58718
3.78675
3.81502
4.03755
3.83100
3.56247
3.21835
3.22593
3.17812
3.06395
4.26238
4.57470
4.59705
4.49588
3.67253
3.67453
3.66230
4.22600
4.93062
4.95272
3.61128
3.82230
3.75773
3.74623
3.89477
3.22560
3.24352
3.24785
3.23835
3.22917
3.24812
3.24845
3.23498
2.80835
2.77253
2.77373
2.76835
2.77875
2.77213
2.78232
2.81057
2.66212
2.65787
2.70743
2.70473
2.70698
2.70358
2.72730
3.08862
3.14595
3.14993
2.87112
0.77632
0.67360
0.67387
0.67375
0.67352
0.67367
0.67362
0.67482
0.67770
0.67627
0.68277
0.67435
0.67458
0.67520
0.67908
0.67803
0.67572
0.67567
0.67380
0.67395
0.67427
0.67712
0.67527
0.67445
0.67515
0.67362
0.67210
0.67240
0.67262
0.67265
0.67682
0.67772
0.67755
0.67778
0.68225
0.68378
0.68423
0.68825
0.68995
0.69398
0.69998
0.70695
0.70838
0.70762
0.70775
0.70845
0.70820
1.00773
1.01482
0.99628
1.01690
1.01778
0.92237
0.69757
0.67347
0.67303
0.67247
0.67597
0.68040
0.77747
1.01407
1.01425
1.01235
1.01133
1.01087
1.01175
1.01433
1.01347
1.01180
1.19012
1.18232
1.07592
1.07548
1.07588
1.07668
1.07520
1.07563
1.07713
1.07567
1.07522
1.07498
1.07635
1.07735
1.07812
1.07742
1.07780
1.07300
1.07010
1.06958
1.06932
1.07188
1.07520
1.07442
1.09203
1.09075
1.19007
1.10557
1.07710
1.07323
1.20450
1.29702
1.29833
1.40497
1.52725
1.53987
1.45783
1.07948
1.07743
1.45708
4.86325
5.44423
5.45302
5.44695
5.45225
5.45210
5.40520
5.44097
5.44710
5.44960
5.44857
5.45222
4.60630
4.60088
4.59710
3.56653
2.60648
2.82270
2.83755
