4.95297
6.61042
6.72586
6.62387
6.71358
6.82946
5.67637
5.19901
6.36060
6.45376
4.89478
5.29724
6.62030
5.71785
4.86736
5.94526
6.68447
5.20281
5.93507
6.70229
5.50813
4.88509
5.37198
6.58674
6.23567
11.15394
8.78129
5.78532
4.27625
5.05226
5.87028
4.78506
4.00599
4.08700
2.49452
2.14048
2.17146
2.50436
3.99023
3.96136
2.98602
2.50138
4.15476
3.35167
2.22152
3.69358
8.50026
8.76151
8.59259
10.42193
9.39543
5.93040
6.04098
7.29219
7.70842
8.29544
4.86306
4.10544
3.08857
2.19841
3.78405
4.53575
2.54046
2.60202
5.55200
7.12048
6.13645
7.61388
9.17461
8.50675
5.46052
5.88912
6.00098
2.85103
3.34033
3.94937
2.23869
3.72269
4.38291
2.66292
3.69176
4.06267
3.22489
2.14104
4.00855
5.23879
2.73559
1.93367
2.08236
2.19555
2.09901
2.10248
3.29140
3.44580
2.36477
2.81168
3.91962
2.79407
4.90376
3.21016
4.56543
1.93488
2.16753
4.04255
3.02189
2.11608
3.04249
3.82591
2.01072
1.95651
3.82766
3.16332
1.92505
2.77168
3.91644
2.05312
2.08380
3.90328
3.27043
1.92272
2.53451
6.81688
2.19963
1.96065
3.69140
3.30499
1.91567
2.70026
3.92494
2.33464
2.03624
3.56229
3.50725
1.91665
2.96019
6.81165
2.74466
2.03697
2.91623
4.00670
4.12598
2.74746
2.66333
3.79304
2.80429
2.23992
3.95438
6.84825
2.26734
3.12244
4.12339
2.77238
2.31020
3.96258
4.42219
2.21840
2.15493
4.96566
6.21254
2.19513
3.73240
4.81966
2.56490
3.28868
3.81304
2.79982
1.80527
3.08436
6.56665
1.69443
1.55135
3.40577
2.79107
1.53242
2.43555
3.38693
1.63936
2.08960
5.94880
2.50490
1.56035
2.59864
3.38653
1.46880
1.41192
3.30721
2.51455
1.59148
6.29948
3.25394
1.52684
1.44240
3.34443
2.41435
1.54425
2.69252
3.37183
1.61716
1.54499
6.52180
2.45588
1.46327
2.39339
3.46436
1.72729
2.15203
3.53423
2.28121
1.48414
2.24126
3.45600
4.80349
1.59858
3.36552
2.40092
1.46548
2.30288
3.35750
1.65880
1.51287
3.32627
2.53050
1.51684
2.74475
6.55809
1.55513
1.53545
3.41803
2.54732
1.51598
2.15424
3.41391
1.70708
1.53128
3.15980
2.66953
1.54469
2.91187
6.01319
1.79841
1.55159
3.28541
3.15805
1.73502
2.18520
3.41309
2.06858
1.47747
3.13537
2.94701
1.61561
1.98191
3.89959
6.47261
4.15496
5.56894
3.09604
1.57415
1.97285
3.46835
2.17874
1.67847
2.85981
3.32677
1.58642
1.99022
3.38582
2.11523
1.37445
2.31872
4.02699
2.80187
3.51845
4.49227
3.58435
2.73899
6.80881
4.63629
2.74839
2.78778
4.50172
3.75790
2.61526
3.44964
4.56312
2.98577
2.68283
4.15957
