5.23727
5.34593
5.25135
5.26746
5.32712
5.30208
5.07767
5.04226
5.05530
5.08637
4.87312
4.44502
4.44125
4.54161
4.53942
4.44481
4.48234
4.52192
4.51364
4.47008
4.44166
4.34493
4.38444
4.29544
4.33737
4.37909
4.56912
4.54368
4.53408
4.50946
4.53436
4.45204
4.49174
4.37869
4.39312
4.32246
4.20348
4.22554
4.28946
4.37701
4.34104
4.25836
4.34812
4.42184
4.36813
4.36834
4.34111
4.39387
4.38494
4.40894
4.42283
4.32073
4.20068
4.23555
4.23418
4.27087
4.11963
4.06600
4.04770
4.11845
4.14531
4.26767
4.23527
4.18405
4.17247
4.19303
4.14029
4.22428
4.28642
4.20086
4.20164
4.61887
4.80414
4.61471
4.25028
4.24555
4.37427
4.18850
4.19173
4.11877
4.13104
4.10826
4.14837
4.13442
4.16079
4.16076
4.05733
4.10643
4.16106
4.29210
4.12421
4.01020
4.00865
4.04230
3.90285
3.94044
3.87903
4.00637
3.99687
4.03978
4.12970
4.23124
4.28540
4.10303
4.13298
4.30585
4.36417
4.19865
4.16403
4.22459
4.23641
4.09303
4.20273
4.13926
4.10951
4.16120
4.23079
4.13780
4.21522
4.22482
4.23040
4.24392
4.19089
4.23675
4.10097
4.09088
3.98074
3.95817
3.89602
3.86869
3.83571
3.84972
3.85211
3.77096
3.72700
3.70344
3.82696
3.79270
3.75739
3.77253
3.81143
3.79747
3.78286
3.72181
3.65477
3.62680
3.56272
3.59421
3.61342
3.63340
3.54156
3.60296
3.65930
3.72044
3.64616
3.65288
3.70814
3.96346
4.24937
4.13380
4.13683
4.11982
4.21123
4.13591
4.19196
4.28525
4.41150
4.50632
4.48678
4.49993
4.46948
4.52683
4.50573
4.47851
4.46609
4.56822
4.53036
4.48565
4.50673
4.50784
4.58730
4.58326
4.57699
4.55612
4.59410
4.51315
4.51202
4.47836
4.60109
4.71540
4.64607
4.62914
4.64396
4.68613
4.54223
4.49164
4.42698
4.47518
4.51952
4.49431
3.96867
3.98412
4.01781
3.94505
3.96068
4.05055
4.12988
4.07869
4.07257
4.01335
3.94379
3.94989
3.91201
3.92382
3.96656
4.03293
3.93396
3.96841
3.96326
4.02950
3.93744
3.98054
4.03225
4.05159
4.00954
3.96330
3.89972
3.85986
3.92923
4.19556
4.33451
4.33648
4.42747
4.35181
4.39381
4.43459
4.46251
4.57801
4.57456
4.59801
4.64788
4.73025
4.64768
4.54584
4.49897
4.47805
4.48778
4.47084
4.48885
4.55163
4.62865
4.54246
4.52162
4.50383
4.66055
4.59586
4.59551
4.54594
4.53572
4.55667
4.55119
4.59656
4.58199
4.66180
4.63195
4.65950
4.62243
4.65579
4.57975
4.60866
4.85124
4.85437
4.86327
4.83141
4.79099
4.76313
4.88875
4.79862
4.77252
4.84144
4.96361
4.93654
4.96373
4.99367
5.01097
5.09876
5.06800
5.07477
