25.21922
25.57068
29.66342
29.30717
48.51395
55.94937
47.02833
28.79893
28.88635
55.63570
51.71968
34.21195
26.45638
27.67240
36.88573
11.54415
11.96243
21.34470
10.69047
16.70348
18.87953
13.37133
25.91720
28.31068
29.49632
13.23967
15.90812
15.47175
41.08962
61.77575
58.50337
56.35475
30.98195
40.35408
32.27503
32.89225
29.63703
14.78628
21.99093
26.37402
6.42687
16.13128
6.57902
6.67110
6.52663
16.06460
6.07273
6.69128
9.54418
38.52360
36.52255
37.71013
23.22088
12.86615
6.99345
7.05557
17.36085
7.94058
6.89697
7.69835
17.04382
7.17228
7.40702
7.05058
17.94298
7.19277
7.04655
6.81397
18.42195
7.73882
7.63623
7.80457
18.10537
7.36813
7.49625
7.38703
6.55258
16.91843
6.09382
6.70003
7.32560
6.62683
10.99318
18.91080
32.83043
7.80688
7.45297
13.24508
12.49845
7.34610
7.09802
6.88495
8.38473
7.85057
8.38047
9.08680
9.14230
9.16722
10.07118
8.92460
12.99173
20.46545
24.99277
27.84238
21.96267
20.20558
20.77920
20.31195
21.40600
22.40163
20.61715
10.29428
7.83752
8.63818
7.49555
8.28525
7.10520
8.21053
7.19590
8.06157
9.04225
7.78183
7.72270
7.95028
8.25157
8.02857
8.32902
8.19965
8.79292
8.31967
8.36573
9.20508
8.55392
8.57403
7.92947
8.57418
7.91427
8.74087
8.83097
8.91812
9.17955
8.57778
9.26577
7.79823
8.59652
8.26462
8.31925
8.63527
7.72160
8.01580
7.94533
7.44260
8.75198
8.30597
8.32488
8.79850
24.99205
17.47330
7.64145
6.75478
7.20712
6.51108
5.92967
6.44777
6.49105
5.94572
6.71302
7.09033
6.05320
6.92593
6.70463
7.15805
7.86813
8.48902
7.69228
7.89553
8.21820
12.17028
15.73200
7.85647
7.64505
8.58355
8.30035
7.87283
10.43367
12.77913
14.94253
34.68405
11.44647
7.63768
8.50805
7.26353
7.30283
7.57892
7.36377
7.26752
7.61728
7.27285
7.19878
7.97958
7.82182
8.03653
8.24917
8.78208
7.96357
8.77193
7.02245
8.36532
7.82658
7.85230
8.31130
7.99407
8.11095
8.03980
8.53907
9.59097
8.95173
8.81387
8.18198
8.83487
8.79690
7.79918
8.60225
8.18418
8.32738
8.20150
8.10410
7.32347
8.20158
7.50112
7.17067
7.76267
19.76742
16.82510
10.52490
9.89383
7.68060
8.58843
8.41648
7.38813
8.29272
7.94917
7.62768
8.06177
8.02942
8.09628
8.70990
14.43135
22.92478
13.14793
8.42578
8.71523
8.64798
7.80132
8.71553
8.02145
8.23375
22.40217
22.38735
9.29398
8.19380
8.62517
9.15360
8.62865
23.56740
23.75375
21.37795
9.23460
7.79530
7.94830
21.62738
22.75380
23.11135
22.62620
23.16983
22.63440
23.65938
23.93852
19.26203
9.32092
10.51342
25.51850
24.14342
14.54423
8.44040
22.22665
43.36415
33.36707
