2.09085
2.12223
1.50907
1.43317
1.96382
1.98823
2.03658
1.87373
1.31667
3.13008
3.28878
3.44598
3.93613
4.66802
4.16228
4.09792
4.36782
3.48150
2.88388
3.96543
11.66517
12.06373
11.15885
11.27257
10.17698
15.06518
18.46040
22.09710
21.04650
23.48743
27.37273
3.04972
2.88760
5.25477
4.32800
5.61347
3.85025
4.73388
9.20710
3.53243
5.84243
4.58735
5.01165
9.28527
9.23205
9.52708
9.38990
10.60655
9.69167
9.47690
9.53193
12.99407
9.73432
8.94950
8.55433
9.21338
9.53775
10.41893
10.49500
4.95282
3.79835
8.16005
2.47990
3.67227
11.31605
7.14837
6.74333
13.12847
6.22197
7.72287
11.26903
6.70492
4.16350
3.06758
3.13613
2.99890
6.31163
6.55512
3.87275
1.93420
3.38170
0.90315
0.71265
0.67290
0.71202
1.72990
1.35093
1.85882
1.88708
1.25028
0.82363
0.81557
0.93403
1.81023
1.28390
1.76518
1.85620
0.80188
0.82337
0.99662
1.25702
6.72440
2.85462
1.38837
1.56147
1.20140
0.69217
0.60510
0.61093
0.78472
1.33230
1.29968
1.60297
0.96693
0.69108
0.60687
0.60930
0.72097
1.21023
1.29098
1.61092
1.11567
0.62802
0.60610
0.60477
0.89365
1.03252
1.37942
1.48848
1.04435
0.78117
1.35223
1.26377
2.51748
1.96070
2.49095
1.70010
2.01337
1.57113
1.26297
1.84527
2.56102
2.12813
2.09125
1.97403
2.30140
2.95665
3.78050
4.47428
4.90442
4.50472
4.95503
3.15670
1.39747
1.80865
1.09897
0.94955
0.97222
1.45383
2.03565
2.41893
1.07068
1.46390
1.62397
1.59353
2.08637
2.32168
2.62023
1.86282
2.03593
0.98902
0.98730
0.98463
0.98853
1.79118
1.67463
1.99757
1.34610
0.99963
0.99003
1.00120
1.01038
1.05705
2.00335
1.71803
2.03228
1.16553
1.02437
1.02510
1.02548
1.02180
1.18737
1.98732
1.72443
1.93392
1.13488
1.02240
1.02350
1.02710
1.02730
1.26105
1.70775
2.03218
1.66547
1.09717
1.03843
1.03593
1.03997
1.48928
0.34150
