3.92870
3.94195
4.10765
5.54001
4.23786
4.16601
4.23554
4.20458
4.64735
5.09413
4.13843
4.19551
4.12580
4.17440
5.71650
4.18580
4.16074
3.97311
5.63427
5.27886
4.14399
4.03743
4.03187
5.26276
4.65178
3.99845
3.95915
4.69697
5.08743
3.83851
3.76521
4.08465
4.78240
3.36322
3.28118
4.02069
4.37793
3.31680
3.33020
4.34318
3.97510
3.31386
3.16677
4.84192
3.40924
3.27504
3.95983
4.28438
3.30253
3.33750
4.88831
3.11590
3.22376
4.36537
3.98163
3.09981
3.65998
4.58814
4.42452
3.21423
4.92222
3.36851
3.30376
4.62518
3.47366
3.40565
6.02600
3.54431
3.29272
5.15719
3.75081
3.27192
4.78515
3.49383
3.33691
4.84764
3.33031
3.42695
5.20544
3.26495
3.31245
5.08448
3.42326
3.32735
4.93217
3.37745
3.92531
4.64830
3.19429
4.39263
4.09886
3.53184
6.39539
3.93499
4.67878
7.97066
7.28891
7.08958
4.71020
4.01868
5.22191
4.43236
4.25724
5.69287
7.53804
7.64566
9.40170
8.07160
8.00998
9.44356
7.75323
7.53603
8.74023
8.18488
7.65363
7.79208
9.35943
7.73625
7.63644
7.82839
8.70003
7.19119
7.05547
7.08247
8.33240
7.93345
7.11871
7.05979
7.16880
5.58500
3.85192
3.35530
4.07838
3.53001
3.90124
4.26005
3.19593
3.27336
3.31719
3.32881
3.74465
4.04408
3.32400
3.25284
3.29442
3.30344
3.32395
4.43252
3.52195
3.26740
4.34057
4.21514
3.46462
3.44354
6.33485
4.54324
3.30139
3.32752
4.51038
3.15995
3.30394
3.28132
3.13435
3.16562
3.30961
3.34835
3.24774
3.21367
3.27220
3.23103
3.07202
3.09146
3.24833
3.25210
3.16933
3.19704
3.63726
4.73102
5.67994
6.96479
7.28653
6.20190
4.10586
4.11281
4.33012
4.42485
4.05922
3.83294
3.94834
4.16849
3.88507
3.80738
3.92269
3.98591
3.88480
3.81804
3.99928
4.13273
3.87856
3.81650
3.85983
3.92378
3.84009
3.81377
3.95662
3.92711
3.86116
3.80385
3.88720
4.26612
5.05166
3.88819
3.82712
3.92879
3.88695
3.75955
3.81381
4.03391
4.04767
3.82536
3.86256
3.96755
3.92492
3.75243
3.77761
4.16890
4.67496
4.60189
3.89242
4.06988
4.08358
3.98860
3.84070
4.10931
3.97731
3.86977
3.79958
3.90300
3.96582
5.08742
4.11904
4.08612
4.07228
3.89582
3.77304
3.84177
3.93591
3.89872
3.76185
3.87887
5.10834
4.44730
3.84971
4.03335
4.48579
4.45195
4.34578
4.30229
4.36783
4.07533
5.27992
3.81963
3.88852
3.99792
3.96939
3.75804
3.92500
4.01051
4.83815
4.45505
3.79606
3.99894
4.10482
4.02249
3.98392
4.76475
4.94334
3.96681
3.77048
3.80188
3.92937
3.93466
3.92913
5.40647
4.01777
3.97852
3.86991
3.82839
