3.73587
3.81180
3.10768
2.42422
3.18398
2.42837
2.74997
5.18407
5.20698
6.78107
8.63530
4.91773
4.76680
4.71340
5.36440
5.79163
5.77730
5.75778
5.74642
5.77358
6.57337
6.72810
9.16508
7.18242
5.92393
5.54367
8.36077
8.19538
2.75382
1.19828
1.19817
1.20157
1.50147
2.20753
2.22113
2.23893
2.30807
1.40117
1.24088
3.98558
1.08990
2.21308
2.22653
2.24058
2.27455
1.77887
1.08683
1.08570
1.07983
1.90480
2.22138
2.30303
2.36745
4.48158
3.42195
3.40743
3.39943
3.90712
4.50255
4.50025
4.60882
5.02602
3.76777
2.39460
1.76432
1.85715
2.89233
2.87547
2.87402
2.91800
2.60350
1.70887
1.98365
4.46623
3.11855
2.22198
2.21437
2.23523
2.26807
2.11263
1.09478
1.07607
1.07493
1.95760
2.20835
2.21920
2.25247
1.95553
1.14557
1.75493
3.47080
4.05953
4.57188
4.56720
4.57885
4.57622
3.39757
3.37690
3.36167
3.66160
4.46428
4.46305
4.46707
4.50552
3.53242
3.25897
3.23448
1.61030
2.20705
2.21628
2.22332
2.26493
1.68100
1.07602
1.07632
1.07553
1.94767
2.20333
2.21163
2.23680
2.16388
1.07113
1.07725
1.09175
1.67018
2.20907
2.21967
2.23697
2.29878
3.21632
2.00607
1.07323
1.05190
2.03617
2.18267
2.20875
2.23167
1.86895
1.05427
1.05435
1.05475
1.81322
2.17762
2.19723
2.22653
2.30993
1.10503
1.08155
1.07332
1.47457
2.20288
2.21383
2.23272
2.24158
1.92542
1.08780
1.08068
1.08578
1.93422
2.23122
2.21840
2.22815
2.26235
1.71918
1.07908
1.08553
1.08825
2.21328
2.21192
2.21337
2.21957
2.24512
2.32360
1.08375
1.06998
1.07000
1.89962
2.19900
2.20363
2.22228
2.21648
2.22092
2.22795
2.24613
2.25522
2.26728
2.28877
2.32273
2.36495
2.42417
2.32110
1.07802
1.08150
1.08848
1.08965
2.98948
3.87303
3.41950
2.25777
1.80348
1.08500
1.08497
1.08528
2.18798
2.20750
2.21542
2.23533
2.32012
1.18995
1.13972
1.14723
3.67527
4.54223
4.53865
4.54493
4.56645
4.20898
3.36998
3.34567
3.30307
3.15160
2.19375
2.20342
2.21630
2.25760
1.53023
1.07000
1.06988
1.45230
2.18445
2.19102
2.20220
2.21720
2.27425
1.27958
1.06480
1.06350
1.68433
2.17167
2.17428
2.18220
2.20080
2.25470
1.31888
1.06248
1.05372
1.70957
2.16152
2.16768
2.17430
2.19053
2.22570
1.81475
1.05823
1.05550
1.38635
2.17135
2.16252
2.16673
2.17353
2.18283
2.21582
1.69262
1.16660
1.16802
1.79220
13.31050
17.78215
17.90193
18.50615
17.25192
4.12437
3.94530
3.53352
2.92053
2.71055
2.43090
2.79567
3.48685
3.48043
3.48053
3.49588
3.50548
3.71542
3.49430
2.37055
2.37712
2.36287
