6.69023
8.52502
7.08787
6.61950
6.62860
6.92773
6.49170
6.54053
7.23120
7.07527
6.82987
6.61322
5.64915
5.37478
5.28752
5.23020
6.07895
6.83260
6.14382
6.25472
4.15197
2.26987
2.40868
2.52150
2.31212
2.03513
2.20875
2.57625
2.96120
3.10083
2.92585
2.41208
2.03520
2.27938
3.35207
4.58390
4.79207
4.79012
4.46007
2.88418
3.13007
2.77995
2.58840
2.15710
2.14873
2.14600
2.50690
3.16693
3.16598
2.77668
2.81407
2.47810
2.47205
2.85960
2.90587
2.46378
2.93822
2.99428
3.88642
5.17163
4.97308
4.47515
4.84325
4.73335
5.15525
6.27675
7.12788
7.67077
10.93187
4.81873
3.53207
3.05318
3.67705
11.89727
18.88640
8.64253
8.39888
3.98308
6.12598
9.17745
5.82945
10.20488
16.28935
10.30297
10.78278
13.71965
20.29500
21.59325
27.00860
23.45148
22.49382
18.09662
23.68268
10.77118
4.04353
4.66495
5.77175
5.14297
3.93090
4.34773
4.12538
5.27512
5.01303
2.41897
2.92730
3.11927
3.66838
3.91713
5.73888
5.53432
5.01313
5.08527
5.45350
4.47837
3.12102
2.60132
2.64362
3.02933
2.55975
2.29318
2.04972
2.05242
2.05027
2.83135
3.06855
2.77082
2.65015
2.56918
2.10885
2.56820
2.55037
2.15235
2.14525
2.58315
2.72882
3.14400
3.11482
2.37175
2.06972
2.07587
2.27117
2.57010
2.52647
2.42897
2.60198
2.62562
2.88293
2.87553
2.40750
2.04723
2.05248
2.04718
2.36842
2.85123
2.89340
2.62790
2.63415
2.44347
2.42748
2.54307
2.29482
2.04682
2.05282
2.34253
3.02932
3.10052
2.79983
2.47123
2.05280
2.08507
2.53655
2.53383
2.17208
2.32820
2.58962
2.69595
3.10753
3.02328
2.11493
2.05273
2.05873
2.19363
2.54862
2.75653
2.59553
2.61845
2.63750
2.83520
2.54515
2.48718
2.05710
2.05713
2.05083
2.44148
3.06177
2.95690
2.62770
2.64808
2.42608
2.44500
2.60685
2.42342
2.10788
2.63388
2.65040
3.02842
3.19930
3.06992
2.77263
2.79362
3.79832
6.28662
5.44452
7.16625
6.28875
3.99220
4.23752
4.80878
4.51768
5.01650
4.67917
3.68880
3.82783
5.39897
2.92725
2.43480
2.11615
2.11650
2.05857
2.90028
3.07897
2.93477
2.62238
2.17978
2.05072
2.39487
2.53175
2.35792
2.03785
2.56000
2.59967
2.93983
3.09525
2.53432
2.04338
2.04405
2.04705
2.34220
2.53060
2.91878
2.59617
2.62198
2.61920
2.49288
2.53550
2.40710
2.06558
2.07195
2.04332
2.80788
3.07335
2.99743
2.61793
2.25208
2.04502
2.30585
2.52727
2.42513
2.04542
2.52693
2.60798
2.90032
3.10088
2.66748
2.03568
2.03793
2.03720
2.23700
2.52925
2.92113
2.58192
2.60770
2.63518
2.62053
2.55727
2.53913
2.04842
2.03790
