11.81368
15.12375
14.87355
13.42442
10.29867
9.92420
9.93155
9.93862
9.93752
10.38607
15.48023
17.25922
13.86705
11.65493
9.88700
7.57472
19.00057
32.91993
32.88343
33.09987
20.34787
5.50680
4.77893
5.39580
11.01852
11.89590
9.66038
5.30978
4.85918
5.16290
5.17398
4.85370
4.80417
5.01068
5.32337
5.36755
5.35857
5.36905
10.09457
12.27382
10.69765
5.39985
4.79008
4.79172
4.80050
4.89203
5.32682
5.56660
5.75092
5.47640
4.81503
4.79218
5.58263
10.36248
11.32893
9.56642
5.99687
6.27943
5.82073
5.34937
5.11597
4.75318
4.74928
4.75640
4.77815
4.81477
5.14103
5.15757
5.26495
5.33708
5.35645
9.04987
31.53275
31.37955
31.70250
30.74990
8.87900
7.26742
6.45370
9.21387
8.69185
4.95670
4.76458
4.76973
5.02610
5.14493
4.96262
4.76373
4.77055
4.76985
4.76895
5.26307
5.34738
8.20797
9.61255
9.01278
8.33462
10.09250
8.46358
9.95757
8.30202
8.45452
8.83312
9.11863
9.36595
7.96188
7.67948
9.64482
10.55972
11.41153
15.54563
9.80422
8.05283
5.11353
5.82052
8.35907
8.34167
8.21922
8.42507
8.02135
8.26423
6.92542
5.71447
9.23558
11.37738
11.03415
9.08478
8.15590
18.53883
33.83830
31.76107
31.84353
21.05738
4.78788
4.78453
4.77133
4.78065
5.38075
11.05990
12.39487
11.29198
9.01273
9.05710
7.73793
5.40497
4.79810
4.80133
4.78912
5.07835
5.16822
7.72515
11.47750
11.63662
8.81805
7.75027
7.84005
7.82423
7.83647
8.20682
10.52538
11.33610
11.51907
8.68957
8.71672
6.26242
5.82652
8.58927
8.22730
8.89250
10.91612
10.88957
9.67488
6.60933
4.78012
7.10742
8.47623
8.81352
8.20938
13.49178
37.95555
38.14132
33.39450
27.29037
5.43615
5.35995
5.24653
5.21490
6.59405
8.73422
8.75835
8.38727
10.72270
11.13818
10.85072
6.66737
5.24082
7.49420
7.78790
8.36102
9.04005
8.82342
9.35365
11.21747
8.94867
7.75627
7.99150
7.94405
7.68530
7.95853
9.72777
11.03535
9.49258
7.13128
5.83902
5.53795
4.89993
8.04680
8.20850
7.92972
5.45182
7.05413
8.86875
9.26852
10.39400
11.47463
11.13417
9.34352
5.45167
5.27935
7.99163
33.80585
34.96913
34.87495
33.06842
11.07870
10.50687
8.13850
5.85912
5.75647
5.71200
5.86457
5.75140
5.50688
5.51388
5.52158
5.98037
6.68803
9.12915
9.02223
8.26538
8.32753
12.33217
12.45735
10.97372
10.34755
10.42343
10.25087
10.77482
14.02512
14.28847
12.36005
7.78450
7.40505
7.36370
7.74682
7.92893
7.98022
8.29778
8.53118
8.53037
8.97158
10.30053
14.45755
15.80072
13.95337
10.67460
11.23435
11.27683
10.99478
10.87642
10.90953
11.85315
12.26515
12.27277
12.79645
12.38205
16.63047
42.16907
