106.95230
119.88642
124.01613
125.23653
120.73355
118.43195
117.27167
101.36072
103.41243
104.63493
115.27373
122.25417
131.75088
123.38835
123.12260
136.70002
116.95552
105.98928
117.14387
128.71608
130.72368
127.25130
136.63727
142.87602
136.97763
148.73098
118.18647
96.24060
90.10848
96.08027
136.28272
150.93710
125.50008
118.82698
118.73822
121.30877
146.22162
136.59323
107.84318
110.83095
136.44478
142.66612
167.84850
176.82553
125.48522
119.61078
130.49782
126.19243
138.29165
135.19840
116.52403
104.78155
93.67280
139.63045
155.41472
136.79468
138.25387
131.79127
127.73302
149.02963
123.17222
103.42050
106.63247
127.32188
142.41092
110.78145
85.72080
102.46362
124.60910
139.20190
154.99223
128.07828
128.28737
133.37145
122.42802
104.39993
114.40740
102.09342
125.64218
127.44478
121.96870
139.84340
124.30727
130.72455
140.47638
116.28240
117.27430
104.16878
81.56232
86.85605
103.95668
119.24255
116.98507
109.23550
119.43063
119.53597
121.66865
112.60038
104.29733
101.80242
91.87707
120.86042
123.35122
129.12602
130.93408
139.98657
105.22037
73.06032
71.83222
80.73135
108.43360
110.94060
111.64147
109.02107
106.65945
80.70143
83.56825
87.58240
98.58110
106.60262
131.05555
129.58002
130.54292
146.11663
153.57912
140.60958
136.58102
121.14617
120.47572
119.14068
150.78140
158.48843
157.82098
134.75302
131.65803
132.93845
130.21653
142.45565
120.44098
113.21303
125.37788
129.88573
103.60678
103.55418
115.84047
135.24102
137.23652
129.64675
127.12547
128.81038
127.75618
126.30755
107.43052
103.79615
113.32318
147.27777
138.22140
137.00663
136.36517
138.10620
130.58792
113.98283
114.93480
116.48052
114.37680
143.84185
148.60507
141.49448
131.39977
130.49700
136.56533
112.60558
110.55208
110.78452
106.25467
127.32958
127.23905
130.72165
130.97372
135.99605
129.99328
111.09462
106.78818
147.41508
141.12493
132.88890
133.40805
123.48392
143.97738
148.03703
146.89897
141.34507
91.91197
103.99542
94.77875
92.38485
109.19550
116.85263
115.07398
110.38223
101.37745
103.02938
93.20652
103.15625
119.86315
120.60187
114.43148
102.43325
103.60295
98.58868
94.64095
125.51933
127.88985
130.49892
128.80487
114.06435
112.76238
91.77945
101.31032
115.52778
118.10587
130.00818
103.14942
102.51547
96.92098
90.68745
103.15788
127.35945
135.94102
123.86890
117.55160
109.50457
97.95782
90.97090
122.04788
146.63498
119.72733
120.07007
119.72138
116.24580
114.14058
125.50577
123.88657
122.58380
135.54180
130.86785
124.53122
125.80713
137.42295
130.11080
148.87055
158.42617
77.60198
75.05377
83.12420
87.55457
79.29605
79.48408
78.92217
77.97765
74.01818
85.63430
87.85518
80.06910
77.78047
79.21205
80.14583
82.33343
88.68095
83.38708
79.39483
81.50463
83.26380
81.55547
84.27397
89.73952
78.04880
77.66522
78.63432
79.51145
77.49622
99.84493
126.31262
117.93405
119.11320
119.93568
122.90558
125.69742
