8.17078
6.33047
6.30413
5.91700
5.57782
5.68365
6.15130
6.45482
10.16335
6.79387
5.88553
5.29347
5.30825
5.32453
5.44283
5.86947
6.64815
7.57522
7.06487
6.70643
6.02568
6.01967
5.75332
6.07277
15.25870
7.37373
13.22653
10.61880
11.96180
11.48748
14.25445
15.05758
21.85533
30.10733
26.16242
29.12283
26.87375
34.15182
30.12057
34.76212
33.60957
34.84680
27.01288
10.75720
10.87503
20.37148
20.46368
9.61057
3.29158
2.44875
2.21973
1.94907
2.67860
2.32575
3.19617
3.89963
3.14525
2.47592
3.00888
3.27487
3.41460
2.58367
2.67993
3.15450
3.20983
2.70833
1.91380
2.62418
3.43175
3.50857
2.57283
5.46118
4.47345
4.36248
4.36890
4.74675
3.55580
4.14553
3.32827
4.33948
4.30820
3.93365
3.84667
3.37602
3.37805
3.11320
3.63443
5.77878
6.48990
4.41370
3.46073
3.48650
3.59665
3.68097
4.65292
4.85328
5.75495
6.44210
4.78518
6.22260
4.36163
3.67610
4.57177
4.27147
3.59487
2.83830
2.64143
2.86620
4.37267
4.46350
5.70150
4.88698
3.69083
3.58473
3.20297
3.66380
3.66390
3.78808
3.94742
4.14578
3.93930
3.33345
3.33557
3.08410
2.37020
3.42258
3.59977
4.32205
4.21922
3.85583
2.44397
3.25775
2.77208
2.82328
3.37300
3.05938
3.10543
5.27235
4.16497
1.96582
2.78943
4.72343
3.76488
3.99528
3.58058
4.23683
4.58922
4.62555
4.45628
4.07535
4.31968
4.63397
8.39135
3.13363
3.13597
3.81995
4.25743
4.70137
9.94238
7.89707
7.67897
4.48965
2.22878
5.77025
6.38357
7.70842
7.03245
6.03960
2.02968
1.91733
1.92027
1.91922
2.40247
2.89857
2.37133
2.68658
2.23082
1.92082
1.92983
2.23470
2.61542
2.47707
2.81612
2.84393
3.41117
3.65533
3.26415
3.72607
3.83208
3.57895
3.76323
3.51895
3.54865
4.29118
4.49183
4.23330
4.23790
3.62395
3.76030
3.32605
3.32078
3.31692
3.94523
4.64045
4.25510
3.52595
3.87813
3.52418
3.53845
3.56220
3.71888
4.44283
5.08782
4.38085
3.95490
3.31970
3.32122
3.32348
3.40750
3.86953
3.97710
4.15300
4.73608
3.70795
3.53683
3.56097
3.66685
4.21205
4.31337
3.93208
4.19178
4.18370
3.87727
3.32610
3.33178
3.85503
4.06980
3.83437
3.98768
3.78975
4.33057
4.47390
3.86712
3.97443
4.04937
3.73100
3.83340
3.97747
3.60340
3.90597
4.51937
4.92600
4.43755
4.11382
3.92137
4.58947
3.95162
3.68025
3.56900
4.71448
4.96750
4.08148
3.74695
4.15895
4.05002
3.86382
3.90168
4.43358
4.51672
4.36133
4.31642
3.65180
4.11250
3.56302
5.64635
6.76260
6.82208
6.21588
6.66452
6.96477
5.87920
4.10237
4.28083
7.19188
7.40363
6.75855
6.78832
5.55913
