16.25872
6.69310
6.74071
7.34324
16.21642
6.68459
6.69006
12.21598
10.78357
10.90773
7.44064
16.23496
7.69168
7.43002
18.54725
6.87293
6.73892
20.50715
15.36198
9.52965
18.71736
6.67869
16.08871
27.53993
10.16955
22.16085
8.62218
23.74660
21.00247
11.72417
21.70568
29.39367
13.04982
19.93980
19.23241
30.83458
27.66382
17.90993
45.32307
34.80627
29.73225
34.38231
40.90163
52.17387
38.71006
22.11616
50.24180
40.79921
27.82903
56.52258
42.18862
24.13321
51.51425
50.85111
38.55178
41.87840
39.15113
45.41321
54.92273
39.33984
30.20943
59.46655
58.31548
36.69659
33.90403
66.23141
39.86586
59.92204
68.75928
36.25011
45.15059
65.86230
49.99152
59.12474
56.77839
36.67086
70.62306
53.32978
43.38420
60.22591
44.23837
44.71385
66.64171
47.13168
50.11941
43.44390
60.13787
51.47841
29.86908
61.73093
73.33397
44.74268
37.63621
50.53657
67.73192
51.85870
23.11157
52.64855
64.70375
59.30458
43.61103
37.65209
62.57919
40.55136
54.66794
37.02505
40.49840
51.43994
43.21227
34.59647
62.29345
42.64232
23.59551
64.29827
46.57108
40.73079
51.23187
39.93183
39.83970
38.65663
40.12678
57.04327
37.59871
26.51856
53.66377
36.33285
32.74458
42.78306
35.20521
37.59535
37.93487
45.46393
40.28142
25.12031
53.18947
40.06373
28.53962
41.66305
34.40216
33.60860
33.71180
37.76627
34.55085
37.61899
30.07537
24.22192
46.12449
41.47445
22.46100
27.50493
29.67363
31.03287
25.23449
34.86420
23.44713
33.47406
24.90460
20.19491
28.76810
27.06596
24.87140
27.57981
22.29415
22.78522
22.09185
23.10556
25.38739
20.48724
24.49092
25.76571
20.61536
19.98218
25.12153
19.30697
18.96421
23.66296
19.67323
25.92725
21.36946
20.42397
9.04314
4.97333
6.18020
14.27338
4.47675
10.12265
4.63778
7.40024
9.54502
11.82773
7.43339
8.37357
6.60020
6.70082
9.85043
7.47796
6.75814
6.72689
6.51705
7.29041
9.27940
6.19360
6.42987
6.72100
10.44583
7.48179
14.05411
6.72823
9.34311
8.00740
6.54965
6.91791
10.41818
6.60069
13.78059
10.82852
6.62242
6.27402
9.78688
12.53442
6.63058
7.02662
13.42891
6.89551
6.85077
6.92647
6.95610
6.27599
6.21225
9.09768
10.93562
6.63871
6.60754
6.76030
6.99966
6.99077
6.95878
6.38676
13.49882
6.21233
6.56813
6.61658
6.70494
6.71670
6.76630
6.88806
12.11890
8.48914
6.35218
6.24747
6.37892
6.54365
6.67624
9.65426
11.19134
6.76913
6.79950
6.73355
6.75356
14.15391
6.70352
6.71452
6.22570
14.10585
8.18482
6.17820
6.48586
13.19444
6.66852
6.61649
14.55477
8.78921
6.78563
9.59722
13.73034
6.09359
11.47185
10.68380
6.77433
14.74137
8.84119
6.85166
16.89061
6.80776
14.16172
17.62590
6.00866
12.52172
