2.63870
2.98700
4.67488
4.52897
3.41342
3.52822
3.47762
3.49492
3.96257
4.00712
4.39862
4.93807
4.89085
4.25165
4.78757
4.11000
3.82415
3.63802
3.66055
3.74590
4.55755
4.57913
3.90443
3.96870
3.22410
2.81865
2.40100
2.41932
2.50732
3.34307
3.35628
2.87300
1.96932
1.89925
1.90695
1.99563
1.75728
0.95157
1.90647
2.33808
1.92890
1.59787
1.62347
1.89908
2.82075
1.98312
1.41458
2.21255
2.42877
2.24348
1.86585
1.68358
1.74527
1.57102
1.99858
2.25593
2.78003
3.04180
3.09380
2.32900
2.05882
2.36215
2.22373
2.14263
2.68698
3.91050
2.60612
2.73247
2.03562
2.57015
3.42338
9.25128
11.00395
14.20642
14.50515
15.05748
18.24978
17.21883
16.66207
17.31252
19.10953
1.41187
1.06298
1.40723
1.85602
1.88382
0.93268
0.93315
1.22082
1.41498
1.43348
1.44465
1.86310
2.40738
2.43057
1.68987
2.09298
1.35325
3.61160
2.57942
0.96170
1.21353
1.85158
1.85052
1.14755
1.06362
1.47125
1.51667
1.55492
1.59248
1.83627
2.85287
2.75500
2.02263
1.27663
1.31410
1.43292
1.43047
1.43078
1.97063
3.27525
3.41535
5.26948
5.16767
3.68492
3.11100
4.23170
4.31365
4.95815
4.49183
2.48670
2.07183
1.56510
1.77393
2.08003
3.47432
1.78965
2.81872
6.74825
12.58803
27.84603
10.24963
3.90353
4.57878
3.86657
5.26263
4.86155
2.87465
3.84628
3.88503
3.11902
3.68863
2.61220
1.93610
1.91425
1.72153
2.13382
4.64393
6.47725
5.06435
6.69837
6.45820
4.84103
4.06452
3.39265
3.27740
4.07143
3.54292
10.19325
9.94630
2.33217
2.33640
2.53530
2.36782
2.36780
2.96300
3.74342
3.67225
3.01453
2.90293
2.90645
2.89028
2.80268
2.47542
2.36978
2.74547
2.75783
2.52137
0.87907
0.88633
0.88442
1.09523
2.45777
1.36917
2.28702
2.33937
1.95017
2.37875
1.38915
0.89452
0.89585
0.90777
1.40397
2.03483
1.81723
1.73960
0.88358
1.24332
2.59463
1.38532
1.40303
1.40733
1.82037
3.54840
2.05038
1.10880
0.86082
0.86388
2.03585
0.84837
0.84780
0.84768
1.71033
3.26343
1.90767
1.37057
1.37132
1.38267
1.68255
2.25537
1.27097
1.40117
1.79325
1.72397
1.67298
1.14710
0.84362
0.85235
0.84710
1.22165
2.43612
2.49230
2.29453
1.63615
1.37305
1.38250
2.49838
1.17967
0.86455
0.87533
1.63760
1.81607
2.65225
0.84805
0.84765
0.98707
1.32635
2.00412
1.89040
1.74525
2.30687
2.32838
1.45867
2.59455
1.27300
0.86027
0.86257
0.86353
0.87260
1.79363
1.80228
1.33705
1.29575
1.37022
1.39160
1.40152
1.45413
1.50915
2.11067
2.59185
2.55385
1.52445
2.13808
3.69648
3.27430
2.56495
2.77028
3.68290
