10.29410
10.10895
10.92903
10.98617
10.56247
13.06386
14.61079
12.55463
11.66891
10.82447
10.30475
10.80525
10.90510
10.09323
10.80448
11.59117
11.74880
12.62106
16.99474
19.88869
19.05801
13.06276
14.87594
20.26659
20.14359
18.89535
13.24208
18.95529
21.43203
21.93586
20.60407
14.63301
13.80149
13.79814
15.60899
15.59177
16.81869
16.08214
18.19371
24.14975
24.47777
24.71269
20.30487
19.31932
23.10747
24.18532
24.27244
21.44011
18.54081
21.64985
20.43339
19.68275
20.31436
19.97542
16.54014
18.76936
23.92833
24.75757
23.78366
19.81099
19.32468
25.99079
27.79000
27.04966
22.30994
19.40525
18.34907
18.67673
17.88820
17.61316
15.30383
16.27606
16.54076
14.48542
11.87645
11.00584
10.91655
12.45067
17.77681
18.94216
16.87886
18.89668
13.53224
9.31565
9.49379
10.07845
9.12509
9.00080
9.29449
9.06727
8.39314
10.89929
9.92173
9.01605
8.44730
8.84551
8.69373
9.39312
9.57387
8.96920
9.34203
8.81678
9.89417
9.01520
8.36032
7.99103
9.11454
9.06976
9.21037
9.51681
9.84346
9.94791
10.37611
10.14584
9.60239
10.48786
9.73925
10.54210
9.77016
9.38855
8.83460
7.75098
8.36710
8.64550
8.67085
9.02894
8.35270
8.26247
9.32218
9.51394
9.79746
9.63968
9.41198
9.38712
9.35699
9.84672
9.87482
9.69473
9.28788
9.90591
9.48771
9.89929
10.23578
9.97120
9.40391
8.67690
8.26172
9.01019
8.67354
8.07848
7.68534
10.29423
10.55015
10.63653
10.58755
10.11781
10.47436
10.66221
11.81089
11.21244
10.89781
9.92248
10.35539
10.79248
11.00871
10.68050
10.55903
10.05115
11.04131
11.39604
10.86685
11.38887
11.48871
11.26159
10.86514
10.57338
11.13269
11.04460
10.71120
11.37190
14.15396
14.50522
12.44022
12.52859
15.11451
10.34914
6.48520
6.37484
6.55223
6.77071
6.02393
6.55515
7.31640
6.46367
6.95031
6.95616
5.86628
9.29096
7.02272
6.47627
6.83250
6.45223
6.11174
7.42830
7.24101
7.50221
7.44999
9.39155
7.66317
7.39360
7.42732
7.02845
7.68624
7.63962
9.84156
6.65898
6.28659
7.10278
6.92042
6.56574
8.37142
6.54731
6.63476
6.84524
6.50516
6.05445
8.06155
8.91722
7.42747
7.34409
7.36466
6.47635
7.41271
7.48567
10.59001
8.11574
6.99259
7.19676
7.60868
7.08762
10.26097
7.50889
6.91356
6.87168
8.43988
9.16017
10.66121
9.87398
8.54540
8.22277
8.94426
8.88363
11.56499
9.13298
8.62827
8.67099
9.03365
9.32059
8.87179
9.06443
9.84979
16.29640
17.68510
17.52958
14.99306
9.65433
9.47712
9.59492
8.59230
15.84768
18.10717
18.09800
17.57660
12.67450
10.17551
10.31653
12.32739
11.51763
10.43655
10.03000
10.55658
10.31454
12.26925
9.77331
10.16982
9.50815
10.86923
11.20283
