16.88870
14.82925
12.88610
16.38818
14.50675
14.38248
14.35548
17.38062
13.02415
13.31220
17.53687
13.14960
13.33270
18.71163
22.18588
16.76225
16.86278
8.43100
5.20113
4.64648
5.10117
5.55160
5.32615
4.94050
4.95878
5.23828
5.46800
5.96597
6.25087
5.41218
6.01073
4.23070
14.35048
5.09677
6.36518
6.22532
5.51992
5.19858
3.90007
4.58753
5.14720
5.74397
5.53368
5.45583
5.03592
5.23398
5.14417
4.86557
4.69543
4.86262
4.89368
5.36982
5.71427
4.89345
4.91685
4.86833
5.40527
5.96372
5.60938
5.29263
4.50350
6.71393
10.62263
10.38977
6.35775
5.36875
5.46173
6.88547
6.54107
5.81292
5.85377
6.65923
6.77383
6.56778
6.58292
6.13095
10.22123
10.87907
9.93725
6.81213
5.07518
4.49680
4.31425
4.35343
4.56745
5.56662
5.39003
4.33928
4.28297
3.96032
7.21562
7.75807
6.42560
5.13327
5.57082
4.14348
3.95277
4.36500
3.89308
4.44110
4.87127
5.25022
5.77608
3.69627
3.71560
4.07073
4.36658
5.05787
4.76132
5.05428
5.26878
3.71837
4.20233
4.29600
4.52007
5.35088
4.45592
4.82485
5.45462
4.18792
4.29852
4.37825
4.44200
4.80730
4.35090
5.15593
5.84482
4.32153
4.72410
4.93657
4.67185
5.17245
4.79880
5.15693
6.05422
4.24092
4.16283
4.07680
3.98315
4.88633
5.17537
5.21453
5.54743
5.03275
3.87177
3.73238
4.41800
4.62280
4.75530
5.90460
5.45315
4.76710
4.59888
3.98708
4.14807
5.10877
5.46760
6.20378
6.41435
4.72547
4.57128
4.53295
3.56982
3.76078
5.51748
5.04745
4.71755
5.03090
4.29142
4.29323
4.37407
4.45922
5.26985
5.93893
5.62163
6.61272
6.62230
6.62707
5.38522
5.95467
5.80717
5.42795
4.93458
5.01972
5.13577
5.32167
5.61440
6.99098
7.68700
7.46843
7.78863
8.41872
9.74003
11.32967
11.39295
18.24020
20.44305
10.05577
5.29230
5.24625
5.32427
5.29568
5.33197
5.29447
5.29462
5.26492
5.27118
5.27062
5.35533
5.36755
5.30685
5.26908
5.29028
5.23267
5.22180
5.20303
5.22770
5.22087
5.20798
5.20220
5.24045
5.29945
5.41788
4.40042
3.44985
5.82010
3.35803
4.10012
11.02073
6.37687
4.25338
9.50837
3.84355
6.73385
13.95778
22.57040
22.89103
24.29193
21.02358
16.44617
18.93473
21.10070
20.85197
11.44937
6.45402
5.85738
5.33673
5.16452
6.04895
6.33660
6.31503
5.61518
5.57988
5.76555
5.92400
5.42878
4.51757
6.42933
7.17467
7.13025
6.26567
5.78788
8.01280
10.03348
10.19403
7.69598
12.24635
6.68208
7.11110
7.91042
7.30238
12.00628
11.68373
6.40872
8.10823
10.75357
6.89905
7.25783
7.31598
6.52290
8.14623
5.26238
5.96667
6.86250
7.25808
9.80817
8.07295
7.51710
