2.84767
3.06199
4.03711
3.73749
2.22794
2.21541
2.94197
2.97345
2.99393
2.50266
2.25880
2.36594
3.97381
4.02404
3.17582
2.36640
2.19904
2.39344
2.94014
2.98337
2.99858
2.31252
3.14231
3.71287
3.43073
3.02486
3.04553
2.36716
2.40088
2.72964
3.08119
3.08031
3.51455
3.49584
2.99926
2.82028
3.16190
3.07769
2.95374
2.35329
2.39182
2.97489
3.53703
4.46704
4.38880
3.29262
3.26406
3.71537
3.36667
3.07071
2.85169
2.33532
2.44866
3.95680
3.98994
2.87973
2.78217
2.12503
2.15256
2.70112
2.91446
2.91398
2.93860
3.35898
3.28528
2.55664
2.86807
2.86709
2.84790
2.87813
2.88994
2.91248
3.00015
3.72317
3.91968
3.08045
3.05483
3.19993
3.12390
2.70419
2.80076
2.89696
2.63446
2.83165
3.34355
3.29808
2.88070
2.88051
2.76344
2.43619
2.78050
3.66666
3.76281
4.14378
3.98067
2.74911
2.10287
2.72167
2.80579
2.81540
2.58581
2.09843
2.09388
3.16625
3.95318
3.61366
2.51430
2.15381
2.11225
2.82807
2.82327
2.79497
2.38322
2.53921
3.30056
3.64382
2.84097
2.83920
2.23894
2.07245
2.24902
2.83549
2.76600
3.04211
3.19173
2.95110
2.28196
2.77363
2.73839
2.68711
2.02162
2.12343
2.45276
3.00204
3.91074
3.71352
2.22521
2.39398
3.18512
3.70100
3.70062
3.39485
2.38013
2.21621
3.75541
3.88009
2.79254
2.53687
2.05166
2.06152
2.66716
2.78246
2.78214
2.64055
3.16525
3.20066
2.74513
2.83945
2.76874
2.73947
2.08241
2.06984
2.46734
2.86192
3.96546
3.89155
2.81122
2.83360
2.85569
2.87085
2.77873
2.72876
2.89218
3.13435
4.15396
3.49965
2.88027
2.83067
2.82080
2.35750
2.12344
2.34526
2.86461
2.97114
4.06491
3.49021
2.74737
3.36910
3.68413
3.58410
2.99724
2.14020
2.13061
2.65415
3.90458
3.89947
2.62607
2.11634
2.11151
2.67744
2.84534
2.84961
2.50720
2.16482
3.23031
3.94336
2.89518
2.82398
2.41178
2.08263
2.15140
2.78956
2.84509
2.93922
3.47696
3.36326
2.58807
2.91440
2.89662
2.90783
2.18880
2.16008
2.47733
2.84254
3.92084
3.87820
2.32643
2.17337
2.69046
2.87036
2.90803
2.79673
2.32423
2.55900
4.62349
4.81713
3.57653
3.16005
2.12412
2.23688
2.81712
2.99698
3.01874
3.01915
4.52992
6.07027
6.07507
6.15999
6.18216
5.83802
5.09594
3.81149
2.85844
2.94111
4.05107
4.40568
3.67013
4.74868
5.50891
6.14568
6.20101
6.12188
5.89906
4.50987
3.85488
4.01968
3.05958
2.81634
2.92267
3.08264
3.10464
2.76628
2.07371
2.15432
3.42937
4.01433
3.14241
2.70631
2.26129
2.25635
2.96013
3.34861
3.74815
3.44131
3.69746
3.67080
3.07706
2.84280
