0.89243
0.94512
0.89136
0.95739
1.00167
0.99921
1.00059
1.00101
1.00176
1.00113
1.00178
1.00204
1.00059
0.99910
0.99905
0.99899
0.99463
0.99426
0.99559
0.99434
0.94045
0.85179
0.80950
0.94217
0.85552
0.87832
1.11025
0.94632
0.91933
0.91004
0.89153
0.89203
0.89531
0.90087
0.88582
0.67672
0.61686
0.59180
0.86942
0.98363
1.01434
1.15374
0.95373
0.65161
0.65347
0.66115
0.68019
0.69450
1.33643
2.00484
2.24438
2.29202
2.83295
4.67794
4.14830
0.94152
0.63943
0.58450
0.57301
0.59915
0.62475
0.66306
0.63852
0.63181
0.64180
0.64736
0.68599
0.68842
0.61960
0.62231
0.62714
0.63057
0.63207
0.63482
0.63762
0.64066
0.64278
0.66139
0.68038
0.73466
0.66773
0.68652
0.71668
0.73569
0.77409
0.69563
0.63922
0.48852
0.43212
0.41819
0.41876
0.48205
0.58580
0.66052
0.63115
0.62761
0.60337
0.59930
0.50411
0.50176
0.47953
0.49333
0.49558
0.62993
0.65658
0.65934
0.66144
0.66258
0.66384
0.64945
0.49597
0.49338
0.49110
0.45621
0.52820
0.65692
0.66090
0.66008
0.66151
0.66353
0.66918
0.58761
0.49938
0.50167
0.49745
0.49749
0.60300
0.65576
0.65060
0.65619
0.65558
0.65642
0.66324
0.49832
0.48223
0.48143
0.51588
0.54816
0.73837
1.92056
2.25594
2.26484
2.14957
1.05201
1.10312
0.97612
0.93378
0.93737
1.96210
2.08217
2.18407
2.25946
1.36595
1.09226
1.05315
0.88809
0.90721
0.99862
1.18001
0.71586
0.72145
0.72182
0.93871
1.20411
0.55091
0.56502
1.20483
0.74527
0.76491
2.47427
1.81843
1.08158
1.38868
0.95037
0.69743
1.11267
0.61884
0.54936
0.71629
1.22835
0.57279
0.57304
1.32744
0.71082
0.68978
1.39828
0.61167
1.01482
1.10294
0.62625
1.42610
0.70199
1.14322
1.12999
0.93563
1.00538
0.72238
1.49255
1.52773
0.84003
0.76796
0.60013
0.42972
0.42539
0.42575
0.42572
0.44077
0.58571
0.58807
0.58752
0.59214
0.59500
0.54660
0.42693
0.42856
0.42857
0.42772
0.56695
0.68807
0.59115
0.59067
0.59185
0.59437
0.52895
0.42598
0.42529
0.42520
0.42496
0.50520
0.58580
0.58768
0.58911
0.59071
0.59314
0.56370
0.42392
0.42449
0.42564
0.42625
0.46965
0.58681
0.58585
0.58722
0.59061
0.59270
0.59589
0.51767
0.42301
0.42292
0.42610
0.42773
0.51040
0.58503
0.58546
0.58707
0.59016
0.59400
0.59807
0.48896
0.45097
0.42474
0.42490
0.42442
0.53089
0.58546
0.58605
0.62145
0.64844
0.65009
0.65212
0.64963
0.48055
0.48036
0.47972
0.47886
0.69206
0.82950
0.72812
0.81635
0.81778
0.81432
0.81674
0.82234
0.83174
0.68905
0.65599
0.65725
0.65684
