4.40234
4.21672
12.54761
11.94475
2.94247
2.93523
3.56337
3.64448
4.81253
5.49203
3.20677
3.12399
11.91089
12.47299
4.80476
3.01952
2.93755
3.09275
5.17146
4.76610
3.64602
3.13836
9.68778
12.24474
6.67635
3.55566
3.59860
3.06831
3.09487
4.33526
5.70711
4.12337
8.24132
12.19287
8.26508
3.56714
3.78650
3.65353
3.54227
3.06981
4.87892
4.45160
6.54933
13.02012
10.89637
4.05217
4.27768
4.61737
3.95996
3.73632
3.58588
4.33993
5.64232
12.44349
11.71077
3.49938
3.35365
2.76996
2.81653
3.25675
3.39398
3.39750
4.34344
13.41966
11.66655
3.80383
3.31402
3.36317
3.34310
3.46075
3.45564
3.45711
3.39421
10.16905
14.20578
6.79116
3.39177
3.60368
3.69998
3.42630
3.41195
3.49658
3.32172
8.33957
11.76324
9.31129
4.14578
3.27791
3.16005
2.94508
3.36779
4.31639
4.67304
8.88574
12.37915
8.50478
4.67664
3.23721
3.20878
3.22514
3.05583
2.63260
2.64059
6.79203
12.37385
10.02801
5.25271
3.13971
2.72767
3.32219
3.31195
3.30582
3.00824
5.83991
11.78008
11.57292
4.52100
3.32898
2.81388
2.62540
2.72155
3.21305
3.08880
5.39588
13.28137
11.04156
2.79808
3.33656
3.32311
3.18686
2.64441
2.69370
3.36941
6.81678
12.88168
11.08143
2.71765
2.89862
3.63467
4.18692
4.45378
6.08778
4.39286
3.86711
12.15806
11.58083
3.20309
2.96758
2.65478
4.65158
4.38347
3.34064
3.31444
3.85359
11.76906
11.47599
3.61175
5.20121
3.79205
3.15278
2.63105
2.63566
2.99234
3.97695
14.14293
13.63970
3.29885
3.32344
3.31759
3.35629
3.25439
3.77672
5.33653
4.84514
12.73657
11.77616
3.46814
3.42074
3.33137
4.04112
4.67085
2.90478
3.28028
4.14767
12.56852
11.73329
3.38603
5.96849
5.59032
4.36905
3.54709
2.76498
2.67877
3.55154
13.56510
14.26464
3.31909
2.71165
2.69218
3.23475
3.37559
3.38938
5.11533
3.97127
11.90072
12.31086
3.83794
3.35312
2.99701
3.64820
4.78304
3.37857
3.37688
3.48729
12.02329
11.92438
3.89874
5.45633
4.32809
3.38798
2.85529
2.83214
3.06780
3.40285
13.05456
14.36712
3.97536
2.88964
3.18858
3.31243
3.34316
3.27555
4.22459
4.86866
12.80921
13.47089
5.33604
3.91348
2.90962
3.03312
5.06668
4.95182
3.64270
3.55703
12.66987
14.57961
7.50358
6.73142
8.55966
7.64899
5.80077
4.48841
3.33496
3.44690
11.84489
12.77836
7.56145
6.40965
6.14591
6.77618
6.82074
6.79406
6.56452
5.80416
13.28466
12.54174
4.99507
3.25802
3.36297
3.52266
3.64070
4.37152
4.71347
2.88438
10.66788
12.38206
5.40277
3.31572
2.95660
3.61475
5.44749
3.99567
4.18095
4.21117
10.78501
12.37774
6.06604
3.39125
