4.00170
3.01627
2.05847
2.05483
2.43188
6.31067
3.63675
2.69472
1.87937
2.86147
4.40408
4.27472
1.19940
1.78655
1.99080
2.29402
4.71200
1.73762
2.28475
2.68538
3.16918
4.05613
4.74247
2.58813
2.66248
2.65075
3.43055
6.10842
6.28388
4.47910
3.30557
3.19757
4.02595
5.38772
4.93278
3.44617
3.39165
4.27057
4.36472
4.58878
6.22548
3.41672
3.42615
3.46178
3.46182
3.24215
5.10498
2.74102
1.73910
0.87413
0.87527
0.87447
1.85533
3.17598
0.87775
1.02837
1.82768
1.85678
3.86185
2.87578
2.54907
3.00275
3.11778
3.99095
4.14030
5.56178
4.45653
3.78995
3.01052
3.21083
3.17288
3.58880
2.72563
2.68675
3.07075
3.92290
2.73892
1.57342
1.34907
1.33802
1.44858
1.82767
1.84897
1.82192
2.64777
2.90612
2.51513
1.93560
1.86567
1.58657
1.55833
3.52638
3.07238
2.11957
2.51877
2.54688
1.67052
1.56855
1.56705
1.55590
1.59925
1.59000
1.57215
2.35400
2.55522
2.31552
1.60842
2.33735
2.30152
2.26543
2.26312
1.87902
1.65458
5.39182
2.70788
1.95890
1.41270
1.45180
1.45183
1.47987
1.42487
1.35560
1.92685
2.43730
2.43993
1.55042
2.12920
1.66645
1.29482
1.28928
1.29510
1.98225
3.21127
6.87747
5.39440
1.55658
1.00037
0.80998
0.87040
1.09290
1.54897
1.90070
2.48038
1.66103
0.88383
2.72223
4.10680
1.46783
0.80653
1.09892
1.80327
1.85250
1.22130
0.88102
0.88532
0.88693
0.88718
0.88728
0.89263
2.33610
3.91067
5.83232
2.30375
2.47330
3.60103
4.96615
1.94323
1.67985
2.06787
5.90707
4.12480
1.91608
1.85217
4.56645
3.78247
1.92043
1.94673
4.41048
6.07343
6.11270
8.02687
4.94883
5.05287
4.48517
5.01217
4.52923
6.33427
10.40522
7.36555
4.76497
1.40150
1.47558
1.50975
1.30713
1.39725
1.52175
1.24235
3.25822
4.12085
1.68000
1.67070
2.04278
1.31513
4.34108
1.83738
1.11035
0.97687
1.76900
4.51402
1.62480
0.84000
0.84007
0.84008
3.08588
2.11498
0.84003
1.47943
1.77992
1.97165
3.61827
0.84000
0.83998
0.84002
0.84000
3.48178
1.85790
1.77362
1.68900
0.84038
1.04743
3.89458
0.98650
0.84007
0.84000
0.84032
1.62768
4.92257
1.36543
0.84262
0.84052
0.84037
0.84005
3.97168
1.01827
1.15967
1.77445
1.66650
0.84000
0.84002
3.85123
1.08093
0.83998
0.83998
0.83998
1.65723
1.78598
4.28370
1.13318
0.84000
0.83928
0.85213
0.85832
0.85570
1.20858
1.78927
1.82183
0.86183
0.86203
0.86418
0.86158
0.86108
0.86175
0.84533
1.66098
1.79738
1.50542
0.84447
0.84183
0.85892
1.37485
1.36885
1.36928
1.63012
2.23813
2.78430
2.56797
2.63285
4.37250
