2.82660
2.82622
2.91075
3.33460
3.68348
4.10358
4.72413
5.45790
6.63603
4.10510
2.38962
2.81328
2.38767
3.04342
3.08358
2.99753
2.59197
2.48692
2.49775
2.43245
2.43018
2.41968
2.44285
2.45592
2.45950
2.46675
2.46723
2.46608
2.47007
2.46400
2.46322
2.48305
2.48927
2.49768
2.49232
2.49415
2.48863
2.49017
2.48920
2.49525
2.49475
2.50192
2.50268
2.50593
2.50025
2.49820
2.50155
2.50105
2.50310
2.49155
2.50413
2.50393
2.52545
2.94222
3.43242
4.02197
4.74667
5.69315
7.23012
2.20235
3.19002
2.60075
2.53360
2.91073
2.95718
3.07528
3.13443
3.13912
3.14417
3.15695
3.41087
3.64557
3.66512
3.66438
3.67027
3.67528
3.67963
3.68523
3.69847
3.90697
4.64200
5.38770
5.71158
6.45412
4.73142
2.40235
2.87865
2.46875
3.49020
3.55960
3.58823
3.61242
3.62515
3.64077
3.64890
3.64788
3.64675
3.66617
3.68172
3.69735
3.69760
3.71473
4.19307
4.97463
5.57272
5.89612
6.80068
1.82032
3.20940
2.23335
2.74878
2.72905
2.74608
2.68303
2.66648
2.48242
2.45857
2.41960
2.45173
2.80612
3.30163
3.67177
3.79063
3.79383
3.92938
4.65590
5.53192
5.82122
6.25722
5.60740
2.10457
3.17885
2.29103
2.74487
2.71350
2.74528
2.73778
2.61870
2.34577
2.17313
2.13653
2.13810
2.13738
2.14088
2.15217
2.16310
2.16113
2.27222
2.80563
3.75765
5.01745
6.50282
3.44740
2.90477
2.81755
2.08222
1.93315
1.87607
1.87775
1.82740
1.68135
1.60173
1.50363
1.45258
1.45703
1.44887
1.40938
1.21177
1.18662
1.18987
1.19412
1.21558
1.33057
1.41192
1.37920
1.26427
1.20465
1.20912
1.21317
1.21085
1.21072
1.21283
1.21448
1.21880
1.22532
1.28572
1.59453
1.79240
2.11057
2.26487
2.27208
2.28350
2.44930
2.51897
2.51857
2.52413
2.53080
2.52523
2.53070
2.52950
2.52187
2.51692
2.51288
2.52560
2.53345
2.53548
2.54257
2.75083
2.88527
2.95358
2.97592
2.97483
2.95477
2.96715
2.95583
2.91465
2.51333
2.48048
2.49305
2.50897
2.50767
2.48937
2.49542
2.50187
2.48213
2.47175
2.47328
2.50855
2.50635
2.52510
2.52278
2.50625
2.51387
2.50313
2.51225
2.51623
2.51297
2.50797
2.49437
2.50220
2.48943
2.48723
2.51562
2.53042
2.87853
3.12868
3.13893
3.12263
3.12852
3.12968
3.12845
3.13105
3.14225
3.12933
3.12757
3.11032
3.10843
3.11165
3.11827
3.25903
3.49657
3.50057
3.49028
3.47752
3.47157
3.49758
3.50457
3.50692
3.49785
3.49458
3.49500
3.49147
3.48667
3.48793
3.50048
3.49562
3.48020
3.50193
3.49313
3.48485
3.49440
3.57283
3.59647
3.59267
3.59412
3.59572
3.58670
3.58267
