36.53362
38.25107
55.45075
55.82588
35.86153
36.56067
38.51488
47.85438
46.90990
44.06310
47.77960
45.47585
47.56877
46.29938
44.78023
46.83185
59.44205
78.17487
83.06865
71.73443
70.14737
77.85465
89.16827
86.26565
77.91198
85.02730
97.16610
94.70797
88.62393
81.35885
91.28325
79.01707
89.13647
101.96382
83.37127
77.38202
75.58953
70.07823
90.90657
88.42708
81.84742
57.54977
40.23900
41.83363
48.65767
40.04537
38.46007
38.30890
43.96985
56.15982
50.50840
38.37565
36.97067
38.10515
37.74902
49.20917
60.12707
41.95547
37.27602
37.63862
37.79523
38.75397
48.48977
47.43068
48.39827
43.06758
41.95557
35.02288
41.92063
47.31135
36.19890
35.36673
36.33405
34.50625
27.50377
35.68315
33.72823
24.91373
24.42263
30.64253
36.22790
33.91113
35.54185
24.93937
23.88303
25.05165
26.07875
30.97095
48.17368
34.38843
25.37148
25.15457
23.65022
24.06262
34.75718
42.58462
35.77500
24.03057
23.53850
24.04467
36.03757
40.30073
24.33825
31.77170
40.37698
32.65435
38.88652
32.71860
25.48410
26.13340
37.37048
51.46333
64.22817
61.21675
40.64122
39.04257
39.14230
51.63053
49.92763
40.87130
48.55285
45.42108
42.89198
49.57537
43.61647
41.66008
47.03970
50.96822
54.27978
50.86658
38.13283
38.41252
44.51495
48.37618
46.54057
47.31430
48.72820
48.39727
49.41143
41.30317
39.20383
43.04592
50.43203
61.40208
50.94967
40.94810
46.24753
51.17165
51.31985
41.42873
41.98367
51.15630
79.14338
52.49475
38.99995
41.78533
57.51200
64.33520
62.49738
64.38893
72.90488
65.46357
64.00175
57.52665
52.23230
64.81052
69.68757
64.61368
62.69415
62.26587
61.19132
61.76827
67.73210
69.03130
52.03335
61.03145
68.36627
73.22078
65.22203
64.02188
66.14580
66.14183
62.80177
62.56913
63.68682
57.27917
51.37158
54.96552
38.42123
36.79657
39.96613
41.07340
38.11337
37.12733
41.15167
50.41240
38.98892
34.80373
34.63643
36.73417
38.17340
39.13105
37.88737
37.52195
45.98393
41.70452
44.07670
44.48182
43.19313
41.62698
47.69043
42.50263
43.59922
55.67422
55.11380
49.27817
49.47287
49.01543
45.89193
37.19572
48.98202
59.80628
50.65087
53.64097
44.95427
38.13473
47.98243
49.11362
47.88140
51.29037
50.37055
43.24905
48.92527
48.95485
47.93110
43.11275
38.90987
46.56292
49.54467
59.63223
52.16333
38.84723
45.15060
47.91898
48.38002
42.84957
38.36653
50.65815
58.34307
50.59533
43.34598
39.97167
48.67143
52.54722
48.31502
41.42907
49.44092
53.24582
48.71190
45.40185
39.07853
43.12510
50.05643
50.10030
47.18232
48.19275
46.55455
48.61292
48.13240
38.18640
38.00992
44.46788
48.86412
53.82818
51.63637
47.80950
42.62840
49.34590
48.21317
38.97217
46.43170
52.35400
49.61555
47.30518
38.24693
42.57738
48.01780
49.86092
