2.79952
2.76045
4.26560
5.62617
5.80190
4.62095
5.02292
9.08673
9.56038
9.20242
8.71712
7.07553
6.97390
7.04750
8.02515
9.12007
10.21628
10.08113
10.06093
8.16815
8.05600
9.82180
8.86993
7.35030
8.61218
9.23603
9.83643
11.51968
12.99355
11.50382
10.53478
12.00050
12.61260
14.22698
14.44225
12.92185
13.60360
14.14157
14.39825
17.53992
17.40860
16.14563
14.80118
10.99538
8.40220
9.66675
9.65807
9.01320
8.69015
10.07793
14.37552
16.61717
18.07037
24.59265
25.11168
10.67285
6.96797
7.59062
6.69188
3.49912
3.24268
3.35170
3.76688
6.05503
5.83055
5.04287
3.41898
3.30737
2.81645
5.14198
5.49113
4.51040
3.92813
4.62393
3.76158
5.14227
5.15687
3.62228
2.85617
2.69548
2.38023
3.75712
4.80818
3.37575
3.90917
4.94005
5.54367
6.31250
7.20392
7.64973
5.57800
4.70222
4.61893
6.16543
7.06007
6.45050
5.37372
5.32015
4.73063
5.52152
6.10892
5.97227
4.64377
4.49197
4.07517
5.16518
7.41230
7.52120
5.93110
5.94532
6.06423
6.51895
7.53007
7.99220
5.10978
4.65612
4.79672
5.79030
6.73228
6.09467
4.84180
4.44632
4.06522
4.20938
6.12698
7.78397
6.32305
5.31013
3.97622
4.24270
6.38525
8.22352
8.01257
7.15025
7.55882
7.42123
9.00463
8.60435
6.31767
5.55058
3.91210
3.23258
5.14660
5.22512
4.26318
4.16748
2.92832
3.15705
5.99810
6.63933
5.18533
3.91228
3.50938
2.99727
5.39245
5.61625
6.45027
4.81173
4.36430
3.71165
5.58252
5.86225
4.93772
3.86790
3.78762
4.01305
4.47438
4.83153
5.54780
4.77030
4.82822
6.03098
6.93643
6.38782
5.83575
4.49758
5.13367
4.66097
8.41960
5.15673
5.42183
3.08507
3.02595
2.44863
3.80347
4.98387
4.10455
2.85332
2.84612
2.56812
4.15533
6.22455
4.49310
3.63747
3.78858
2.98883
3.65030
5.11797
4.48637
2.90587
2.63157
2.64893
2.87387
3.73397
2.83177
2.37998
2.67197
2.90543
5.68530
7.12948
5.94315
2.54785
2.09823
1.74882
2.32173
3.78560
4.08433
1.91667
1.91482
2.15255
2.74110
4.35152
3.97712
3.51765
2.82588
2.44473
3.18787
4.78848
4.93365
3.47288
3.48488
2.97178
2.63493
4.45408
4.41213
2.72302
1.27148
1.74805
2.04917
3.95597
4.76213
4.05388
3.73543
3.09593
3.13162
5.47918
4.87218
2.65070
3.01403
2.75673
1.63147
2.92697
3.96788
2.58882
2.44582
2.54253
2.67930
4.27720
4.24612
3.57638
2.68673
3.19253
2.66330
4.11400
5.61877
4.58200
2.71457
3.19038
3.20108
3.71292
4.42588
3.43723
1.92515
1.82232
1.71853
2.86398
4.74025
4.31545
2.91462
3.81063
3.31390
4.04483
4.87167
3.65605
2.52343
2.72360
2.98260
3.57528
