1.72063
2.09523
1.74317
2.49058
1.74657
2.01242
1.82198
1.72755
1.73313
1.74080
2.11685
1.75397
1.73507
1.73070
1.97642
1.84268
1.73673
1.74675
1.76318
2.10877
1.73032
1.72285
1.72410
2.05267
1.77675
1.76098
1.84870
1.91785
2.08485
1.74423
2.32715
1.88938
2.11300
1.76935
1.87628
2.21577
2.45982
2.65427
2.41033
2.43040
2.46433
2.67978
2.37623
1.69705
2.95753
3.40705
3.81295
3.12797
4.30673
2.62628
2.49285
2.06802
1.80768
1.72887
1.91438
1.90250
1.73850
1.81770
4.39653
4.96042
3.49285
3.57070
4.00148
4.61812
6.22318
10.37597
7.51797
3.47197
3.66540
3.35920
5.20855
4.89257
11.64677
7.72945
7.19017
12.47833
13.86670
6.74667
14.20395
12.86898
6.88463
12.57705
14.91110
11.18147
18.82642
14.62667
17.17495
18.49735
18.10520
16.54293
5.42605
4.92648
5.76032
4.02547
5.14585
7.52475
10.83985
5.08173
4.95865
4.92082
6.10338
6.87462
6.32210
5.10687
13.72448
14.35620
15.36927
16.48868
16.36688
14.88007
18.92178
23.46200
18.64085
22.08390
13.31958
4.09727
3.62555
3.50977
3.70347
5.17032
1.63610
1.60100
2.20830
3.46870
4.58690
3.88523
2.45963
2.46115
2.45695
2.81337
2.46842
2.60815
2.64702
3.15977
3.08203
3.38735
3.14063
3.92093
5.23708
5.21777
17.80180
19.55737
20.12092
20.06010
19.13807
20.76985
19.70135
19.63175
22.63922
18.55213
19.12907
6.90548
17.01397
15.98513
18.56830
16.85543
15.50332
17.69223
19.45707
20.93903
18.90600
20.10525
15.02622
4.74502
4.14293
4.02970
4.27993
4.73935
4.19637
4.37160
4.49445
4.12522
4.22197
4.58677
5.78130
3.16832
2.96305
3.03083
2.79837
4.68742
4.29045
3.53777
2.49872
2.47493
1.48970
2.44710
3.30960
2.54620
1.04132
1.21103
1.43877
2.53230
3.14117
3.00412
1.38397
1.63865
1.47183
2.13983
3.14157
3.14045
1.79762
1.43423
1.08215
1.70645
2.85678
3.44332
1.44127
1.36900
1.37623
2.16725
3.26998
2.78222
1.38237
1.95275
2.41452
2.48735
3.64955
2.95620
1.33687
1.41038
1.05532
1.45397
3.14165
3.35598
1.84643
1.37907
1.39508
1.59105
3.53178
3.16095
1.81262
1.37413
1.38160
1.81578
3.17465
3.22643
1.75985
1.40742
1.17415
1.04835
2.90217
3.15012
2.17753
1.37700
1.37767
1.37870
2.98843
3.48738
2.17582
1.37693
1.37830
1.64705
2.93950
3.14453
2.29463
1.37610
1.73432
1.37595
2.73353
3.16558
2.64543
1.65965
1.39372
1.39315
2.64883
3.31685
2.83462
1.39360
1.39445
1.39835
2.20735
2.67178
2.44823
2.25627
2.58755
2.45555
2.66737
2.68155
2.40363
2.88515
7.29062
6.30515
3.47908
3.61572
2.25815
1.83418
1.69723
1.68392
