13.71477
6.53557
7.25938
6.56685
16.45803
13.11317
6.52903
7.27570
6.44310
7.74388
14.55070
26.63200
12.72675
7.07627
8.38780
8.53643
8.78357
8.30888
8.48215
21.52803
17.39777
14.12515
25.76467
17.34927
19.33825
34.59552
25.20270
30.45985
35.22485
26.02755
18.44177
6.41520
5.36342
9.59707
16.29850
5.93770
17.77418
3.77845
3.14740
9.19005
24.00177
11.48443
3.17430
4.61087
21.11140
21.75668
9.64858
8.57090
20.81815
19.87938
13.29255
12.05148
18.89653
17.26338
16.19393
12.24025
17.75147
14.83953
19.35745
16.91587
11.76958
17.54962
24.46742
20.17858
6.43953
13.82722
27.99060
18.32118
4.20267
9.71702
28.77082
20.16155
5.04168
23.06185
43.16545
31.23947
16.73265
26.41817
24.03683
31.82210
4.67027
4.02160
4.01122
15.46038
13.25753
3.07112
3.44060
5.25495
18.05935
8.39507
17.51135
3.45992
3.61075
4.92182
18.81193
5.07015
4.31570
3.94430
3.56080
4.29568
3.74417
17.20055
7.40380
3.58250
4.44140
3.71455
3.63972
4.53605
4.38090
4.79037
4.67077
3.98868
4.29703
4.58877
4.76013
5.12805
4.87703
4.71565
3.08175
2.56632
3.25828
2.65095
3.57555
3.05333
1.83333
2.48805
1.88867
1.88670
2.49453
1.85507
2.22122
2.22575
1.87040
2.55105
1.86985
1.91767
2.47895
2.24443
2.19045
2.18855
1.84358
2.51898
1.86288
1.91935
2.45102
1.84112
2.25145
2.11548
1.83955
2.54252
1.84493
1.96750
2.42988
1.84697
2.23313
2.15707
1.84883
2.55642
1.84532
1.91800
2.46892
1.84920
2.22772
2.16538
1.85298
2.54200
1.85133
1.96982
2.43472
1.85647
2.27055
2.14957
1.86403
2.57748
1.86930
1.91372
2.55125
2.31820
3.30927
3.18740
3.37332
3.86512
3.71888
4.21088
5.50912
4.76735
4.67215
3.89172
4.14370
4.14577
2.25752
2.14508
2.41838
1.98058
2.46997
2.14962
1.99402
2.64828
2.00895
2.19063
2.51353
2.06150
2.57750
1.66107
1.34618
2.00778
1.40948
3.30652
4.97105
2.60440
2.40235
2.22207
1.99078
2.63713
1.99090
2.03887
2.53977
1.92753
2.23710
2.26085
1.92502
2.51665
2.06832
1.94783
2.59068
1.92738
2.11527
2.39077
1.92688
2.40793
2.14910
1.92617
2.60727
1.93060
1.96300
2.59858
1.92733
2.18000
2.43953
1.93132
2.60760
2.67855
1.93525
1.93648
2.09943
4.97500
4.63523
1.98532
1.92917
2.49672
1.92972
2.08845
2.33160
1.93018
2.35315
2.05940
1.93305
2.49393
1.92963
2.00117
2.39815
1.92743
2.26727
2.13517
1.92833
2.46462
1.92547
1.93348
2.45443
8.48255
11.15940
2.21110
4.79688
14.90652
1.95222
2.31218
2.98378
3.26995
5.51595
5.38862
10.43960
16.19453
5.22292
6.85337
19.41083
5.52698
5.71797
5.19358
