21.52480
6.47055
12.15647
14.27250
6.66357
21.31953
6.14015
14.68822
5.93283
5.84417
13.87737
3.08347
19.10632
3.70587
12.31875
8.72593
3.36477
17.01018
3.18977
19.07887
4.94625
10.89460
11.50050
3.69558
18.20032
3.73580
20.66135
3.30212
12.95633
9.23817
6.03863
16.05553
3.73232
21.44720
3.28365
14.94365
8.51503
7.84990
15.98490
3.98513
21.70295
3.25565
18.30727
5.97430
11.11510
13.50765
5.00413
21.60045
2.53360
19.90337
3.58890
14.18667
14.45197
7.42765
21.10773
3.52278
23.13095
3.43738
15.78412
10.82093
9.30197
19.05607
3.92850
23.73888
3.69732
20.14667
9.73410
14.43073
18.50240
6.41025
24.79542
4.44918
28.44238
30.78698
23.11725
18.34007
5.44107
24.29563
3.96815
19.56970
10.11903
10.24862
17.84528
4.40523
22.23407
4.18323
16.40428
13.11865
10.76860
26.20142
10.48022
22.66512
25.19818
4.69692
21.73738
4.71805
15.46557
10.73173
4.84283
19.21008
4.68603
8.42580
16.60785
4.87445
13.38048
10.24570
5.02060
19.01363
5.43510
11.46108
25.92812
25.48642
13.81417
16.31868
4.37430
5.19172
17.38350
3.07332
2.90840
12.31995
6.12870
5.96175
10.65328
13.89785
4.68787
3.16788
14.33968
12.34913
26.28265
22.14002
7.79980
3.32120
3.02127
13.55015
3.41565
4.28145
3.93492
13.96993
3.13457
2.95293
3.54858
13.11387
3.77008
3.81538
5.22063
15.33965
3.04665
3.36632
3.33122
3.23973
12.28602
3.24317
2.66190
6.18810
9.17760
2.24003
2.95920
13.53380
3.20843
2.79050
5.94707
9.02387
2.21672
2.96023
13.55322
3.19683
3.36457
4.93827
9.97708
2.24015
2.71243
13.25227
3.38948
3.60937
9.54038
7.03670
2.32208
2.93340
12.48130
5.63053
4.15387
12.21938
2.59052
2.66558
8.95482
9.00617
4.54350
5.47713
10.14953
2.30125
2.98745
12.34892
2.84972
3.03643
11.75427
2.69217
4.82813
13.89698
3.51050
3.87312
13.37958
2.31813
2.91898
12.43550
3.28387
6.44973
11.28018
2.94942
6.77723
8.88728
2.52635
11.74650
6.28707
3.41390
13.97485
2.39293
2.75412
14.35402
3.41748
6.34742
11.83037
2.36385
11.74795
5.73877
2.85960
16.17148
4.27560
7.73770
12.21573
3.42827
13.51652
1.91400
3.40657
14.59365
2.88185
10.88615
5.37677
2.79827
13.78558
3.04227
13.14790
5.49700
2.95168
13.52763
1.92803
13.13288
4.75345
4.87897
14.52148
2.35037
14.73513
1.92972
8.55985
10.86022
3.13088
16.69250
2.14777
11.48303
5.99710
5.23358
14.38310
3.15155
16.47775
1.92892
11.70148
6.05855
6.59323
13.75017
3.41317
16.12315
1.91302
13.71582
5.25917
10.29350
12.99910
5.03797
17.75787
2.99798
18.47608
3.57017
22.38267
30.99755
34.44647
22.99838
9.68127
25.85802
8.51398
21.23507
