17.21153
17.31980
17.86172
17.06930
17.23880
17.16672
16.06110
16.21138
16.59507
15.52753
17.71292
18.73325
17.97905
17.93105
16.95928
16.19053
16.01383
16.43567
15.83265
16.21598
16.64433
16.58475
17.14512
17.03725
16.57555
16.64388
15.90750
15.76150
16.58152
16.35800
16.73330
17.36388
15.96547
15.92533
15.91570
15.13665
15.57578
15.78838
15.85357
16.54453
16.82612
16.39043
16.62367
15.88745
15.64958
16.37173
15.78562
16.41125
17.14043
16.43518
16.56627
16.46308
15.66465
15.83458
15.79770
15.38697
16.26495
16.44638
15.90638
16.30157
15.47070
15.24293
16.20663
15.61583
15.92825
17.05660
16.26118
16.48308
16.63502
15.48782
15.88268
16.05590
15.64118
16.86445
16.42252
16.02138
16.75000
15.41753
15.54255
15.73433
15.21303
15.78733
16.68220
16.40160
17.21025
16.41783
15.87343
16.34145
15.91103
16.06493
16.41118
16.45888
17.13368
16.56788
15.79717
16.09365
15.26910
15.73662
15.69805
15.73882
16.86783
16.52773
17.04013
16.60460
15.91690
16.67548
16.17213
14.74590
7.30927
5.02338
5.51382
4.69917
4.57238
3.50160
4.29523
3.75470
4.20412
4.83102
4.47098
5.18682
4.29043
4.82590
4.07558
4.53690
4.37927
4.72902
5.38767
4.80517
5.73862
3.98517
4.65053
3.54535
4.25993
3.78565
4.69545
4.82958
4.45902
4.85490
3.88853
4.76952
4.03930
4.46398
4.55725
4.88740
5.44758
4.71127
5.13577
4.01122
4.32272
3.80400
3.82380
4.62047
4.25288
5.21393
4.22677
4.21500
4.09100
4.29817
4.51130
4.01575
5.58118
4.72558
5.46377
4.64537
4.43168
4.49667
4.13888
4.45350
3.80925
5.12412
4.45673
4.87072
4.23883
3.72425
4.40407
3.98722
4.76507
4.80372
5.14797
5.39105
5.13847
5.71760
4.84033
5.65070
5.06757
5.54120
5.91263
5.41348
6.29357
5.07325
5.26652
4.92368
4.87952
5.33450
5.43317
6.66927
5.95678
6.28458
5.83757
5.11003
6.02905
5.13057
5.72980
6.16175
6.12782
6.49548
5.39752
5.63690
4.68912
5.22068
5.11243
4.93578
6.30570
5.68662
6.48753
6.01978
5.29308
5.92520
5.14252
5.77413
5.86378
6.05008
6.73733
5.96192
6.11335
5.33820
4.82792
5.52013
4.71875
5.89777
5.85778
5.55140
6.36733
5.02990
5.65740
5.53388
5.14428
6.11957
5.85735
6.45112
6.27183
5.95608
5.95122
5.16807
5.67687
5.65605
5.14958
6.25618
5.61738
5.62700
6.06413
4.73887
13.74055
16.46918
16.32220
17.34437
17.49752
17.07048
17.72520
16.99203
16.29517
17.00820
16.51255
16.28443
17.85673
17.09170
17.35657
17.51237
16.01172
16.30448
16.19235
15.75708
16.65408
16.58345
16.59680
17.67195
16.92355
16.51825
16.64435
16.10212
16.63108
16.62237
16.91393
17.63680
17.08433
16.95465
16.96883
16.11395
