14.51267
23.05530
28.22447
30.31650
32.12688
28.35843
33.16008
16.31718
21.36380
22.47577
20.08198
17.53380
21.25818
17.75577
20.77048
19.31668
18.64055
19.30020
15.76457
19.29908
19.71660
15.04220
19.97765
16.52207
22.32345
21.10517
20.36932
21.02535
20.60352
22.82240
20.13697
23.76240
18.93817
25.24048
17.12842
20.03818
12.73655
18.67518
11.72473
17.12327
11.01808
14.08285
14.58240
12.15453
17.26030
11.62563
14.64735
13.67300
15.20920
16.72482
14.47117
16.23798
14.28432
17.28548
13.50497
18.33673
12.13843
15.26652
8.37778
11.97587
11.38103
19.88680
25.78197
21.74355
27.36752
21.35105
20.23018
9.37408
11.99190
9.32618
13.01502
8.97585
12.35800
7.49925
12.43315
7.89720
11.49667
8.45753
9.80978
12.08188
7.16423
13.66680
8.29558
14.70028
17.40630
11.91925
17.29520
13.83718
8.81090
15.23435
7.43620
8.94690
14.56673
6.95952
8.72052
14.33387
7.89248
6.83900
6.94760
6.12673
7.17260
7.59968
11.41893
10.81538
12.12815
16.53630
17.71888
16.87665
17.88133
18.22838
18.97852
18.74618
20.20772
19.54667
20.06302
18.71615
19.53045
18.46530
18.75342
24.13508
30.07060
29.80562
30.99887
30.27198
28.78753
19.65270
20.18265
19.72030
27.28250
24.98567
20.23200
21.11803
21.62397
22.37965
22.21920
22.09402
21.29895
21.21205
19.80928
20.79283
19.91532
20.47315
20.22147
21.14912
20.97788
21.96612
20.90662
21.76365
20.31197
24.66315
28.26155
27.85642
28.31635
28.23108
29.02452
33.00733
26.22200
28.84652
23.26117
21.98743
35.11668
35.37897
36.32197
36.34897
33.09833
27.55793
14.79300
15.09180
16.68493
20.06590
15.49115
20.11605
19.65570
17.07798
18.33107
13.29738
8.95700
14.32380
11.41960
17.00013
16.70563
17.24907
17.28180
16.30303
18.04315
14.43820
18.49968
14.37080
18.74525
15.06513
18.32278
17.42897
17.94818
20.78030
18.51233
17.89017
19.26333
17.98567
20.59258
17.52923
20.25528
18.68753
17.91160
19.03868
15.86813
18.62428
15.80585
16.97363
17.06398
16.41708
17.46282
15.66887
13.33408
13.00977
13.68417
15.97067
11.72587
16.19980
19.91272
28.43858
26.69602
25.23238
26.36742
22.29133
13.70628
11.54560
17.23422
16.73933
16.11520
17.56780
16.12377
18.59867
16.00803
19.72233
16.21490
19.82980
15.79977
19.87483
15.90000
19.87910
16.96365
18.11453
19.54032
16.65920
19.16345
17.52952
18.17758
19.39645
16.91428
19.55943
19.96225
16.45418
20.27415
19.63620
17.69290
19.82917
16.82777
12.73533
16.09817
15.61612
13.20035
19.82520
22.09233
22.69973
23.69833
22.97360
23.71998
23.28482
22.19550
23.19588
24.42585
27.04087
23.46687
30.49277
34.42245
44.55612
36.56457
41.48087
37.25118
37.91292
29.11588
31.46035
31.67322
26.54293
33.14857
27.67535
31.43538
29.12558
