9.33805
9.34812
9.63383
9.97392
9.98490
10.05400
9.62357
9.34572
9.33815
29.27762
12.65623
9.96320
9.96618
10.00752
9.71567
9.32318
9.31203
26.01393
11.62665
9.93555
9.97687
10.01780
9.88817
9.40048
9.41228
9.38665
9.35725
9.88635
10.01677
10.03702
10.03655
9.37217
9.34410
9.33157
9.30095
9.37363
9.43697
6.92463
5.45477
4.91440
4.67272
4.66390
4.65782
4.90758
5.33127
5.09740
4.67427
4.33562
4.04033
4.02165
4.05247
4.19255
4.83850
4.88153
4.91438
4.68817
4.32123
4.38108
12.31627
13.73572
5.12510
5.14557
5.16502
5.07913
4.63105
4.60248
4.62875
4.76697
5.16153
5.29948
5.23082
5.17282
4.67303
4.56662
4.53502
4.53623
5.00265
5.36880
5.06698
5.29958
4.81772
4.51248
4.76598
4.69713
4.70795
5.26528
5.17922
5.37578
5.05685
4.45542
4.62395
4.56695
4.73615
5.08503
5.30735
5.17380
5.09360
4.44812
4.63650
4.64205
4.42362
4.90028
5.02647
5.05992
4.95935
4.40955
4.40343
4.30342
4.50672
20.93167
9.82835
4.85647
4.95522
4.40408
4.19835
4.19702
4.19793
4.46890
4.89770
4.88302
6.00937
21.96630
4.18770
4.27817
4.26872
4.31052
4.89587
4.88782
4.91813
4.67092
4.12318
4.11967
4.13352
4.13272
4.78048
4.89023
4.91480
4.87997
4.38538
3.33410
4.08257
4.07320
4.59582
4.74628
4.76245
4.77263
4.20365
4.08130
4.09233
4.08535
4.48835
4.75728
4.76167
11.06702
15.65572
4.06627
4.05582
4.06442
4.30878
4.69157
5.03365
5.38722
5.34727
4.67028
4.66468
4.66823
4.83832
5.35132
5.35777
5.36387
5.36767
5.38598
5.41880
5.44688
5.48673
5.53513
6.43478
6.70515
6.77120
6.97048
4.81332
7.85220
19.50175
6.94677
9.37553
9.50775
9.50600
10.16215
10.69668
11.95390
12.77287
13.03785
13.38407
13.70592
13.93583
12.60923
11.77268
12.13483
12.32000
20.57463
10.82133
11.49277
11.65278
11.97258
11.22030
11.24318
10.85412
16.42600
21.54760
10.48688
33.71572
13.12592
9.90462
9.92218
9.94090
9.25543
7.52235
5.19103
5.18135
5.52970
5.82783
5.83563
5.84022
5.62305
5.17538
5.16392
5.18518
5.19427
5.78495
5.83212
22.38812
6.67320
5.39363
5.19080
5.19673
5.18798
5.39427
5.80227
5.82008
11.00568
5.80095
5.17518
5.16052
5.15622
5.19487
5.66827
5.82417
5.82992
5.81082
5.52703
5.16632
5.15637
17.05757
9.96765
5.78745
5.78378
5.78182
5.82563
5.28407
5.19567
5.20047
5.24053
5.63877
5.90387
9.76217
8.65290
5.63805
5.15555
5.14575
5.14553
5.22385
5.80828
5.83202
5.85500
7.36365
9.51102
9.21450
9.20345
9.20233
9.44263
9.86533
9.88478
27.06348
9.81977
9.23783
9.23537
9.17673
9.16968
