0.39290
0.48141
0.48199
0.36695
0.27675
0.27898
0.27707
0.28433
0.40860
0.47173
0.46629
0.46589
0.46333
0.46678
0.47785
0.36274
0.28313
0.27906
0.28280
0.28489
0.43805
0.46523
0.47138
0.47257
0.48224
0.48104
0.47796
0.42281
0.26335
0.35542
0.20885
0.12400
0.20810
0.28405
0.28479
0.28563
0.28713
0.28895
0.29126
0.29314
0.12070
0.09345
0.09313
0.09384
0.12095
0.27349
0.27419
0.27509
0.27649
0.27775
0.28158
0.28409
0.14543
0.10698
0.11059
0.11139
0.12794
0.29024
0.29132
0.29228
0.29558
0.29740
0.29172
0.29626
0.34923
0.55247
0.28780
0.27595
0.28157
0.29773
0.41543
0.47892
0.45532
0.38930
0.31863
0.33020
0.32768
0.33560
0.32499
0.25202
0.14217
0.14166
0.16384
0.16366
0.25683
0.35490
0.35353
0.35395
0.46860
0.50524
0.50855
0.47599
0.33258
0.33706
0.33744
0.32626
0.35680
0.52207
0.50260
0.51889
0.52472
0.51702
0.47644
0.34008
0.34616
0.34433
0.34029
0.30996
0.45960
0.46037
0.46421
0.47280
0.45333
0.26905
0.11070
0.11739
0.11769
0.11085
0.14670
0.28145
0.28289
0.28454
0.28707
0.29010
0.19851
0.10648
0.10976
0.11069
0.11036
0.16088
0.27999
0.28097
0.28431
0.28506
0.28708
0.19227
0.10250
0.10342
0.10356
0.10339
0.15281
0.27878
0.34024
0.28268
0.28258
0.38926
0.23735
0.11859
0.14177
0.14719
0.15192
0.22098
0.32125
0.32424
0.32509
0.32742
0.33323
0.25084
0.14217
0.09724
0.09717
0.09791
0.13116
0.27464
0.27536
0.29070
0.30163
0.30514
0.30778
0.23617
0.11729
0.11805
0.11664
0.11848
0.17507
0.28030
0.51684
0.30493
0.34525
0.38365
0.36994
0.19850
0.21988
0.20331
0.32154
0.41163
0.44386
0.44406
0.44545
0.44921
0.45066
0.27541
0.26468
0.26440
0.26470
0.26456
0.42813
0.44106
0.45538
0.45428
0.44333
0.44539
0.44840
0.44869
0.36166
0.26469
0.26401
0.26487
0.26449
0.36368
0.45441
0.45480
0.45512
0.45736
0.45732
0.45788
0.45922
0.45939
0.45250
0.44555
0.44639
0.44818
0.44904
0.45061
0.45097
0.45186
0.45445
0.45739
0.46006
0.46496
0.46600
0.46308
0.45805
0.30509
0.26436
0.26497
0.26360
0.33739
0.90759
0.90820
0.60860
0.43960
0.44040
0.44148
0.44289
0.44491
0.44672
0.29613
0.26427
0.26411
0.26384
0.26505
0.42838
0.44046
0.44168
2.32932
3.13273
2.04511
0.38944
0.26224
0.26214
0.26509
0.26498
0.34211
0.43855
0.43961
0.44060
0.44315
0.44236
0.44419
0.44562
0.39820
0.26161
0.26206
0.26139
0.26094
0.33751
0.43845
0.44216
0.44253
0.44732
0.44946
0.44734
0.38610
0.26391
0.26517
0.26391
0.26446
