1.39386
1.54871
1.69929
1.73118
1.61586
1.62407
1.69118
1.66810
1.72665
1.73263
1.94225
4.25316
1.94962
1.95012
1.87721
1.67314
1.67947
1.87620
2.04831
2.11633
2.21056
2.15223
2.14912
2.15553
5.36289
6.77859
2.33143
2.08631
2.52117
2.43767
2.47735
2.70994
2.70557
2.71260
2.71063
2.78513
2.69749
2.64567
2.59216
3.82978
5.30064
2.52181
2.57489
3.44572
4.35692
3.01942
3.53697
6.22454
2.65460
3.25386
3.41750
3.68482
3.89505
3.86539
3.96477
4.19294
9.62820
5.41641
4.69623
3.98183
3.52930
3.31643
3.20221
2.50520
2.41609
2.43529
2.43577
2.42708
5.86874
6.85574
6.85675
7.01609
7.06373
4.34977
2.59032
2.45937
2.54787
3.25027
2.87048
2.77083
2.73997
2.73341
3.48655
7.33723
2.87602
2.75275
2.65867
2.69560
2.69440
2.76597
2.77681
2.70078
2.67453
2.56296
2.53761
2.38022
2.39190
2.48023
2.48060
2.48154
2.48189
2.46040
2.21794
2.20837
3.02374
2.86373
1.76511
1.84609
1.91113
1.87726
1.87012
1.87496
1.86228
1.78345
2.33669
2.18444
2.28917
2.37807
2.37190
2.43692
2.12022
2.08917
2.08435
2.04689
2.12021
2.34774
2.30344
2.06960
2.07201
2.04811
2.15178
2.05888
1.20038
1.12890
1.10658
1.84448
1.84728
1.82626
1.94796
2.28764
2.25590
1.96786
1.96368
1.94447
1.85739
2.04387
2.21823
1.76447
1.61679
1.61980
1.47406
1.56166
1.61043
1.87702
1.85874
1.61350
1.94218
2.74154
2.32319
4.37713
4.54818
2.50552
2.21453
2.23676
2.36358
2.45136
2.58764
3.34856
4.89676
11.36568
7.31009
5.17592
5.40274
4.69060
5.16592
7.76745
4.01295
2.15053
1.87934
1.89249
1.89081
1.97905
5.31574
6.77609
7.09393
3.55137
4.44893
7.37884
11.35609
2.29919
1.42292
1.42293
1.28723
1.04880
1.05220
1.04635
0.92106
0.88658
0.80533
0.80482
1.33196
1.22784
0.92586
0.94600
0.99809
1.06262
1.11067
1.11110
1.11059
1.11354
1.10098
1.00255
1.00235
1.00408
1.00372
1.10220
1.10595
1.10900
1.11463
1.11785
1.11808
1.00365
0.93436
0.93418
1.00524
1.01242
1.03854
1.04299
1.04804
1.20389
1.32568
1.39118
1.28276
1.20666
1.20625
1.20479
1.20456
1.20474
1.20471
1.20505
1.20468
1.20547
1.28700
1.31522
1.32492
1.32656
1.31349
1.21377
1.21347
1.21325
1.21356
1.26845
1.31589
1.35259
1.32526
1.32633
1.32633
1.24471
1.21155
1.20823
1.21656
1.31428
1.33656
1.35206
1.33498
1.32529
1.32854
1.34390
1.32537
1.41126
1.45509
1.54104
1.54778
1.56194
1.68222
1.57151
1.56573
1.48673
1.45356
1.44518
1.49509
1.85414
1.86673
2.00862
2.07611
3.99136
4.11975
4.84327
