7.65042
7.84600
21.20683
36.25660
24.66777
15.99733
16.51410
35.29200
27.94280
12.08852
10.83252
18.45865
29.67027
29.33268
29.52928
30.00378
30.44827
6.93298
6.92742
6.92578
6.95625
6.82108
5.89468
5.91457
5.92213
5.90122
6.25147
6.94087
8.15322
6.94193
6.94765
6.95113
6.95872
6.31485
5.87503
5.87605
5.89758
5.89823
6.74170
6.88675
7.59790
6.13315
5.99000
6.02507
5.98603
4.96897
4.96380
4.97720
4.98002
5.27943
6.08473
6.18538
7.43167
6.29778
6.33268
6.36502
5.87742
5.41540
5.48212
5.53177
5.68967
6.55147
7.77227
7.95387
9.20368
8.04222
8.08585
7.22642
5.39962
5.38432
5.44442
5.16048
5.76480
6.36455
6.24602
6.43077
7.62635
6.43313
6.44478
5.53507
5.44153
5.24292
5.48957
5.74750
6.41980
6.41492
6.47873
6.44990
7.58578
6.39753
5.82810
5.45342
5.41732
5.46483
5.28375
6.19922
6.28265
6.32528
7.05590
8.38322
14.32788
10.94570
9.73608
7.96177
7.80705
7.77832
6.93740
6.90792
7.60472
7.78762
7.88210
8.91925
10.29223
10.09630
14.74208
14.61700
13.73002
15.21313
17.62465
21.54847
14.75663
20.71250
16.25913
9.19328
12.06482
14.88380
17.68587
24.61988
9.56198
14.14627
18.31362
22.74513
15.13407
18.41573
24.01428
16.33725
23.13948
11.05872
10.84132
13.35817
23.42558
27.70850
9.82623
8.79395
8.78687
8.81032
8.80467
8.81128
9.60962
9.80240
9.80123
9.84420
10.98560
9.99187
10.56708
10.54520
9.71515
9.43163
9.31512
9.31588
9.32038
9.83472
10.29303
10.30043
11.62463
10.27615
11.03800
10.72388
10.66895
10.68048
10.57618
10.92340
10.67918
10.39777
11.70168
10.35382
10.50598
10.50575
12.77578
15.07795
10.49628
9.53960
7.10285
7.10575
7.07393
7.34100
5.84030
5.99103
7.41217
9.71057
9.74257
8.43545
6.35688
6.27095
6.28398
6.52182
6.47042
8.53643
7.21875
7.37755
7.34567
7.35993
6.91947
6.23505
6.28198
6.34252
6.34615
7.32587
7.26513
8.41937
7.42950
7.57500
7.39820
7.43315
7.34643
6.34102
6.34875
6.31735
6.24182
9.25973
9.54972
7.78045
6.73377
6.73148
6.73957
6.17763
5.68308
5.68663
5.70420
5.68862
6.36648
6.70527
8.01185
6.83003
6.70385
6.65077
5.57595
5.54700
5.54985
5.55965
5.67878
6.58538
6.39368
6.39915
7.64760
6.45343
6.03517
5.37408
5.37555
5.38020
5.37488
5.96040
6.40108
6.40782
6.41247
6.60968
7.44908
5.46203
5.33375
5.32553
5.33550
23.18027
13.88488
6.40748
6.41048
6.40650
6.41960
6.31217
17.26415
21.22277
5.35100
5.34892
6.26418
7.68925
7.68860
28.50265
19.41050
8.65912
7.79662
28.03232
23.07717
9.39135
18.47227
35.15967
34.89630
24.31813
16.76163
27.92998
