1.06068
1.02619
1.15924
1.35622
1.26864
1.19208
1.16615
1.29816
0.97532
1.21691
1.26166
1.26936
1.31820
1.27222
1.27681
1.24564
1.15571
1.16038
1.16711
1.25039
1.21342
1.19399
1.18397
1.18714
1.19500
1.16117
0.77165
0.56690
0.50799
0.43122
0.43178
0.43156
0.43054
0.44023
0.55734
0.55772
0.55837
0.55857
0.55955
0.56017
0.56115
0.56250
0.56393
0.55556
0.56322
0.57579
0.57789
0.58080
0.58500
0.59975
0.61007
0.58474
0.61701
0.62367
0.79358
1.13239
1.09652
1.40416
1.50918
1.50487
1.21026
1.17364
1.04360
0.81422
0.75225
0.79548
0.73899
0.75761
0.80517
0.84497
0.88057
0.83125
0.83428
1.15860
1.24584
1.12488
0.79904
0.70905
0.78364
0.88123
0.92671
0.93998
0.94352
0.73114
0.57837
0.58650
0.58184
0.58417
0.48739
0.45031
0.45145
0.50268
0.55330
0.81877
0.81161
0.81437
0.80420
0.75939
0.76564
0.77268
0.75222
0.78608
0.87809
1.10050
1.15397
1.15017
1.07241
1.12399
1.17772
1.04170
1.12957
1.15697
1.51178
1.41467
1.05997
1.12245
1.22734
1.27874
1.09763
1.13939
1.35391
1.03111
0.59678
0.62749
0.67660
0.74865
0.86856
1.45592
1.08755
1.93788
1.63997
1.03141
0.87614
0.96229
1.07799
1.24008
1.15651
1.29294
1.22968
1.19644
1.13004
1.28598
1.13156
0.97005
0.97648
1.16113
0.82772
0.97806
0.96721
0.76799
0.81390
0.74634
0.91043
0.91484
2.23756
1.81069
2.98517
3.61029
4.10687
4.91986
5.23691
6.10743
6.02776
1.40842
1.25318
0.90486
0.95922
0.96947
0.85602
0.98661
1.03329
0.87581
0.97565
0.96072
0.90547
0.80342
1.00021
0.99630
0.83706
0.98594
0.79250
0.40017
0.52871
0.60697
0.58549
0.54444
0.56042
0.71280
0.71460
0.71707
0.71895
0.76979
0.84556
0.84675
0.84773
0.84840
0.85028
0.94012
0.80689
0.73702
0.58707
0.58463
0.55521
0.45548
0.45828
0.46127
0.46564
0.47078
0.55940
0.61818
0.60746
0.50395
0.50660
0.50886
0.37876
0.37240
0.37441
0.37384
0.37456
0.42633
0.50278
0.50383
0.50496
0.50521
0.50798
0.43090
0.37299
0.37328
0.37322
0.37270
0.38511
0.50050
0.50087
0.50232
0.50403
0.50599
0.49855
0.37299
0.37278
0.37299
0.37321
0.37325
0.51644
0.63134
0.50241
0.50342
0.55439
0.58730
0.53873
0.45961
0.45706
0.45924
0.46245
0.46646
0.59808
0.60583
0.61661
0.63564
0.50848
0.51176
0.46155
0.37592
0.37618
0.37624
0.37688
0.38502
0.50462
0.50913
0.51402
0.51797
0.52162
0.52347
0.52199
0.38925
0.38909
0.38837
0.38756
0.38793
0.48797
0.51676
0.51752
0.51768
0.51796
0.52002
0.52201
0.52455
0.44199
0.44034
