0.95920
0.94496
0.79818
0.98103
0.94168
1.05627
1.00656
0.84795
0.82235
1.02554
1.10187
0.96435
1.20086
1.08743
1.33661
1.78105
1.90747
1.81668
1.34928
1.38440
0.95428
1.05514
1.24961
1.31909
1.13697
1.02915
1.05201
1.16414
1.12247
1.02799
1.13877
1.37542
2.08031
1.39452
0.68934
0.88208
1.04384
0.95424
0.93145
1.13448
1.13648
1.22626
0.71971
0.65289
0.72440
0.81453
0.69168
0.75480
1.15312
1.28770
1.23900
1.13511
1.14688
0.89022
0.96577
0.79521
0.66801
0.70506
0.82671
0.73024
0.67840
0.79131
0.93036
0.89276
0.66683
0.67013
0.74765
0.83228
0.71191
0.78598
0.84518
0.99342
0.74090
0.68344
0.69433
0.82552
0.81188
0.74785
0.81025
0.89552
0.92447
0.74581
0.72799
0.75563
0.91111
0.87059
0.87434
0.87443
0.93659
1.42609
2.25592
0.94371
0.96568
1.11087
1.13038
1.07820
1.28796
1.25623
1.12557
0.98067
1.04333
1.08591
1.14835
1.07220
1.08678
1.22304
1.29666
1.22111
1.06102
1.87140
1.38473
1.09992
1.00843
0.79993
0.64697
0.72750
0.75488
0.65081
0.64069
0.49151
0.49073
0.70426
1.09475
1.00882
0.74548
0.52225
0.49274
0.49148
0.64841
0.57955
0.50628
0.61428
0.65577
0.73890
0.54751
0.54276
0.51369
0.59223
0.69967
0.61775
0.65820
0.63096
0.64500
0.68232
0.55958
0.55219
0.62652
0.79987
0.79694
0.73586
0.57412
0.57933
0.68344
0.52374
1.09139
0.58768
0.83683
0.77212
0.61417
0.51135
0.52675
0.68568
0.59318
0.52611
0.59560
0.96313
2.34904
0.55016
0.48884
0.48798
0.61865
0.60382
0.51614
0.61080
0.64752
0.72893
0.54279
0.48640
0.48698
0.58540
0.63928
0.59406
0.61490
0.62786
0.66124
0.56745
0.48684
0.48704
0.56491
0.70434
0.61797
0.61440
0.55589
0.63866
0.58480
0.48880
0.48858
0.56258
0.77373
0.62946
0.61243
0.48705
0.63835
0.58670
0.48746
0.48670
0.63717
0.77562
0.62694
0.54269
0.48810
0.64301
0.57551
0.55244
0.78792
1.00201
1.22717
1.18158
0.80250
0.70827
1.10192
1.04801
1.01997
1.10197
1.22123
1.24283
1.01022
0.70114
0.69721
0.80008
0.76338
0.76906
0.87389
1.01020
0.88327
0.72361
0.72550
0.83421
0.90996
0.85107
0.85769
0.90358
0.93538
0.75893
0.71739
0.72885
1.07755
0.93512
0.85055
0.85442
0.83500
0.85264
0.78693
0.86867
1.05400
1.25801
1.21801
1.06911
0.99196
1.13880
1.20473
1.12109
1.25600
1.41409
1.34875
1.25334
1.13936
1.26864
1.25951
1.13968
1.25633
1.37037
1.52632
1.37116
1.18990
1.22524
1.35131
1.21289
1.19301
1.31014
1.47604
1.35717
1.31523
1.24215
1.32653
1.37803
1.37330
1.40714
