0.82341
0.91795
0.87139
0.75236
0.80863
0.84353
1.34098
1.23833
1.07115
1.17649
1.38269
0.93448
0.83206
0.71204
0.71932
0.39977
0.46095
0.47991
0.59645
0.48791
0.68070
0.50783
0.62187
0.50237
0.68596
0.43672
0.57874
0.51085
0.60772
0.48568
0.89189
1.28877
0.50753
0.51123
0.49043
0.58036
0.38821
0.42011
0.50910
0.40670
0.53211
0.45274
0.53730
0.43783
0.51511
0.45289
0.57055
0.48009
0.42020
0.54613
0.32389
0.45222
0.34540
0.49200
0.51735
0.45338
0.59614
0.39856
0.53965
0.36852
0.51049
0.43623
0.43830
0.49747
0.35349
0.52019
0.46791
0.50807
0.63250
0.52260
0.57759
0.47907
0.59207
0.58957
0.57997
0.65281
0.58742
0.61048
0.59407
0.72131
0.65555
0.64026
0.66379
0.58756
0.67636
0.59653
0.71338
0.88201
0.69380
0.87798
0.85459
0.66161
0.87228
0.76980
0.81373
0.81004
0.97197
1.25593
1.13973
1.25461
0.89105
0.82560
0.96514
0.79242
0.81732
0.76439
0.94025
0.81670
1.21180
0.93676
0.87744
0.75429
0.86054
0.70104
0.80215
0.81717
0.73203
0.77982
0.70526
0.62689
0.68023
0.69631
0.63708
0.83135
0.67938
0.69921
0.70625
0.77089
0.68840
0.71395
0.61625
0.67018
0.57511
0.71468
0.58750
0.65500
0.71636
0.59030
0.60804
0.60604
0.75327
0.67580
0.75327
0.62820
0.68017
0.55663
0.59295
0.58543
0.50526
0.59296
0.54091
0.63228
0.56270
0.66862
1.29124
1.51717
1.29673
1.75523
1.29446
1.47361
1.71924
1.81529
2.85952
1.79895
2.30441
1.10312
1.28081
1.10837
1.26604
1.07996
1.28562
1.37509
1.29021
1.31391
1.27483
1.28077
1.18482
1.15985
0.98273
1.02930
0.97398
0.96924
1.02282
0.95055
1.02366
0.99725
0.87676
0.91817
0.91864
0.89224
1.09643
1.13333
1.01335
1.02283
0.87662
0.98747
0.95411
0.79463
0.93320
0.92696
0.86994
0.91238
0.93848
0.94940
0.90676
1.01447
1.31380
1.51949
1.40371
1.42338
1.34418
1.26946
1.31985
1.42916
1.62582
1.31449
1.41734
1.39885
1.39701
1.50641
1.33392
1.25395
1.20014
1.40230
1.34183
1.20034
1.37020
1.44920
1.51191
1.33241
1.43602
1.37369
1.58662
1.55702
1.45770
2.14659
2.20717
2.41463
2.37979
2.33760
2.29832
2.43799
2.59386
2.42815
2.42058
2.40567
2.44700
2.68326
2.37616
2.48254
2.30855
2.69780
2.83669
3.43243
3.35607
3.36270
3.66658
3.75233
3.94959
3.59859
4.03284
4.05284
3.98490
3.84530
3.92851
4.69625
5.44836
5.66540
5.33460
5.69645
5.65238
5.59843
5.34144
5.44529
5.51427
5.62598
5.56126
5.79047
5.69535
5.99788
5.80011
3.67188
3.40535
3.57149
3.59215
3.75421
3.90083
3.81542
