8.69150
6.69063
6.94043
6.86448
7.00448
7.55213
8.68160
8.93013
9.17783
7.26988
7.06805
6.72008
6.66673
8.52935
14.06663
15.14045
15.72573
16.73150
20.50950
20.74242
14.44933
4.23107
4.21812
3.96873
3.98792
4.26740
4.25657
4.70725
4.80845
4.92738
4.87425
4.94327
5.07297
5.19332
4.89900
4.85308
4.70302
4.42753
4.44582
4.46623
5.09055
4.88333
4.96250
4.44777
4.55928
3.94387
11.58277
11.18758
9.75073
17.05525
17.82948
17.84252
17.76492
4.70112
5.09847
5.08908
5.25740
5.08118
4.68857
4.19723
4.84585
4.93027
4.90745
4.82542
4.58083
4.97397
5.14205
5.01037
4.69443
4.58523
4.63620
4.55380
4.59340
4.31265
4.49872
4.74828
4.61682
4.54768
5.19537
5.33860
5.25085
4.89833
4.66920
4.57045
4.31368
4.62182
4.49418
4.46962
4.10028
3.95535
4.09385
3.96912
3.84058
3.79248
3.74012
3.69200
3.89493
3.70237
4.25443
4.57598
4.66157
4.59557
4.65182
5.05823
4.98618
4.68305
4.36910
4.07182
4.08333
4.26128
3.80508
3.80333
3.78403
3.75947
3.76908
4.05808
4.43005
4.57738
4.06443
4.05587
4.06065
4.05382
4.06163
4.07637
4.02108
4.24952
4.04620
3.83453
4.34063
4.51112
4.40383
4.07085
3.72642
3.77123
3.98022
4.15195
4.19452
4.26127
4.57978
4.09390
4.72865
6.91052
7.42685
8.87110
4.83903
16.85860
37.38632
15.29938
3.64810
3.64418
5.15472
8.11018
35.72870
9.00470
36.68558
37.74080
36.22055
19.78425
22.50448
37.86228
37.21158
36.30400
16.19887
32.23078
40.39348
38.95518
36.46993
26.44173
17.52555
37.50300
36.89198
37.34323
38.23355
37.79520
36.79592
34.55005
33.85542
32.83105
16.51548
3.47927
4.38665
27.87117
34.32765
32.50010
16.08367
3.06033
3.07927
3.08493
3.76398
30.60072
31.23357
10.39888
4.54033
3.25603
3.32665
3.03902
3.33575
3.33453
3.53370
5.12937
5.41402
4.75482
3.11752
3.10900
3.11062
3.21982
3.53778
3.61867
4.86793
5.22988
4.52610
2.84612
2.83658
2.87102
2.86588
3.02782
3.37213
4.16560
5.58653
5.21300
3.81800
3.72222
3.51605
3.56967
3.14405
3.16627
4.25213
5.31293
4.52183
2.85847
2.85277
2.93747
3.24558
3.33647
3.29633
4.60205
5.43793
4.77842
3.13787
3.12455
3.12715
3.12117
3.13563
3.16653
3.62485
6.02068
5.36818
3.32023
2.83645
2.85997
2.82062
2.81240
2.92033
3.86642
5.71137
4.73212
3.08923
3.22432
3.53695
3.61292
3.24317
3.11973
4.93657
5.43360
4.73900
2.78490
2.76610
3.11560
3.17800
3.19355
3.24202
3.56745
4.32660
4.79112
3.09625
3.07258
3.09160
3.08430
3.63045
4.49010
6.87490
9.22983
8.62860
7.34923
7.35975
7.24268
6.95465
7.06552
