0.07500
0.07500
0.07497
0.07500
0.07500
0.07500
0.07500
0.07500
0.07500
0.07500
0.07500
0.07500
0.07500
0.07500
0.07500
0.07500
0.07500
0.07500
0.07500
0.07498
0.07500
0.07500
0.07500
0.07500
0.07500
0.07500
0.07500
0.07500
0.07500
0.07500
0.07498
0.07500
0.07500
0.07500
0.07500
0.07500
0.07500
0.07443
0.07395
0.07442
0.07375
0.07123
0.07373
0.07423
0.07468
0.07488
0.07453
0.07420
0.07493
0.07477
0.07395
0.07418
0.07323
0.07350
0.07355
0.07350
0.07352
0.07325
0.07185
0.07345
0.07452
0.07482
0.07453
0.07322
0.07463
0.07407
0.07353
0.07393
0.07358
0.07340
0.07402
0.07343
0.07280
0.07172
0.07102
0.07683
0.07080
0.07183
0.07285
0.07243
0.07167
0.07240
0.07142
0.07185
0.07088
0.07073
0.07073
0.07072
0.07050
0.07158
0.07247
0.07263
0.07250
0.07218
0.07265
0.07112
0.07177
0.07135
0.07232
0.07192
0.07035
0.07005
0.07038
0.07012
0.07045
0.07032
0.07027
0.07023
0.07025
0.07078
0.07073
0.07057
0.09400
0.10877
0.10647
0.07437
0.07023
0.07018
0.07007
0.07002
0.07008
0.07013
0.07013
0.07003
0.07000
0.07002
0.07005
0.07002
0.07002
0.07000
0.07002
0.07002
0.07002
0.07010
0.07008
0.07007
0.07012
0.07037
0.07085
0.07127
0.07095
0.07102
0.07215
0.07155
0.07167
0.07300
0.07375
0.07395
0.07437
0.07465
0.07422
0.07365
0.07402
0.07447
0.07422
0.07352
0.07197
0.07078
0.07223
0.07275
0.07232
0.07222
0.07172
0.07208
0.07282
0.07267
0.07367
0.07420
0.07345
0.07440
0.07455
0.07482
0.07482
0.07473
0.07395
0.07437
0.07480
0.07468
0.07423
0.07253
0.07400
0.07445
0.07500
0.07500
0.07500
0.07500
0.07500
0.07500
0.07500
0.07500
0.07500
0.07500
0.07500
0.07500
0.07500
0.07500
0.07500
0.07500
0.07500
0.07498
0.07500
0.07500
0.07500
0.07500
0.07500
0.07500
0.07500
0.07498
0.07500
0.07500
0.07500
0.07500
0.07500
0.07500
0.07500
0.07500
0.07500
0.07500
0.07500
0.07498
0.07500
0.07500
0.07500
0.07500
0.07500
0.07500
0.07500
0.07500
0.07500
0.07500
0.07498
0.07500
0.07500
0.07500
0.07500
0.07500
0.07500
0.07500
0.07500
0.07500
0.07500
0.07500
0.07500
0.07500
0.07500
0.07500
0.07498
0.07500
0.07500
0.07500
0.07500
0.07500
0.07500
0.07500
0.07500
0.07500
0.07500
0.07500
0.07500
0.07500
0.07500
0.07500
0.07500
0.07500
0.07500
0.07500
0.07500
0.07500
0.07498
0.07498
0.07500
0.07500
0.07500
0.07500
0.07500
0.07500
0.07500
0.07500
0.07500
0.07500
0.07500
0.07500
0.07500
0.07500
0.07500
0.07500
0.07500
0.07500
