1.54927
1.54873
1.54972
1.81402
2.36685
3.32415
2.97237
2.09732
1.96407
1.72855
1.73443
1.68537
1.69245
1.76887
2.06667
2.10398
2.13735
2.13362
2.13835
1.80975
2.72060
2.10725
2.05100
1.95852
2.18373
2.28550
2.20947
2.75647
2.97797
3.11528
2.71195
2.97187
2.20163
2.22068
2.12865
2.37880
2.46918
2.49570
6.74693
8.04635
9.75013
5.79607
5.91370
6.99965
10.27357
10.21227
5.42582
2.58227
2.52028
2.67390
3.47037
5.41832
2.82980
2.94450
3.63165
6.75408
3.54672
2.75752
6.66398
4.45548
3.00678
8.25875
9.39790
9.42737
6.07862
3.24765
2.96130
2.53323
2.67060
3.57453
4.02153
3.56882
2.99223
3.08578
2.57952
2.60017
2.57288
2.37042
2.87083
3.12707
3.64333
3.30903
2.85195
2.56185
2.52220
2.48090
2.44717
2.50607
2.55663
2.89075
3.04665
3.02193
3.11243
3.13127
3.01750
3.24217
3.53980
3.76893
2.97888
2.55075
2.80298
3.80182
5.36308
2.86168
2.89707
3.22997
2.41865
2.33390
2.37773
2.44923
2.55810
2.49582
2.82673
2.76178
3.04197
3.57430
3.46645
7.42193
6.80925
10.22820
10.75028
13.19467
16.21440
14.77235
13.57383
13.85827
15.55682
8.84188
3.00058
9.18397
11.82345
13.37527
2.03233
1.89333
2.11618
2.42173
2.53348
2.59940
2.47745
2.16583
2.99922
3.39472
10.67382
14.28302
13.80527
14.96963
13.81933
16.72143
15.10045
16.41763
17.82177
18.72527
17.34938
17.92678
19.15750
9.53438
3.41573
3.49807
3.45895
6.15027
3.86812
3.67013
3.79707
5.46715
2.34908
4.70398
9.98243
8.83453
8.07257
7.17803
4.70568
5.82285
3.15133
2.26812
2.26860
2.19232
2.61475
3.69098
3.79068
5.07558
4.07927
4.13320
3.72410
4.22330
3.13397
4.13768
2.40077
2.60578
2.72100
2.72620
2.72760
2.56062
2.36897
2.64503
2.49018
2.35468
2.33640
2.42865
2.60713
2.60812
2.79102
2.91515
2.66930
2.43670
2.37243
2.43928
2.41060
2.27427
2.54012
2.72822
2.77302
2.69685
2.68400
2.37242
2.31743
2.29083
2.38435
2.38467
2.34967
2.46183
2.61352
2.68750
2.80777
2.90858
2.61547
2.55138
2.52837
2.44892
2.41263
2.32292
2.79422
3.46037
2.93355
2.95975
2.81077
2.41138
2.53495
1.57270
1.86405
1.30440
1.55073
1.81510
1.67762
1.66607
1.82583
1.60448
1.47023
1.61383
1.63108
1.63068
1.38520
1.42952
1.57073
1.57052
1.57757
1.70912
2.36463
2.55363
1.40213
1.29562
1.29347
1.29303
1.59988
1.77037
1.81962
2.08177
2.19810
1.63658
1.64352
1.64398
1.65255
1.79375
1.71833
1.98355
1.97773
1.98352
2.02607
2.07730
1.64435
1.87072
1.85650
1.59628
1.59778
1.62405
1.96133
1.98673
2.10207
2.22518
