1.00787
1.01813
1.05798
1.31635
1.02468
1.04577
1.04613
1.01993
1.27868
1.10418
1.02752
1.02453
1.07050
1.15802
1.22887
1.06575
1.25265
1.22178
1.21233
1.25057
1.54308
1.21437
1.23322
1.26502
1.24460
1.46813
1.31497
1.27467
1.24957
1.27600
1.31745
1.59812
1.30840
1.36927
1.45948
1.46212
1.72743
1.40045
1.74967
1.82022
1.82948
1.89690
1.55202
1.61197
1.62048
6.18643
1.47870
1.03768
1.05377
0.58267
13.22055
1.57710
2.34198
3.38605
1.80590
1.09090
1.10423
1.08027
1.08583
1.41375
1.10672
1.11163
1.14903
1.16648
1.44730
1.15437
1.19312
1.17032
1.17150
1.50097
1.21510
1.18790
1.20452
1.25682
1.54183
1.25853
1.25135
1.20653
0.55097
0.55660
0.51605
0.56992
0.56597
0.56428
0.77210
0.64315
0.67027
1.21558
1.24925
1.34958
1.23512
1.10990
1.14588
1.27328
1.53305
1.28228
1.21808
1.14802
1.17738
1.61840
1.27528
1.26623
1.29435
1.30102
1.56672
1.26710
1.30317
1.28207
1.27065
1.59662
1.31333
1.28113
1.28152
1.31775
1.57708
1.31875
1.31153
1.29040
0.78578
0.59300
0.59505
0.60517
0.59338
0.59550
0.83932
0.61582
0.59355
1.03000
1.26945
1.48455
1.38670
1.25010
1.26463
1.29912
1.55295
2.36482
9.00660
9.76208
8.93663
11.35805
10.13520
15.08608
17.48887
17.63550
18.34207
18.18457
21.22132
19.56478
21.05387
31.47250
44.29660
27.65753
4.80715
0.47868
0.46990
0.44337
0.60027
2.46568
2.12765
1.37748
0.55998
1.02517
2.03200
2.47893
2.59690
2.04543
1.03520
1.02625
1.04235
1.05350
1.40677
1.07182
1.03038
1.05645
1.11335
1.30138
0.94095
0.98055
0.99113
0.96515
1.27988
1.00045
0.97055
0.95685
1.51145
2.88440
1.93962
0.96958
1.00382
1.10425
2.85097
2.58190
1.09045
0.27745
0.27465
0.97387
1.85952
1.36312
0.28008
0.27497
0.36278
2.10007
2.26607
0.96107
0.99602
0.97160
2.52360
2.46183
1.05183
0.95110
0.96327
1.86015
2.55440
2.03118
0.96912
1.00092
1.27513
1.72445
2.57957
1.76142
0.96963
1.29443
1.01193
1.75038
2.56343
1.88708
1.32350
0.98173
1.00702
1.13578
2.61672
2.92872
1.31053
1.11597
1.11412
1.10722
1.51098
2.22710
1.71538
0.42518
0.41475
0.41915
0.41965
1.08535
2.01678
1.33027
1.45425
1.23320
1.20650
1.24820
2.02315
3.14137
1.85187
0.99523
0.97392
0.96157
1.29188
1.25638
2.69003
2.62842
1.05317
1.26398
0.95438
1.09760
1.00587
1.72543
2.86620
1.54260
0.95362
0.96368
0.99308
1.28917
1.61733
2.57850
1.59517
1.13787
1.43163
1.14530
1.15718
2.41075
2.32535
1.45733
1.15320
1.12565
1.14523
2.25332
1.30963
0.45083
