2.48167
2.48270
2.48560
2.49025
2.49282
2.49483
2.49863
2.50140
2.50423
2.50533
2.50865
1.82318
1.82252
1.82055
1.81828
2.37108
2.46800
2.46860
2.47270
2.83697
2.75548
2.80313
3.00382
3.00365
2.99798
3.00237
3.00742
3.00967
3.02627
2.54455
2.33828
2.34020
2.33940
2.78620
2.99008
2.99108
2.99013
2.98642
2.99035
2.99523
3.33233
15.70755
21.06360
21.04758
8.04365
3.57568
3.50270
3.50770
3.51525
3.09843
2.26023
2.29102
2.63848
3.69802
4.26768
4.08830
3.95493
5.92945
5.92507
4.63990
4.18367
4.19243
4.19447
3.58955
3.36780
3.40018
2.49750
1.38345
1.37792
1.37830
1.62768
2.03785
2.04102
2.04452
2.11422
2.03937
2.04463
2.05080
2.05590
2.06008
2.06743
2.07368
1.85540
1.38367
1.38247
1.38328
1.38012
1.82958
2.04778
2.04642
3.19793
3.41615
3.34375
2.28120
2.06422
2.07027
2.06853
2.10515
1.46407
1.38012
1.38270
1.38143
1.42228
2.03557
2.03997
2.04358
2.04703
2.05167
2.05637
2.07295
2.19570
2.76597
3.46675
3.35817
2.81057
2.81702
2.79457
2.78235
3.18937
3.42148
3.41798
3.41913
3.42470
3.42788
3.43052
3.43428
3.52638
3.60498
3.61875
3.37820
3.65795
3.22632
4.36663
4.77342
5.32230
5.22818
5.80470
5.36790
3.92125
4.97688
5.22723
4.92657
6.29093
6.59348
8.90347
6.95662
5.12340
5.23168
5.59347
5.63118
5.49937
5.38903
4.15988
4.39802
3.83305
3.73605
3.75528
3.75853
3.83977
3.62942
3.64178
2.95078
2.99587
3.55293
5.44828
5.74707
5.54503
4.31465
5.53143
7.49925
7.59060
6.29662
3.80462
4.04820
2.03712
2.09727
2.03620
2.10807
2.57752
2.65972
2.65978
2.64933
2.96100
4.14567
5.70807
3.41363
3.32802
3.29667
2.33558
1.75540
1.91163
1.97452
1.84277
1.39808
1.97653
2.06135
2.46082
2.84688
2.19615
2.61447
2.76140
2.29927
2.63493
2.10448
1.39857
1.40202
1.40530
1.91595
2.63990
2.46248
2.06892
2.07417
2.07670
2.58325
2.69732
2.08595
2.37432
2.09273
2.09068
1.94105
1.83297
1.52332
2.06403
2.07272
2.18078
2.63657
2.63947
2.74008
2.08217
2.09120
2.27905
2.02895
1.64312
1.40328
1.42810
2.28172
2.62778
2.79395
2.06867
2.07610
2.07507
2.07858
2.09847
2.63768
2.61252
1.94608
1.86457
1.40325
1.40530
2.02095
2.07798
2.07993
2.36555
2.62708
2.63453
2.64225
2.64955
2.65912
2.28237
1.96768
2.13650
1.42537
1.66095
2.29842
2.47052
3.19273
3.40377
3.40777
3.41027
3.40927
3.40970
3.41052
3.42435
2.89425
2.71863
2.72803
2.73612
2.85690
3.39008
3.40115
3.40923
3.41173
3.41705
3.41977
3.41768
3.42123
3.41770
3.42215
