7.98828
7.98855
8.03370
8.03005
7.69212
8.39722
8.91593
8.43593
8.27178
8.22808
7.84230
7.45138
10.02840
10.28013
9.56180
7.11745
8.30658
8.93055
8.57540
8.06963
8.22515
8.61483
8.26215
8.47652
8.37760
8.14553
8.01348
7.91615
7.92515
7.59098
7.53160
7.70548
7.72657
7.86407
8.91187
8.62178
7.74895
6.83275
7.13112
7.43447
7.27295
7.35468
7.40718
7.68583
7.60552
7.65883
7.51562
7.27593
7.27403
16.00722
17.55977
19.50190
15.72163
21.09177
29.26897
22.60545
8.62793
9.08720
8.64990
8.01232
7.42857
8.08017
7.49032
8.30320
9.52553
9.31322
10.38138
6.90807
7.60848
7.34057
7.45323
8.68282
8.51000
10.40582
7.74020
6.25560
8.00667
10.64503
9.92103
8.89072
8.51440
8.64532
8.51513
7.64357
7.37348
7.71315
7.67477
7.24335
7.08502
6.64175
6.66828
8.01218
7.01655
7.44667
8.06768
6.66805
5.93350
6.47195
7.02873
6.86225
6.71245
6.47613
6.88337
7.22810
7.23950
8.50268
10.37183
7.18190
7.01432
6.56175
7.30120
8.02558
9.18985
11.10557
11.87955
12.15237
9.59395
9.08355
8.31243
8.32165
8.03710
8.24068
11.79203
20.02033
22.89147
21.59822
22.36238
21.77047
8.11183
11.52523
13.85992
7.26053
7.10695
7.10152
7.23105
8.04580
10.77077
8.10093
7.86460
8.06908
9.06353
10.44397
11.80738
12.71603
9.10062
8.84050
9.57898
9.43768
9.56973
8.81247
11.29477
12.93855
13.31710
13.05853
9.82422
8.47023
8.77240
8.69903
7.76963
7.37922
9.70098
11.18488
8.81445
7.70068
7.61875
7.22585
9.66580
11.56422
8.15492
8.38715
8.76855
9.00813
9.18467
12.39933
12.61102
8.37103
7.53712
8.43510
8.01362
9.51128
11.98565
8.32237
7.46467
7.68522
8.17280
10.12440
13.38123
11.61383
10.06380
5.25930
5.57778
5.19328
8.62617
6.90020
5.23812
5.46383
6.20802
7.24578
9.62988
11.24358
7.49688
6.49897
6.40303
6.44913
5.99908
8.78318
11.21083
7.70145
7.52217
7.73888
7.37398
7.45792
9.12397
9.39242
6.52172
6.69205
5.98343
5.81500
5.66963
6.57815
9.73168
6.14520
6.76133
7.37102
6.79152
6.47540
7.22438
10.68218
8.77533
7.47343
7.54647
7.82170
7.31412
7.04790
8.35398
10.43200
7.32117
7.91767
7.48802
7.57577
7.36662
10.51802
11.03125
13.82593
13.03402
11.57552
12.02327
12.11278
12.11850
11.89677
11.83925
12.17035
14.99725
12.60727
9.30040
7.88475
7.83678
7.26537
6.92050
9.68623
9.10560
12.23558
10.69845
9.37813
6.26793
6.17903
7.27407
6.85855
6.81763
8.52608
11.36408
8.98905
8.68752
8.55328
8.89507
9.30148
9.98972
10.74690
11.10955
12.16993
11.57868
10.80073
10.65030
9.93802
10.14250
10.77035
10.73348
12.04425
