1.25217
1.14715
1.37477
0.81552
1.74610
2.54707
2.55677
1.38340
1.16583
1.19933
1.20547
1.20218
1.20698
1.60202
1.64168
1.13243
1.13210
1.11655
1.10752
1.10063
1.09780
1.09930
1.09987
1.10803
1.53953
1.63662
1.67290
1.67897
1.68983
1.69420
1.70005
1.71143
1.36915
1.11217
1.11128
1.11138
1.10288
1.10192
1.10817
1.10408
1.10537
1.29203
1.62828
1.64880
1.67830
1.68213
1.68190
1.68230
1.68950
1.71940
1.12472
1.11207
1.11418
1.11733
1.10192
1.09843
1.10158
1.02680
0.59063
0.99192
1.12083
1.15492
1.16455
1.16553
1.16807
1.17103
1.18225
1.14377
0.59390
0.59358
0.59370
0.58995
0.58000
0.58545
0.57922
0.57518
0.57400
1.02788
1.10688
1.14610
1.15578
1.16037
1.16167
1.16173
1.16873
0.98260
0.58188
0.58860
0.58975
0.57888
0.56638
0.56797
0.56505
0.56445
0.56367
1.02350
1.09993
1.13382
1.13742
1.14330
1.14840
1.16332
1.17395
0.73848
0.56747
0.56745
0.56812
0.56183
0.56073
0.56733
0.57242
0.57170
0.61077
1.08870
1.11043
1.13168
1.13657
1.15018
1.15173
1.15473
1.05217
0.56432
0.56568
0.56452
0.56073
0.55867
0.55737
0.55435
0.55415
0.55732
0.65823
1.07685
1.10768
1.13233
1.13078
1.13100
1.13755
1.14975
0.67663
0.57287
0.57643
0.56648
0.55898
0.56267
0.56423
0.56632
0.56672
0.57330
0.78212
1.09162
1.12545
1.14480
1.14813
1.15352
1.16285
0.95373
0.59873
0.59158
0.59010
0.58608
0.58540
0.58710
0.58995
0.59328
0.59312
0.58825
0.94395
1.11482
1.15498
1.16605
1.17637
1.18362
1.19075
0.77087
0.62963
0.62565
0.61392
0.62625
0.63680
0.62507
0.61907
0.62807
0.63248
0.62912
1.11837
1.16245
1.21038
1.21433
1.21983
1.22838
1.23290
1.23943
1.19115
1.17977
1.29282
0.63770
2.43015
2.57112
2.58035
1.12165
1.12745
1.13763
1.14910
1.15948
1.19837
1.20797
1.21658
1.21802
1.06198
0.65103
0.65063
0.64043
0.63430
0.63467
0.63365
0.63217
0.63962
0.64233
0.64092
0.63543
1.11558
1.15500
1.18863
1.20060
1.20813
1.21410
1.12068
0.64592
0.64548
0.64293
0.63425
0.63978
0.64295
0.63588
0.63320
0.63425
0.63023
0.76170
1.14845
1.16707
1.20263
1.20352
1.20687
1.21507
1.03055
0.65105
0.65063
0.65088
0.63907
0.63775
0.62702
0.62428
0.62590
0.63243
0.63363
1.02537
1.15057
1.18117
1.20042
1.20817
1.21547
1.22905
0.85503
0.64632
0.63963
0.63350
0.62458
0.62752
0.62898
0.63003
0.62823
0.62792
0.85310
1.15265
1.17443
1.21062
1.21065
1.21218
1.21678
1.11000
0.63640
0.63863
0.65117
0.63093
0.61990
0.62060
0.61850
0.61850
