5.87095
5.97570
7.40195
6.47702
6.12670
7.33140
7.78983
7.88672
8.30495
7.81130
7.82818
8.18737
9.72023
9.65070
14.53005
16.64340
10.98898
12.44292
8.48078
9.68560
10.71815
6.73907
6.43825
13.39713
7.79332
7.83472
8.54450
7.72763
7.70143
6.95883
7.84343
5.85012
5.28892
5.17063
4.60600
4.31478
3.94583
4.91498
4.89460
5.37752
6.20362
7.01463
5.85010
12.00058
8.22435
7.81160
7.49110
7.03017
7.06155
13.69812
21.56350
9.32008
10.17832
9.15235
6.72433
6.74288
6.93477
6.34388
5.55032
5.43315
6.09462
6.23932
6.30438
6.71852
5.60097
7.58370
7.82905
7.26962
7.48583
7.44773
9.52047
9.72092
6.34123
6.44210
6.04687
9.62520
5.64113
5.68353
5.73007
5.79268
5.14248
7.06433
5.80452
5.33935
5.06050
5.51898
4.24355
6.25397
7.70705
4.49708
5.42010
6.43300
6.07115
5.29438
4.48780
4.00345
5.07285
4.56633
4.39833
4.12428
3.79828
5.12535
4.46807
5.74278
5.09718
4.95682
5.06790
9.06027
9.45420
4.13512
4.20585
4.73963
5.01775
4.97627
4.92677
4.45687
4.93180
5.75622
6.54883
5.47308
4.14407
4.18420
3.43513
3.44142
3.44537
3.94533
5.80567
4.78160
5.56455
6.72617
5.94745
6.81577
10.67928
7.31190
3.53760
3.54808
3.44278
2.81702
2.78053
2.76550
4.24605
5.02490
5.81658
4.87757
4.09325
3.54017
2.82668
3.34395
3.39382
3.41243
3.42838
3.73788
2.96387
4.87675
11.08623
5.31475
5.50092
5.18032
5.35243
4.70848
4.85473
5.33737
6.59588
10.29862
7.36465
7.97395
7.94722
5.10615
5.25448
5.68392
5.36090
5.00763
4.60437
5.53442
2.74758
2.57458
3.22865
3.54093
7.60582
7.97283
4.53498
3.95003
3.93522
3.07487
6.04147
5.91975
11.29577
7.64438
6.32997
6.20707
8.20877
10.25308
10.71013
10.67487
7.05708
7.07157
9.36683
10.53730
6.91950
7.29347
5.16495
6.16173
6.95798
5.75270
5.42167
5.42917
6.27840
5.21230
4.74540
7.36388
6.90265
5.44452
3.90347
4.57512
5.26003
5.39463
5.53577
6.45465
5.82168
3.90957
4.00575
4.64498
5.10952
11.65472
6.09805
5.57338
4.14978
4.68030
7.59630
6.00117
6.63738
7.60428
5.69565
4.24385
4.16602
3.93787
5.30128
5.47995
5.47428
6.27888
5.43885
8.39048
5.65435
8.27598
5.37962
4.98742
4.98193
4.81083
3.96913
4.35760
6.15523
7.84328
6.10677
5.78802
6.09403
4.89095
4.54973
4.49323
6.00298
6.20607
5.29998
5.42262
4.08963
5.97045
10.29005
6.33490
10.41752
6.54810
4.98945
4.71365
5.75280
4.47617
5.39275
5.22170
7.11552
5.58490
6.30800
6.12375
6.07230
6.99877
6.44088
5.21905
5.65923
5.81072
6.85010
4.87903
5.07915
7.54788
