1.68868
1.69525
1.69212
2.19695
2.54400
2.61732
2.53565
2.53293
2.60052
3.05945
3.05248
3.84117
5.49995
2.77265
3.15883
3.30108
3.91182
5.82615
5.52587
5.49135
5.32622
4.92883
3.11748
2.05435
1.33325
1.14070
1.43015
1.72313
1.79367
1.81710
1.44623
1.26968
0.95102
0.89035
1.10543
2.19865
3.57967
3.90405
4.39558
5.30693
5.61842
4.47412
5.42015
7.23875
8.68680
6.97708
3.79755
4.14273
3.97243
4.53855
4.65517
4.28152
4.24618
4.17442
4.08187
4.39107
4.60493
5.22935
4.09608
5.18362
5.47137
5.47195
5.16752
5.33642
5.41492
5.55405
5.66423
6.02675
6.20838
6.26472
6.49730
7.24132
6.82583
6.90857
6.97417
7.08727
7.03413
7.66490
8.43222
8.77882
9.11168
10.29768
10.03062
10.35658
10.82542
8.18840
5.20245
3.66760
3.33178
3.68102
3.71625
4.36412
9.13727
7.71895
5.62633
5.27055
5.69803
4.88592
8.46723
9.22752
9.01347
8.90980
8.85987
8.58178
8.45858
8.50535
8.33957
8.44813
8.62632
8.98390
8.93370
8.81120
9.22860
9.58738
10.91723
10.78098
9.72640
9.33748
9.07873
8.56157
9.04903
10.37155
9.94280
9.83295
8.76493
9.58133
9.85027
10.12872
8.47265
7.73000
9.11280
9.55583
9.56540
9.53053
9.41752
8.54810
7.57858
7.29138
7.17328
7.08135
7.19725
7.47913
8.39140
7.74863
7.46760
6.43507
6.88912
7.72078
5.15703
5.25520
5.20362
5.04675
4.78440
4.71595
6.89182
4.92495
5.15965
4.41143
4.43233
4.33513
3.79737
3.33228
2.86312
4.75710
3.61533
3.29080
3.41627
3.08428
4.67182
5.76863
2.07552
2.03480
3.07335
3.02155
1.29645
1.07653
1.54047
3.18937
1.18808
1.40008
1.17143
3.90448
2.73387
1.15505
2.34158
3.47867
0.88173
1.22192
3.58522
3.28968
1.61018
1.65008
1.60170
1.34273
0.96328
0.53503
0.53507
0.75345
1.13887
1.14352
1.24922
1.49667
1.27965
1.30885
1.29328
1.37605
0.99552
1.40995
1.19473
1.30197
0.81278
0.54488
0.70402
1.00005
1.00913
1.32542
1.41987
1.37480
0.81168
0.54500
0.54500
0.54500
0.54500
0.69367
1.30802
1.37215
1.39097
1.12493
1.33198
0.77687
0.54500
0.56062
0.90755
0.91040
0.91373
0.82945
0.99735
1.00460
1.01762
1.03975
1.40142
0.98517
0.91335
0.92383
0.60612
0.54432
0.54397
0.76687
1.16062
1.53997
1.48638
1.42345
1.19595
0.78597
0.79040
0.79587
0.90962
1.17150
1.14728
1.59605
1.63017
1.38525
1.62022
1.69310
1.38308
1.66248
2.36982
2.13793
2.08077
1.91768
2.12087
2.82335
2.90807
3.39655
3.00938
2.77550
2.14492
2.16128
2.17108
2.85020
3.05215
3.05343
2.96743
3.38875
3.68323
3.06603
2.89968
3.30097
