1.53975
1.52224
1.83742
2.01533
1.88940
1.87396
1.08381
0.80639
0.82930
1.32740
1.19918
1.14546
1.24709
1.61024
1.45599
1.34879
1.53489
1.59705
1.30630
1.20076
1.30237
1.23113
1.38389
1.55868
1.46117
1.17805
0.98705
1.17604
1.01082
0.92254
1.05826
0.64982
0.52703
0.66113
0.96606
0.89782
1.06760
1.22242
1.13069
1.16926
1.16377
1.30280
1.15447
0.86452
0.94123
0.95459
0.92339
1.18506
2.02990
1.00717
1.08867
2.04968
1.21287
1.06752
1.87352
1.11404
0.81982
1.58734
1.13173
1.42661
2.07835
1.20855
1.46678
2.35423
1.28230
1.29220
2.15507
1.12008
1.62080
0.87187
3.27467
1.50229
0.79300
0.90329
1.00561
0.88353
0.87651
1.17495
1.02569
0.84466
0.85229
1.34030
1.31478
1.14204
1.25798
1.26140
1.05186
1.08029
1.25565
1.42700
1.31431
1.35536
1.16259
0.92650
0.79291
0.88164
1.26610
1.15095
1.05737
1.14706
1.49718
1.26179
1.27206
1.53583
1.48578
1.10148
1.21757
1.46738
1.59815
1.48898
1.50507
1.72240
1.61896
1.59006
1.65915
1.67858
1.25240
1.06067
1.25514
1.39213
1.04708
1.05031
1.18714
1.22198
1.11078
1.13831
1.51988
1.49121
1.12406
1.06150
1.21020
1.18322
1.25854
1.37143
1.50998
1.29800
1.35982
1.50043
1.42372
1.11649
0.84723
1.01727
0.91231
1.03959
1.11657
1.24789
1.08319
1.05692
1.24981
1.39336
1.35016
1.21046
1.27084
1.03360
0.93836
1.25097
1.31147
1.11891
1.23870
1.31061
1.32154
1.88099
1.25845
0.81173
0.61578
0.54579
0.93190
1.08655
0.88952
0.86128
1.09087
1.06616
0.96303
1.21654
1.40531
1.56504
1.38003
1.31461
1.61786
1.29946
1.03469
1.09897
1.41122
1.28458
1.16414
1.18275
1.21860
1.37951
1.04237
1.12933
1.44969
1.33156
1.10056
1.05079
1.29504
1.16013
2.01638
2.64042
1.38819
0.96690
0.90860
1.06895
1.30709
1.13909
1.10192
1.19309
1.32355
1.11187
0.91126
1.10175
0.89288
0.69050
0.71046
1.06451
1.05403
0.87177
0.87296
1.05457
1.12554
1.10088
1.11373
1.13507
1.01105
0.90838
1.11101
1.36047
1.15579
1.10717
1.19986
1.33238
1.04249
0.90765
0.90146
0.89293
0.71210
0.76824
1.14059
1.11483
0.89197
0.90090
1.20788
1.23057
1.12473
1.14654
1.07682
0.97106
0.93229
1.25203
1.40728
1.21439
1.12965
1.24892
1.22340
0.89856
0.91126
0.91466
0.78839
0.67205
0.85905
1.17964
1.07011
0.96885
1.10060
1.32700
1.18691
1.12213
1.17324
1.11740
0.95269
0.95160
1.35778
1.44767
1.28613
1.23407
1.27011
1.19128
1.07747
0.95615
0.82038
0.90387
0.90895
1.08951
1.30960
1.37831
1.59035
1.62169
2.15037
2.10023
