1.36110
2.29478
2.31020
2.33893
2.29447
1.89710
0.98422
0.80212
0.80325
1.47063
2.02622
2.31730
2.13943
3.30562
3.20210
3.58638
3.98258
3.13683
3.12282
3.21125
4.53550
4.55993
4.56760
4.57743
4.88518
3.80707
3.81232
3.81012
4.52803
5.19067
4.55000
4.56032
4.60125
3.58057
3.51015
3.52167
4.20133
4.56023
4.54795
4.54645
4.72217
5.14308
5.63178
5.62215
4.85072
11.22200
8.26172
11.05740
6.99472
10.14097
9.34580
9.37232
9.37327
10.34073
10.36673
10.38023
10.20045
9.33478
8.94442
9.13372
9.19953
10.27170
10.81212
10.29352
10.54945
10.27888
9.68202
9.94570
10.39907
11.47858
11.27675
11.50727
12.15962
11.64227
10.81433
10.54832
10.83418
12.04960
11.80847
10.67535
10.05810
9.24048
8.67108
8.66820
8.65508
10.16642
9.76083
9.80315
9.76845
8.83828
8.30100
8.68972
8.87317
9.86907
9.90225
10.52770
10.05365
9.81450
9.12608
8.81602
8.81857
9.74965
9.89635
10.82165
9.31115
2.26653
1.20842
1.20492
1.19262
1.77255
2.23293
2.23778
2.24788
2.26448
2.33885
1.55725
1.42763
2.36832
3.59357
3.38823
3.07078
2.82888
2.83555
2.85152
2.82332
3.07450
2.56878
2.81887
3.24775
2.52008
2.17977
2.30208
3.53595
2.26270
2.24290
2.11655
2.12775
2.53758
3.74697
1.30353
1.20382
1.20840
2.42217
3.93058
3.93982
2.35578
2.27905
2.25510
1.24125
1.25595
1.09435
1.29485
1.85560
1.86918
1.89793
1.31195
0.92948
1.31667
5.51617
17.38792
18.41178
21.56640
12.43198
1.69198
3.00052
5.07390
4.42662
5.46190
4.14453
4.81532
4.33105
4.17843
4.45747
4.32717
4.48313
4.74907
3.50878
3.66493
4.94503
7.75782
4.31800
3.35365
2.75805
4.05997
7.99322
8.32147
5.34460
8.52897
5.21963
3.19267
2.79898
1.12105
1.32652
1.32773
1.72653
2.38685
2.40427
2.20517
1.34293
1.34910
1.35525
1.83072
2.42965
2.48207
1.88385
0.90423
0.93753
0.93687
1.36545
1.99140
2.00608
2.03045
0.93988
0.93945
0.93965
1.24620
1.99033
2.00382
2.12965
1.56863
1.38453
1.43662
1.54090
2.45587
2.46960
2.48852
2.12672
1.71965
1.89067
1.89662
2.78727
2.66983
2.89252
2.24673
2.20123
1.55047
1.15640
1.20017
1.38787
2.73150
3.44698
3.62562
2.99877
3.14872
1.46535
0.87685
0.87672
1.30455
2.33157
2.34693
2.38487
1.37868
1.28690
1.28982
1.65712
2.34323
2.35948
2.40828
1.34045
1.31197
1.31923
1.78788
2.42417
2.00537
1.98397
0.95463
0.87660
0.87695
1.30568
1.93148
1.94295
1.98182
0.95667
0.87543
0.87542
1.33078
1.93212
2.24090
2.37158
1.41762
1.28250
1.28090
1.71545
2.33613
2.34800
2.37537
1.51917
1.29293
