12.90180
26.58078
27.69693
13.87875
17.63462
19.97565
19.77415
19.35265
19.00962
20.25430
20.12632
13.05030
11.78240
11.71337
13.68085
14.09192
16.35885
17.42008
18.17552
19.33475
19.10218
15.14582
14.56342
16.19867
20.24308
21.07985
19.55155
19.50585
22.85212
24.05898
23.06518
36.16762
39.16240
21.39960
18.56920
19.15337
23.14497
22.51845
20.94453
16.94920
12.98015
11.08323
15.61568
13.62375
15.93918
17.55912
15.02585
13.06538
12.08298
16.25863
20.15068
17.24157
14.75575
11.65818
12.15307
11.80013
10.71020
9.81800
9.89382
8.88650
9.44405
9.41222
8.28695
8.61888
8.16930
8.43377
8.83883
7.01988
6.58140
6.33720
6.40218
7.23458
7.14893
7.32832
7.59550
8.17280
8.69362
7.93742
7.23717
8.10937
9.03165
8.45565
8.24158
7.33390
8.22825
8.87152
9.17763
9.58163
8.59905
8.39087
9.28555
9.54728
21.96810
21.28918
7.54015
8.59455
8.51805
9.80878
8.72827
10.11985
10.62965
11.11978
11.70665
10.68810
9.82380
10.50647
10.93828
28.59138
28.94985
14.50773
12.12647
11.15190
10.73878
10.00477
9.53065
9.93163
10.90672
10.84425
11.41405
13.84562
37.09725
37.30505
38.77108
20.90530
0.14708
0.14708
0.14708
0.14708
0.14708
0.14708
0.14708
0.14708
0.14708
0.14708
0.14708
0.14708
0.14708
0.14708
0.14708
0.14708
0.14708
7.82367
17.99988
18.75522
17.02350
30.27975
34.85027
30.89225
17.43987
15.63788
16.84147
17.24742
15.63265
15.69500
28.84948
32.46293
36.05695
32.31157
28.80325
15.02245
16.76287
15.62555
18.57218
15.50182
14.76567
13.87583
13.90832
15.50758
14.01275
19.29008
20.48527
17.69177
16.33285
15.57020
15.79312
15.78643
14.85052
14.31380
15.53380
15.63932
15.71473
16.59673
15.78727
14.69537
13.94847
14.26605
12.72550
13.30230
15.33337
13.80183
13.70193
14.08070
14.68960
13.77217
13.95562
14.63522
13.77617
13.13983
13.60665
14.41722
13.72258
14.59340
15.57723
15.11215
14.37535
14.06310
14.70985
14.39157
13.56147
13.23072
13.99358
13.45072
13.01907
13.10332
13.42020
15.02055
14.37750
14.84472
14.00960
15.07415
14.53802
13.57405
13.48380
14.33890
14.00877
13.16243
14.09852
14.33542
14.41178
15.50597
13.16487
8.25698
7.42538
7.24658
7.51762
6.60138
6.79282
8.63098
10.69775
8.51537
8.53288
8.44048
7.83982
9.08970
8.93322
6.76255
7.74842
7.98580
9.39608
7.42518
7.34242
7.65805
8.21795
8.59923
8.01342
8.00647
7.96700
8.24627
8.32110
8.14208
7.97490
8.33132
7.98838
8.09357
8.13818
8.56150
8.45730
9.15372
10.30412
9.53327
10.01433
8.81235
9.08708
9.84833
12.16115
9.15048
9.57437
10.17185
11.05350
13.06998
13.14030
11.96695
10.93965
11.32352
11.64933
12.53782
12.41667
13.35822
