10.47680
10.33247
10.77762
11.20603
11.16357
11.34825
13.04478
14.78210
14.14937
14.00955
15.69703
18.39307
17.37038
16.35853
16.35167
16.29742
16.16232
15.99275
16.88595
16.74455
15.66147
16.58403
16.81168
16.48292
16.24003
15.53152
15.31017
14.79492
14.81940
14.09557
14.21670
14.53332
14.61467
14.65288
14.76423
18.68115
15.88333
14.83118
18.07427
14.54988
18.02682
13.55528
17.74740
14.04210
16.56213
17.02652
12.75222
12.67938
17.42417
21.73137
27.89802
20.62745
12.80375
12.87512
13.19227
12.39260
11.90812
12.35513
12.95188
14.52335
13.78638
12.50438
12.30655
12.54187
12.67693
13.26698
13.12460
12.23513
12.14590
11.66753
11.38327
11.73912
12.37042
12.71137
13.01410
14.77053
14.92225
15.54088
15.95468
14.50775
14.29478
14.51428
14.29992
14.65047
15.64572
15.21958
14.01590
12.88377
13.12978
13.27807
12.93133
12.81185
14.07877
13.28807
12.52107
12.60105
12.07587
13.05942
14.01805
14.76660
14.68978
14.56708
14.05672
14.39943
14.09167
12.60262
13.00078
12.93298
12.81105
13.10180
13.50308
23.32392
36.04685
40.41497
44.78288
45.71415
46.16155
47.35828
20.28413
14.76858
14.57168
14.95865
14.09723
13.15310
13.06560
13.17780
13.22107
14.88290
17.22948
19.47488
19.47923
19.27182
17.60825
12.90888
12.99837
12.83733
13.42530
13.71343
14.71533
18.41877
20.44928
20.75392
17.59718
14.47103
14.83888
14.28210
14.82098
13.40892
13.57982
11.65542
11.40007
11.30920
10.50553
10.34223
10.60428
10.72665
10.74403
10.83020
11.28627
11.92043
11.66143
11.14105
13.32018
8.94835
9.20853
9.22837
10.97802
14.04957
13.07537
9.43577
9.48767
9.62670
9.68640
9.39467
9.97623
10.10452
12.39093
14.84830
11.49290
9.70618
9.55445
9.42407
9.17540
8.96727
9.07352
9.12458
9.01128
9.13003
9.19072
9.61933
9.88718
9.71187
9.71853
9.51060
9.50357
9.43467
9.06600
9.11947
9.10755
9.28528
9.42683
9.50952
9.46562
9.21110
9.29245
9.15908
9.06543
9.73507
9.41867
9.79595
9.97785
10.03748
9.91607
9.03717
9.01907
9.03607
9.09738
8.95400
9.02552
9.32830
9.33773
9.36798
9.03282
9.28673
10.45142
10.37105
10.41038
10.42713
10.86082
10.87043
10.66313
10.60522
10.29482
10.16073
10.15063
10.05988
10.19063
9.91645
10.18568
10.36413
10.93243
10.72688
10.43872
10.29158
10.35762
10.63057
10.29785
10.00775
10.34392
10.62078
10.57558
10.31313
9.89172
10.17023
10.18962
9.75693
10.37052
10.13105
10.33218
10.39752
10.18593
10.07280
10.09870
9.55275
9.43078
10.46588
12.88235
13.02358
12.89353
13.10262
12.77575
12.63602
12.54200
12.89290
13.12205
13.42962
14.18473
14.48148
15.39275
15.57070
14.52677
14.14293
14.34467
15.58597
14.16472
14.36705
14.66550
14.78140
