0.61123
0.70629
0.71087
0.62691
0.61836
0.61864
0.61961
0.62734
0.61840
0.64947
0.61443
0.72173
0.67230
0.69789
0.94820
1.12056
0.73762
0.60486
0.60482
0.60411
0.71548
0.67271
0.61482
0.61470
0.61439
0.61595
0.66411
0.70066
0.70171
0.70587
0.80876
0.67547
0.58773
0.58721
0.58663
0.58618
0.57801
0.57701
0.57831
0.57812
0.61706
0.85903
0.84380
0.86324
0.96489
0.65223
0.46618
0.46035
0.46119
0.46383
0.46980
0.47555
0.48268
0.48203
0.48428
0.56767
0.58577
0.59656
0.59798
0.57309
0.66758
0.51970
0.52818
0.54556
0.65129
0.68016
0.65371
0.65858
0.66245
0.73549
0.75114
0.75325
0.71759
0.64954
0.66425
0.72479
0.73845
0.74053
0.69683
0.67716
0.49161
0.51311
0.50308
0.50013
0.56119
0.67055
0.64441
0.63517
0.64470
0.66356
0.65347
0.65394
0.65411
0.69107
0.68103
0.68040
0.67555
0.67416
0.55033
0.69481
0.66112
0.59281
0.59143
0.56351
0.50502
0.50518
0.50480
0.50536
0.50483
0.50319
0.50360
0.49865
0.48075
0.50338
0.58366
0.58801
0.59192
0.59723
0.56049
0.50904
0.50973
0.51064
0.53621
0.62585
0.62601
0.62505
0.62569
0.62676
0.62767
0.69865
0.71215
0.71029
0.59692
0.55208
0.50663
0.50626
0.50600
0.50587
0.50514
0.50352
0.50144
0.50114
0.50065
0.49993
0.55930
0.58176
0.58356
0.58713
0.55308
0.49067
0.49013
0.49477
0.49476
0.49213
0.48837
0.47494
0.47372
0.56739
0.59931
0.59260
0.66373
0.67061
0.68092
0.68157
0.61992
0.58303
0.49730
0.45469
0.45443
0.45973
0.75991
0.75475
0.85460
0.89842
0.75811
0.74196
0.86002
0.84393
0.63587
0.56128
0.47426
0.47254
0.48640
0.48863
0.48850
0.49249
0.49223
0.48884
0.48951
0.48896
0.48821
0.53816
0.57670
0.57842
0.58010
0.56970
0.49150
0.49168
0.49250
0.49209
0.52045
0.61255
0.61112
0.61096
0.60716
0.57641
0.61429
0.67761
0.69363
0.60290
1.10712
1.13911
1.13049
0.66823
0.59838
0.59940
0.59937
0.59598
0.59529
0.59627
0.59664
0.61351
0.68349
0.68467
0.69012
0.69766
0.63418
0.60658
0.60935
0.61157
0.61275
0.61342
0.61097
0.61146
0.61284
0.61456
0.62096
0.57512
0.57595
0.58025
0.58771
0.50897
0.49325
0.49343
0.49372
0.49275
0.49293
0.48858
0.48800
0.48823
0.48855
0.53774
0.57253
0.57435
0.57893
0.58448
0.49053
0.49056
0.49077
0.49057
0.49014
0.52238
0.59736
0.60069
0.60215
0.60341
0.68894
0.68899
0.69395
0.70065
0.67348
0.58075
0.48600
0.48532
0.48495
0.48476
0.48026
0.47891
0.47905
0.47856
0.51558
0.56403
0.56496
0.57165
0.57639
0.50615
0.48288
0.48302
