14.70605
5.75407
14.63135
10.54073
17.97318
18.11625
18.25417
20.55222
19.39707
19.27143
22.30975
23.87605
24.61932
25.36442
18.78025
7.06340
9.64810
9.23278
8.75698
7.40687
8.65950
7.28603
8.18303
10.93333
7.75500
7.93197
8.29985
8.30212
7.91700
3.87047
3.98207
4.09213
4.27370
4.22360
3.66770
3.55913
3.28310
3.13580
3.26575
3.61965
2.83497
2.21098
2.39672
2.98052
4.59985
4.24565
15.37138
5.12893
12.54982
8.55912
16.08303
5.83638
17.32917
16.91405
16.09302
17.62650
17.66205
17.97290
18.24378
18.05230
18.14603
20.05333
23.58727
3.05050
1.29262
1.30348
1.33352
1.36218
1.38012
1.40440
1.38702
1.38537
1.66865
1.57993
1.29748
1.81765
1.46182
1.35028
0.88027
1.36420
1.38217
1.40865
1.38630
1.38755
1.44362
1.41900
1.39575
1.39883
1.52205
1.62437
1.98047
2.99912
3.22670
3.30502
3.15603
3.39092
3.37193
2.38990
1.59842
1.76612
1.54387
1.53328
1.52323
1.60838
1.71203
2.09138
2.09907
2.10267
2.18008
2.28438
1.52110
1.54513
1.53513
1.53980
1.51757
1.51918
1.52800
1.67235
2.11257
2.09650
2.12228
2.20472
2.13507
1.51323
1.60380
1.51512
1.82675
2.03752
2.05123
2.07102
2.56858
4.06658
4.06035
4.09788
4.16240
4.11023
4.06873
4.01998
4.06198
4.04683
4.18985
3.29295
3.54540
3.02950
2.55457
2.59178
6.28810
3.12018
3.55697
3.53405
3.64233
3.59663
3.43435
2.28545
3.37772
0.80228
0.90737
2.46037
2.74808
2.75508
2.23517
1.69678
1.40473
0.79867
0.91852
1.37850
1.36258
1.38680
1.46722
1.42013
0.79582
0.78970
0.79147
0.81428
1.45595
4.39383
2.56882
0.99540
2.61460
3.51267
2.47880
1.96845
2.04617
5.18017
5.42138
3.05535
1.99285
2.88612
2.96082
5.08650
7.42642
4.16665
2.15552
2.19355
2.27203
2.07692
2.45040
5.17642
2.91408
1.62878
1.57952
1.57235
1.56475
1.87433
5.13563
4.84292
2.17937
2.25055
2.04355
1.55697
1.56080
3.73252
5.17667
1.75175
1.56887
1.56815
1.88907
2.15492
3.47927
5.79195
2.97400
2.08070
1.56053
1.55957
1.55920
2.57628
5.16423
2.63665
1.56620
1.88653
2.15003
2.13980
2.17695
5.33513
4.63038
1.55407
1.55437
1.55418
1.57792
1.55413
1.55953
4.23712
4.78720
3.37580
3.47642
3.50588
3.59465
3.69082
2.98577
2.97212
5.65465
5.92138
3.00345
3.04883
3.04385
3.25573
3.64440
3.70017
3.72550
4.05570
7.31195
4.96610
3.21262
3.04705
3.05183
3.15485
3.14425
3.07167
3.06925
6.93703
4.77560
3.32915
3.42055
3.43987
3.08460
2.72482
2.74568
2.76042
2.71208
2.66892
2.73887
2.79520
3.20200
3.38247
3.37420
3.43903
3.50237
3.51218
