1.48790
0.79270
0.79797
0.80202
0.80882
0.83398
0.85117
1.34595
1.57355
1.61340
1.60773
1.22892
1.28230
1.21220
1.20705
1.20660
1.62138
1.87312
1.87792
1.94207
1.95240
1.39475
1.22828
1.22603
1.22638
1.20568
1.24243
1.19878
1.54463
2.10868
1.98972
1.20760
0.68773
0.69918
0.73622
0.44125
0.00633
0.03332
0.03827
0.05480
0.05043
0.04605
0.22578
0.25208
0.24508
0.23522
0.25445
0.48683
0.61725
0.73725
1.10773
1.75115
2.10373
1.45613
1.34782
0.48183
0.14545
0.04313
0.03228
0.03290
0.02932
0.02665
0.02702
0.02657
0.16702
0.69997
0.72345
0.75512
0.78270
0.58288
0.06047
0.05570
0.07123
0.02822
0.04908
0.05033
0.05500
0.26838
0.74990
0.76280
0.76760
0.02400
0.02663
0.02345
0.01852
0.55092
0.67145
0.68022
0.70082
0.30918
0.02277
0.02730
0.02692
0.01770
0.01697
0.32803
0.75620
0.77312
0.72750
0.69715
1.20892
0.94037
0.08863
0.02117
0.03777
0.07498
0.07378
0.06995
0.07028
0.04308
0.00740
0.01540
0.28403
0.66305
0.65728
0.69548
0.70605
0.73010
0.32843
0.01883
0.43500
0.07035
0.06675
0.06647
0.07433
0.07377
0.06983
0.06595
0.56098
0.77203
0.80020
0.80367
0.81223
0.83310
0.07288
0.08515
0.07412
0.06567
0.98062
1.35852
0.80230
0.81007
1.25928
2.41647
5.91205
6.26513
6.26822
6.25625
6.27570
3.43725
4.26863
5.54905
1.48235
1.31813
1.30468
0.43185
5.15062
5.48100
5.46320
5.51188
6.21958
5.26787
4.35037
7.70855
3.21445
1.95303
1.29072
1.29235
1.26420
1.27133
1.38890
1.35675
3.00917
3.20788
1.73572
2.43340
2.35943
1.45263
1.16753
1.49103
1.00187
0.57507
0.07788
0.05798
0.08170
0.05980
0.07692
0.75018
0.82518
1.38103
1.55893
0.81528
1.69808
2.47495
1.97835
1.77748
1.29448
0.06452
0.05530
0.06888
0.05928
0.06000
0.06000
0.05773
0.17827
1.58762
2.14508
2.17513
2.19440
0.96912
0.79100
0.12993
0.07660
0.06138
0.05758
0.05482
0.05443
0.67220
1.44430
1.47180
1.47008
1.46990
0.75290
0.76470
0.77942
0.28452
0.06185
0.06672
0.05677
0.05998
1.27015
1.48452
1.49070
2.00950
0.94743
0.76667
0.71792
0.05488
0.05527
0.07652
0.06000
0.06000
0.15120
1.41373
1.45315
1.46978
1.39342
0.09768
0.74603
0.75718
0.76372
0.77068
0.78913
0.78185
0.20400
0.05492
0.94438
1.44747
1.47465
1.48328
0.52577
0.05538
0.05825
0.05880
0.21157
0.75910
0.75313
0.75372
0.75920
0.76333
0.76387
1.45845
1.43170
1.45158
1.47207
0.22075
0.05975
0.04483
0.04242
0.05418
0.06667
0.72758
0.73753
0.75488
0.76318
0.79042
0.89145
1.42952
