10.66057
4.84375
11.10102
7.78407
6.05167
4.90867
7.26360
8.65367
17.51465
12.47370
11.62060
13.30872
14.71742
8.51812
15.01845
9.21587
4.97457
4.72518
6.67772
17.74550
17.01605
12.06757
13.10758
15.61727
28.94943
19.19968
15.94840
15.66368
20.81055
10.12588
4.06960
6.60630
8.15372
15.24865
3.64887
2.58848
2.58557
2.58383
4.86723
13.60047
1.92908
1.99802
2.55538
2.54587
5.24573
13.84702
1.92463
1.92792
1.98135
2.56957
5.28045
14.53658
2.58517
2.18857
1.93525
2.16527
14.72020
4.78698
3.95332
2.85813
3.85792
14.92985
4.12422
4.29928
6.63163
11.86713
16.50550
6.95467
17.76358
15.03850
7.47403
17.34837
4.69638
2.58543
4.12045
3.50265
2.53743
14.52270
4.64052
3.73190
5.90668
9.43432
9.75893
21.33082
13.32705
1.98915
2.36903
2.54605
4.01398
14.11548
1.95525
1.94898
3.10797
3.59265
3.30372
12.51008
6.48985
3.63452
4.55053
7.51022
9.25802
11.03137
14.26202
14.64155
5.66865
3.41200
2.25067
2.29042
2.84183
2.99443
2.71283
2.68867
2.88473
5.39370
14.28073
4.80275
5.57220
5.72637
8.38368
11.51087
12.60358
12.82648
11.60062
13.24360
15.08933
15.52747
5.18170
4.46535
3.64175
3.62482
3.58900
3.59338
3.59917
3.59900
4.09388
15.50257
8.64483
9.32133
12.46598
8.10775
6.71393
7.58815
11.98922
2.52230
1.95368
2.96370
2.41863
2.54728
7.57067
10.16770
2.53600
2.38283
6.43780
10.10282
22.20045
27.81428
19.63100
4.56088
4.74608
4.38267
2.51633
1.96170
1.95655
2.56503
2.56718
2.57947
2.08677
1.76370
1.77827
1.78292
2.32320
2.52102
4.91108
12.03572
2.58695
2.55835
3.18773
4.20958
4.73695
4.66418
4.06630
3.04958
4.11902
4.12320
11.39627
20.16603
22.96807
13.76752
5.62713
5.98412
5.45333
5.43300
5.27778
4.82160
4.26153
4.27053
9.50185
16.40750
8.95418
7.14543
5.31917
3.00667
2.73162
2.66527
2.09468
2.07607
2.07557
2.12690
2.70072
2.58400
1.92162
1.81610
1.52068
2.04467
2.57603
10.96092
5.66297
2.72843
2.63712
2.13350
1.31870
1.92693
1.92777
1.97773
1.83837
2.04658
2.11737
1.96758
1.88083
1.83142
2.43973
2.53443
2.61972
2.24715
1.94603
2.29955
1.76058
1.74580
1.80960
1.13673
4.85990
10.77872
2.23560
1.95707
2.43210
2.50035
1.91010
1.70405
2.35628
2.45673
2.42935
4.57213
10.72718
1.41370
1.93273
1.93213
1.83532
2.40932
1.92970
1.64242
2.17345
2.33033
3.64793
13.12588
2.61932
1.95185
2.11878
1.88685
1.76985
1.75127
1.74335
2.29347
1.85728
3.00483
13.15707
2.43085
2.56103
2.69795
2.70850
2.59760
2.02073
1.60777
5.67745
11.03363
4.14040
3.47635
2.96852
3.16837
