7.76228
7.84245
7.78722
7.88117
11.84499
13.00449
13.04483
13.42189
13.47222
13.10867
13.38266
13.63499
12.00690
11.02245
11.18463
11.10073
11.56599
14.19377
14.03347
14.09795
14.49080
14.45262
15.35053
14.70188
14.56599
15.66346
17.61131
21.69995
27.05761
28.12216
24.59160
24.16245
25.99749
25.97466
26.05068
25.58121
25.68784
25.94228
25.44222
27.03681
23.69604
23.44099
21.35304
19.78190
15.65496
15.77655
15.67691
16.62246
20.82099
20.98350
20.92734
20.81900
19.54287
18.90145
18.98705
18.78605
18.80443
18.25961
17.72251
17.82098
17.60412
17.51218
24.03616
19.01540
11.23455
11.23505
11.08927
11.11324
11.12411
11.05124
12.19417
12.11842
18.55668
23.90446
22.63791
22.56705
22.62945
22.68913
22.60905
24.45671
25.16931
28.14448
28.85201
28.73931
28.89290
30.02622
31.69151
33.37483
39.21991
40.90109
38.84373
38.61767
38.53042
38.46840
38.96346
38.87148
41.06247
41.72065
42.01087
36.84587
32.34403
25.91882
24.61385
22.20087
22.30608
24.68237
24.64911
22.24351
22.32703
22.34344
22.76602
22.70614
19.24090
18.08031
18.24827
24.39161
27.93766
27.60751
27.48390
27.56083
28.06341
27.60834
27.70768
24.37061
23.83597
23.96007
23.09088
28.19650
28.31493
27.89191
28.18925
32.43527
32.59340
32.54366
32.79431
34.03952
31.55535
23.79265
23.84667
24.20897
24.08159
24.67089
25.03476
18.33799
12.84550
12.86655
12.90438
12.64514
12.43632
12.43824
12.46673
12.47089
12.40448
12.22608
12.14236
12.36351
12.45554
12.47522
12.47285
12.31780
12.15619
12.29548
12.41507
12.38274
12.69993
13.90124
17.86717
18.00949
18.00968
17.94473
18.26489
17.81961
17.52335
16.28816
12.32551
12.27830
11.62226
11.56885
11.33640
11.45193
11.40869
11.40067
9.64561
3.96103
2.56014
2.53279
5.37598
5.46279
3.76359
2.54099
2.54721
2.66992
2.92625
2.69614
2.66794
2.60955
2.48744
2.43112
2.60621
2.77687
2.63927
3.14529
4.58634
6.36557
7.43339
7.53627
5.33076
4.58072
4.54742
4.54188
4.51793
5.13749
7.58219
7.47088
6.31353
5.11261
5.96565
6.01981
6.09297
7.36870
9.01274
8.99950
7.29422
5.93464
5.89546
5.95128
5.94525
8.61296
8.70747
8.69734
5.84301
6.11665
6.07368
5.57049
7.94135
8.50021
7.93387
9.52348
10.96293
11.00947
13.60739
14.22830
13.03700
5.73186
5.99637
5.87948
7.98846
8.78142
8.73358
8.60606
6.00981
5.47739
4.66923
7.63887
7.62952
7.60968
6.99248
4.49042
4.41323
4.47000
7.59727
7.82203
7.96477
5.24841
4.55767
6.33406
12.73404
12.83334
12.91365
9.89030
9.72904
11.55098
12.84743
13.03287
13.08277
9.81004
5.53214
4.50022
5.39868
7.94959
7.92594
7.84586
7.73874
7.64133
7.78647
7.91320
7.89803
7.97858
