8.17861
8.21664
9.39907
8.60150
8.18632
8.25292
8.07923
8.01938
8.18017
7.95475
8.38908
8.49580
8.47264
8.49774
8.51434
8.45610
8.64244
8.66682
8.53780
8.42337
8.43912
8.48127
8.62730
8.76061
8.77770
8.81084
8.98971
9.01933
9.09822
9.00757
9.43879
9.57689
9.55181
9.43462
9.67699
9.72292
9.58402
8.88730
8.70592
8.36782
8.26121
8.19798
8.32878
8.34429
8.46970
8.75589
8.91363
9.02720
8.83150
7.49777
7.51417
7.52859
7.38551
7.51645
7.33373
5.91586
5.76039
5.76649
6.04277
5.95392
5.90550
5.85847
5.73236
5.74169
5.78719
5.48797
5.54079
5.69953
5.52285
5.26411
5.43143
5.57687
5.24839
5.00718
4.92757
5.02755
4.60374
3.75784
3.32189
3.24480
3.28207
3.46304
3.58441
3.66758
3.77721
3.83690
3.93918
3.99774
3.75433
3.58289
2.86416
2.81186
2.92854
3.99362
4.12363
4.06179
4.15209
4.12711
3.64097
2.86048
2.71745
2.64699
2.51524
2.14677
2.16298
2.44140
2.46641
2.61304
2.46579
2.44489
2.54642
2.65655
2.39328
2.31927
2.17637
2.31206
2.55243
2.72671
2.41932
2.45280
2.39084
2.42929
2.59591
2.62013
2.26130
2.23304
2.26332
2.33193
2.31512
2.39227
2.39759
2.43997
2.42017
2.40019
2.25631
2.23246
1.60891
1.89641
3.16966
3.06956
3.24245
3.79478
4.04634
4.17592
3.96114
4.53130
3.19682
3.10524
3.15245
3.21329
3.13459
3.18806
4.16614
3.92128
3.96365
4.04635
3.98628
3.66282
3.71499
3.34537
2.80386
2.66973
2.11711
1.99357
2.15437
2.27832
2.17158
2.51995
2.39314
1.85242
1.92260
1.66225
1.76797
1.73547
1.76445
1.83811
2.02071
1.91758
1.81233
1.76736
1.76686
2.18721
2.55072
1.77762
2.04192
2.31842
2.44090
2.45190
2.51380
2.34214
1.88512
2.49440
2.60480
2.79268
2.68828
2.68880
2.70624
2.84871
2.99818
3.71982
2.34342
2.51692
2.45696
2.52072
2.55890
2.46251
2.14576
2.10797
2.04317
2.21475
2.24072
2.40788
2.47717
2.56929
3.01100
2.54634
3.84512
2.40448
2.15446
2.15949
2.20338
2.23081
2.22591
2.42741
2.50825
2.50387
2.43038
2.33967
2.30472
2.90865
2.93639
2.77119
2.87187
2.90567
2.94878
3.20320
3.84537
3.43350
3.42899
3.32933
4.65916
4.31509
3.78785
3.78562
3.78705
3.73701
4.14203
4.14494
4.15259
4.27730
4.22578
4.16841
4.10192
3.95429
3.79824
3.86481
3.92331
4.03910
4.20595
4.27924
4.25524
4.44810
4.34564
4.55600
4.49077
4.41663
4.22547
4.06637
4.08839
4.20737
4.32620
4.33380
4.47737
5.14277
5.38512
5.44396
5.51763
5.08449
5.07684
5.00482
4.58260
4.30026
4.44383
4.46926
4.54407
4.67469
4.60359
4.57084
