4.46643
3.69740
5.06685
5.21172
5.24890
4.59868
2.77327
4.25642
5.22320
5.18158
5.19210
5.25088
4.98150
5.42532
6.11753
7.37392
7.39235
7.40395
7.43802
7.50322
9.13620
6.27150
6.75955
6.47627
6.47412
5.58198
4.31922
3.29823
3.31622
3.96952
4.39148
4.75227
5.06048
5.06452
4.99050
4.67125
5.09125
7.37047
6.66087
4.56563
3.98373
4.02400
3.96377
3.51900
3.53900
3.56632
3.57070
3.58787
3.64455
3.06657
2.43167
2.54742
6.18533
5.68642
4.28315
4.71005
5.95525
5.98405
6.04187
5.48103
5.41677
5.92303
6.37545
6.43678
6.53075
6.26692
5.17908
4.48770
4.32248
4.41798
4.53643
15.92870
7.09795
7.48148
4.93252
6.83805
4.61170
3.50887
3.59280
4.33873
4.36862
4.40243
3.97278
3.91023
4.01623
4.91440
4.95050
4.92493
4.37255
3.36908
4.29132
3.96978
4.31953
4.44700
4.37813
3.57007
3.39872
3.71615
3.95183
3.67772
3.98123
3.41028
2.75427
2.94908
3.91050
4.09647
4.94285
7.50963
8.41827
8.32415
8.37463
8.42012
8.10267
8.23820
9.07018
10.63302
11.06890
15.97478
25.83145
25.20257
27.20418
26.64550
26.75255
31.44445
28.08018
29.19133
29.71313
31.20508
43.26975
23.41183
6.25197
6.10158
5.02810
7.05768
7.20560
5.44325
6.15980
9.35607
18.21597
5.11653
2.81265
2.77465
2.76252
3.40660
3.67102
3.70682
17.44893
2.72062
2.70740
2.73530
2.73332
3.49070
3.66433
18.48197
3.50108
2.74893
3.15112
5.75638
5.78080
4.61842
4.60485
4.22237
4.13365
3.95040
3.77905
4.40097
4.37377
5.44938
4.82688
4.26280
4.27210
4.20268
4.27092
4.73217
4.39347
8.65152
11.00148
1.13450
1.58083
2.50658
2.32353
13.29705
5.18968
0.83018
0.62850
0.62908
0.69820
17.77528
3.56235
2.70595
2.32330
1.42173
1.16170
15.97725
1.57967
1.65465
3.85572
3.60830
3.70352
18.36048
3.67385
4.48067
4.62490
4.47017
3.84603
3.75042
3.47173
4.10285
5.03550
5.63210
5.65873
4.88027
4.31217
5.18942
5.39802
5.88040
6.81270
6.09645
4.67555
17.99815
3.68467
3.69008
3.69160
4.30785
4.63353
18.24737
4.69228
4.13305
3.68378
3.68777
3.77672
7.49665
15.50540
4.65392
4.68280
3.95053
4.16877
4.18137
16.40338
7.31948
4.11090
3.15545
3.04933
3.06373
3.08117
16.97970
3.03403
2.94163
3.01833
2.24515
1.20162
0.95118
3.48215
4.48510
3.33238
3.80472
3.79507
2.72585
2.37642
2.55145
3.33110
3.82387
3.84808
3.89390
3.48603
1.62475
0.63247
13.83697
1.58090
1.60675
1.72135
1.63398
1.47978
1.18350
2.14570
15.98390
3.25648
3.93280
4.40298
3.15302
2.17718
2.29448
6.69095
13.30085
3.80030
3.83943
3.23477
2.85015
