7.58635
6.45440
5.25722
6.04043
8.78185
8.97718
12.69158
6.64293
2.13968
2.47827
2.28042
2.85297
2.87040
2.48368
2.00237
6.17365
4.88438
2.21902
3.40108
2.99110
1.77568
1.60930
1.93032
1.90810
6.52983
5.87957
2.61493
1.86982
2.22957
2.02072
3.02820
4.29012
4.76482
8.10552
6.60938
3.12812
3.33738
3.70670
4.31328
3.50953
3.19975
4.11270
7.00630
6.57420
4.02540
3.50622
3.98072
3.11925
3.18058
3.30640
5.28728
8.43250
7.27042
4.17743
3.90550
3.41768
3.09085
2.84873
2.73085
4.76990
6.92965
5.22090
2.40118
2.75902
3.11558
3.21262
2.76100
2.32413
4.70128
6.92752
5.81382
3.01170
3.12010
3.45812
2.82030
2.54138
2.66178
5.84543
8.31355
6.82322
3.17457
2.49613
1.66538
2.05567
3.03025
4.24463
8.24560
7.15183
7.28532
6.50945
6.01245
3.97030
5.15058
4.75918
4.56997
8.78123
8.61118
8.32985
5.04788
5.17822
4.78053
3.80907
4.38378
6.60482
10.02038
10.15920
8.88930
3.58868
3.74735
3.65860
3.81270
4.29493
5.41120
8.88325
8.42283
7.35510
3.98965
4.83433
5.44820
5.51080
4.46788
9.44190
8.89728
8.92765
8.36093
5.14373
4.92345
4.62775
4.70943
8.40385
16.80827
16.54787
16.53355
15.01987
11.68053
11.66430
11.96565
12.64107
13.92730
19.07490
19.67685
18.01195
14.84243
11.37840
11.65967
15.13977
11.51208
10.44375
10.29317
12.69008
14.68440
14.72488
12.67363
7.70097
2.01407
2.85447
4.96655
6.67873
6.59330
7.00793
5.99508
6.04003
2.83132
2.33990
2.58605
2.54813
2.26937
1.86710
2.27807
1.82700
2.23652
2.26210
2.23177
1.85385
1.73030
1.64720
2.19023
2.78008
2.69235
2.36992
2.03032
1.95508
1.83297
2.18428
2.55960
2.21422
1.68370
1.84543
1.55122
2.31028
2.90502
2.99510
2.47902
1.87755
1.81413
1.58052
2.16952
2.21025
2.17435
1.72617
1.49327
1.48388
2.00040
2.55968
2.58083
2.59618
1.95052
1.85488
1.53452
2.02777
2.16673
2.17230
2.08612
1.50125
1.49950
1.61370
2.55698
2.58138
2.59497
2.38435
1.87420
1.62212
1.63690
2.16543
2.17145
2.17812
1.89450
1.49618
1.49928
2.12423
2.56403
2.59510
2.58875
2.46648
2.02445
1.75820
2.04070
2.43810
2.46787
2.43308
2.21117
1.74795
1.77532
2.32722
2.86167
2.91968
4.33022
4.41368
3.76873
3.82548
3.61838
4.44020
4.63672
5.39400
5.78297
4.75035
6.82657
3.70265
4.06055
4.52387
4.42092
4.20018
4.47508
5.37193
11.94045
15.34190
14.51535
17.71460
20.76890
26.18358
21.42415
31.21072
21.43135
3.77990
9.61252
7.18022
6.49818
6.36830
6.90478
6.81582
6.96662
4.71180
5.08320
8.56733
4.88913
4.93783
4.82200
3.97517
