8.74000
6.21455
5.73487
5.57703
5.28918
8.53722
8.49787
6.27525
5.68802
5.58613
5.55940
8.15188
8.42077
8.21838
7.38338
6.68075
7.05672
10.31522
10.49462
10.28300
8.42485
7.12890
6.91145
9.29680
10.04790
9.95688
7.99117
7.57975
8.54027
11.01578
13.78213
14.90528
9.64432
9.31510
10.16663
11.14688
12.02408
11.79010
7.58477
7.55033
7.81225
9.05303
11.05875
10.76925
7.55520
8.03693
7.68093
9.09083
11.22183
11.96357
8.60758
9.57562
9.17310
10.38715
11.30430
10.57212
8.77312
8.00413
7.56048
9.06402
10.90883
11.03065
8.98825
7.96225
7.57687
8.50715
9.71058
9.61060
7.86467
6.50820
7.25025
7.92847
9.48515
8.81068
5.41833
5.42178
7.85268
6.81923
9.31577
10.23687
9.33147
11.26182
12.53352
13.44965
15.99663
20.28363
19.20397
13.42858
11.75902
10.52548
13.36105
12.62413
10.53517
9.31355
8.41810
7.81943
10.72150
10.58722
9.33158
8.25965
7.97355
8.33462
11.49612
12.45955
11.46195
9.82720
8.83585
6.96065
8.87685
9.61402
7.91795
6.17722
6.70073
6.29325
8.27140
8.98062
6.28972
4.99850
5.50498
5.35890
8.83697
11.99907
7.62580
6.21275
6.10718
5.42833
6.76962
8.33057
7.19437
7.31715
6.34188
5.63078
6.75787
9.40532
6.74035
8.35652
6.18070
5.68075
6.87850
8.67637
6.66908
4.46537
4.20795
4.67573
6.51863
7.95867
6.91152
6.12297
5.64482
5.71422
6.63447
8.19610
8.51757
5.14525
4.41800
4.74970
4.77207
8.92667
10.44892
5.64515
4.64742
5.21283
4.68828
6.78060
6.07547
3.54563
4.12048
4.28077
5.18575
8.53570
7.91923
4.93727
4.63883
5.31393
5.06782
7.73583
8.17353
4.55300
4.52550
4.50938
5.89175
10.43212
10.02185
7.14735
6.74205
7.37228
7.17115
49.73920
62.78193
60.59385
60.49730
60.32698
61.30162
63.95492
64.47173
61.71690
60.89043
61.48848
61.02057
63.65363
63.16997
61.69878
63.48213
40.66418
6.15220
7.92977
8.42445
7.09918
5.99188
6.80580
6.30710
8.04042
8.48665
6.58568
5.29857
5.82717
5.32682
7.00067
9.12792
8.01650
6.05722
5.54827
5.85210
6.51700
7.77120
7.95653
5.63483
5.85537
5.78593
6.61097
7.40655
7.37248
4.64340
5.29140
4.64617
5.73455
7.73972
6.49918
4.47835
4.48743
5.06235
5.44342
7.88015
7.21283
5.64535
5.25152
4.27948
4.81533
7.03915
6.49948
7.19110
7.21842
5.32750
6.04793
8.06757
7.93147
5.46488
5.26707
5.57307
6.72063
8.60400
8.37842
5.59545
4.65645
4.86757
4.82843
7.28913
7.22480
5.05873
4.56407
5.10825
4.54458
7.23430
7.32067
5.10582
4.88917
5.93378
5.86903
8.14468
8.57762
5.89578
5.77428
5.22502
5.26950
7.63247
8.23830
6.42717
5.79760
