4.79598
4.72480
3.99088
4.90515
4.70842
5.28133
5.03282
4.23975
4.11175
5.12772
5.50935
4.82173
6.00432
5.43717
6.68307
8.90527
9.53735
9.08340
6.74640
6.92200
4.77142
5.27570
6.24805
6.59547
5.68485
5.14577
5.26005
5.82068
5.61233
5.13993
5.69387
6.87712
10.40155
6.97260
3.44668
4.41038
5.21922
4.77118
4.65723
5.67242
5.68240
6.13132
3.59853
3.26447
3.62200
4.07263
3.45840
3.77400
5.76560
6.43850
6.19498
5.67555
5.73438
4.45108
4.82885
3.97605
3.34005
3.52528
4.13353
3.65118
3.39198
3.95655
4.65178
4.46382
3.33413
3.35063
3.73823
4.16138
3.55955
3.92992
4.22592
4.96710
3.70448
3.41720
3.47163
4.12760
4.05938
3.73923
4.05123
4.47760
4.62237
3.72905
3.63995
3.77817
4.55553
4.35295
4.37170
4.37217
4.68295
7.13045
11.27958
4.71853
4.82842
5.55433
5.65190
5.39102
6.43982
6.28115
5.62787
4.90333
5.21665
5.42957
5.74177
5.36098
5.43388
6.11518
6.48328
6.10557
5.30510
9.35700
6.92367
5.49958
5.04213
3.99963
3.23485
3.63750
3.77440
3.25403
3.20347
2.45753
2.45363
3.52128
5.47373
5.04412
3.72742
2.61123
2.46368
2.45742
3.24203
2.89777
2.53142
3.07138
3.27885
3.69450
2.73753
2.71378
2.56847
2.96113
3.49835
3.08877
3.29102
3.15478
3.22498
3.41158
2.79788
2.76093
3.13262
3.99935
3.98472
3.67932
2.87060
2.89663
3.41720
2.61870
5.45695
2.93838
4.18413
3.86062
3.07087
2.55675
2.63377
3.42840
2.96592
2.63053
2.97802
4.81567
11.74520
2.75078
2.44420
2.43992
3.09325
3.01910
2.58072
3.05402
3.23762
3.64467
2.71395
2.43198
2.43488
2.92700
3.19642
2.97030
3.07450
3.13930
3.30622
2.83725
2.43422
2.43518
2.82455
3.52172
3.08987
3.07198
2.77945
3.19332
2.92398
2.44398
2.44288
2.81288
3.86865
3.14730
3.06215
2.43525
3.19175
2.93352
2.43730
2.43348
3.18583
3.87810
3.13472
2.71347
2.44052
3.21505
2.87753
2.76222
3.93958
5.01003
6.13583
5.90788
4.01248
3.54135
5.50960
5.24003
5.09987
5.50983
6.10615
6.21415
5.05112
3.50570
3.48607
4.00040
3.81692
3.84528
4.36945
5.05100
4.41635
3.61805
3.62752
4.17103
4.54982
4.25537
4.28847
4.51792
4.67692
3.79467
3.58695
3.64423
5.38777
4.67560
4.25275
4.27208
4.17502
4.26322
3.93467
4.34335
5.27000
6.29003
6.09003
5.34553
4.95978
5.69400
6.02365
5.60545
6.27998
7.07045
6.74377
6.26670
5.69678
6.34320
6.29757
5.69842
6.28165
6.85185
7.63160
6.85580
5.94950
6.12620
6.75653
6.06447
5.96503
6.55070
7.38018
6.78587
6.57617
6.21077
6.63263
6.89013
6.86652
7.03572
