24.91455
30.64309
34.64478
26.18655
23.91450
25.83727
24.34631
25.43868
24.82375
25.69355
25.39833
24.34799
26.67731
25.33704
25.71574
24.08594
24.47199
23.23090
24.01623
24.45670
23.82912
32.60056
27.16783
24.64746
23.80904
25.05929
23.62817
25.33588
24.58455
25.69152
24.94474
25.41208
25.39416
24.78577
24.41519
25.01218
25.07048
24.52009
24.43124
25.25010
23.32925
24.81227
24.53842
25.11529
32.02676
30.56807
24.57247
24.37633
24.32669
24.61882
24.90982
24.32656
25.13276
24.35356
25.81331
25.62314
26.06192
24.39486
24.15985
23.31637
24.44774
25.08479
25.19503
30.62508
30.12858
24.39575
25.41018
24.32833
25.04598
23.29806
23.10838
23.42384
22.85270
23.92838
22.16398
22.42977
22.75004
21.17177
22.35846
23.13368
23.25625
31.78722
27.86919
24.02137
25.55169
24.27160
23.89161
25.68365
25.38443
23.61470
25.22017
23.19047
24.19989
23.65482
23.99192
25.99889
24.73302
23.12536
24.35304
22.20186
22.54434
25.86019
23.47587
24.78800
25.16183
23.56719
33.83734
26.45775
23.42918
23.56603
21.78843
21.39083
25.07717
21.25618
22.35748
21.41048
21.57591
21.80495
21.04381
23.54946
20.12580
23.12350
22.55802
23.17712
23.10681
24.15747
24.02645
22.66138
23.34425
24.48512
33.06286
24.40882
24.98495
22.66600
21.81072
23.52875
23.84400
23.78970
24.24604
23.13032
22.95721
34.27804
23.60598
21.70562
24.20980
22.89194
21.38800
22.48566
21.29691
23.15845
22.06989
21.83065
23.61964
26.64694
28.88647
22.25995
21.33399
23.15769
19.79921
20.94820
21.16733
20.77676
21.85705
19.16671
19.14623
20.61198
27.73837
24.95589
21.06102
20.05004
19.32821
21.42750
21.00710
20.37816
21.58581
20.60947
20.20819
21.32612
20.87734
20.31963
22.98471
20.26075
23.41629
27.48712
21.51591
21.23233
22.72475
21.57068
20.37976
21.43850
20.85129
23.19940
21.29099
20.90652
20.12700
21.79953
20.91448
28.53172
25.08507
23.08982
21.39078
22.05186
21.80124
22.80566
24.16369
22.22475
23.03424
22.11235
22.72169
23.03361
23.13543
22.44792
22.07786
22.85969
21.69092
24.12033
28.52455
28.12397
21.56879
22.89633
21.68524
23.75248
21.65571
22.31129
21.53537
22.29394
23.14561
23.08018
22.39999
22.82313
22.51720
23.32909
21.84381
31.84099
24.14989
23.75300
22.17114
23.22240
22.13056
23.01916
23.40525
21.93727
21.89963
21.73449
23.07424
22.28675
22.48954
21.25673
22.52905
20.91792
32.26830
22.55013
22.51838
21.23318
22.70271
22.54447
22.34303
21.30844
22.25675
21.82353
23.71214
22.59728
22.83539
26.71119
28.23037
24.51403
22.48480
23.42854
22.06926
22.57531
21.36348
24.11729
21.85232
23.35775
22.16400
22.88578
23.05871
23.04276
23.04121
24.54012
30.36269
21.99929
24.90194
22.26360
23.61900
22.52183
23.01259
22.58069
