7.69875
7.61118
9.18712
10.07667
9.44698
9.36978
5.41903
4.03195
4.14648
6.63700
5.99588
5.72728
6.23543
8.05120
7.27993
6.74397
7.67443
7.98525
6.53150
6.00382
6.51183
6.15565
6.91945
7.79340
7.30583
5.89025
4.93527
5.88022
5.05410
4.61268
5.29128
3.24908
2.63515
3.30565
4.83030
4.48910
5.33802
6.11208
5.65343
5.84632
5.81887
6.51402
5.77235
4.32262
4.70613
4.77293
4.61695
5.92528
10.14948
5.03587
5.44337
10.24842
6.06433
5.33762
9.36758
5.57020
4.09908
7.93668
5.65863
7.13303
10.39175
6.04273
7.33390
11.77117
6.41152
6.46098
10.77537
5.60038
8.10400
4.35935
16.37333
7.51147
3.96498
4.51647
5.02803
4.41763
4.38255
5.87473
5.12847
4.22330
4.26145
6.70148
6.57392
5.71022
6.28990
6.30698
5.25932
5.40143
6.27823
7.13502
6.57155
6.77682
5.81297
4.63250
3.96453
4.40818
6.33048
5.75477
5.28685
5.73532
7.48588
6.30897
6.36028
7.67917
7.42892
5.50742
6.08785
7.33692
7.99077
7.44488
7.52537
8.61202
8.09480
7.95032
8.29573
8.39292
6.26200
5.30333
6.27570
6.96063
5.23542
5.25155
5.93570
6.10988
5.55392
5.69153
7.59942
7.45603
5.62032
5.30750
6.05100
5.91612
6.29272
6.85713
7.54992
6.48998
6.79912
7.50213
7.11860
5.58245
4.23615
5.08635
4.56157
5.19793
5.58285
6.23945
5.41595
5.28460
6.24903
6.96678
6.75078
6.05230
6.35420
5.16798
4.69180
6.25483
6.55737
5.59455
6.19348
6.55303
6.60770
9.40495
6.29225
4.05865
3.07892
2.72895
4.65952
5.43277
4.44762
4.30640
5.45435
5.33078
4.81515
6.08270
7.02653
7.82522
6.90013
6.57307
8.08932
6.49730
5.17347
5.49487
7.05612
6.42292
5.82068
5.91373
6.09300
6.89753
5.21185
5.64665
7.24843
6.65782
5.50282
5.25393
6.47520
5.80063
10.08190
13.20208
6.94093
4.83450
4.54300
5.34477
6.53543
5.69543
5.50958
5.96543
6.61775
5.55935
4.55630
5.50875
4.46438
3.45248
3.55232
5.32257
5.27015
4.35887
4.36482
5.27287
5.62770
5.50438
5.56865
5.67535
5.05527
4.54190
5.55507
6.80233
5.77897
5.53585
5.99928
6.66192
5.21245
4.53823
4.50728
4.46465
3.56052
3.84118
5.70295
5.57415
4.45985
4.50450
6.03940
6.15285
5.62363
5.73270
5.38408
4.85532
4.66145
6.26015
7.03638
6.07197
5.64825
6.24460
6.11698
4.49282
4.55632
4.57330
3.94195
3.36025
4.29523
5.89820
5.35057
4.84423
5.50302
6.63498
5.93457
5.61067
5.86620
5.58698
4.76343
4.75800
6.78892
7.23835
6.43065
6.17035
6.35057
5.95638
5.38737
4.78077
4.10192
4.51937
4.54473
5.44755
6.54800
6.89155
7.95173
8.10847
10.75187
10.50115
