3.85800
4.45613
3.50070
3.22685
3.22920
3.22517
3.47145
3.81748
3.82563
3.82370
3.84407
3.86312
4.47333
3.85515
3.86517
3.87427
3.68008
3.24697
3.24562
3.25147
3.44233
3.87135
3.87510
4.23338
4.15757
3.88958
3.90745
3.94142
3.73872
3.47295
3.48255
3.50560
3.96587
2.49897
2.50473
1.36213
1.57312
2.34545
2.48253
2.49183
2.52148
2.48408
2.90658
2.69630
2.48122
2.45610
2.45085
2.84968
2.84223
2.66155
2.64725
3.12617
2.56658
2.75422
2.44193
1.95212
1.80315
1.26217
1.56398
1.85548
1.90413
1.86755
1.87070
2.48902
2.01397
1.89693
1.90983
1.92230
1.93927
1.94752
1.95815
1.95518
1.96318
1.97680
2.78298
1.80923
1.35862
2.29080
3.34872
3.69573
2.63633
2.22627
2.23920
2.23150
2.02667
1.63125
1.58095
1.57778
1.98063
2.61475
2.69355
2.65688
2.69862
2.49905
2.01952
1.56940
1.57802
1.52707
1.62048
2.18672
2.17135
2.17652
2.19850
2.20740
2.08210
1.59030
1.60355
1.88865
2.06903
2.66135
4.43772
4.70620
4.33330
2.70150
3.80608
4.81872
3.92478
3.95557
3.93378
2.94117
2.52227
2.40612
2.47328
3.43422
4.20180
3.97293
2.05462
1.80215
1.79810
1.87575
2.37112
2.39410
2.42042
2.43377
2.44855
2.46262
1.83840
1.84677
1.85658
1.87187
2.19560
2.55355
2.04462
2.04977
2.06057
2.09200
1.57130
1.10112
0.94633
0.94212
1.09650
1.65968
1.79572
1.55018
1.54760
2.85498
3.54705
2.69677
1.36703
1.59287
4.78617
7.40752
7.75498
7.94767
8.74067
6.92287
8.17250
14.14463
6.78757
9.90112
10.14002
8.47243
9.68367
10.95560
10.91860
8.44632
9.57247
5.71843
2.90187
2.60382
2.66013
2.57403
3.65907
3.63650
3.63272
3.63805
3.64013
3.63925
3.66035
3.68592
3.74013
3.42553
3.76418
5.38753
5.43495
4.90367
2.65135
3.09348
3.08565
3.08858
3.12905
3.59213
3.65463
2.80258
3.17853
3.20260
3.16798
3.77523
3.92668
4.19668
4.19750
3.98923
3.81460
4.54335
4.84643
4.90857
4.90838
5.09912
5.49022
5.51142
5.52237
5.49387
5.39363
4.93555
4.93445
4.92768
4.93493
5.04743
5.52562
5.51753
5.51443
5.50928
5.41535
4.92115
4.91275
4.66742
4.69208
4.80383
5.28108
5.28773
5.29942
5.31697
5.25065
4.78792
4.27133
4.25228
4.25323
4.37338
4.85165
4.86132
4.90528
4.77700
4.42155
3.81252
3.80925
3.80670
3.79773
3.95097
4.82022
4.82253
4.83043
4.83697
4.80202
4.24820
4.25420
4.27045
4.27027
4.39552
4.85693
4.86330
4.86118
4.86430
4.85488
4.26727
4.28310
4.33085
4.31952
4.43413
4.85155
4.85143
4.85225
4.85380
4.88510
4.27785
4.26300
4.26318
4.25758
4.36897
