1.54415
1.39449
1.49693
1.83879
1.36759
1.58307
1.41622
1.35217
1.34943
1.38796
1.21955
1.42807
1.44859
1.24982
1.41275
1.27331
1.50913
1.37272
1.43449
1.42464
2.14615
1.74831
1.57769
1.92350
1.80250
1.57946
1.55792
1.96333
2.01708
2.82258
2.96590
2.55181
2.81265
2.48548
1.97408
1.72599
1.68117
1.81088
1.92764
1.58651
1.62513
2.35614
2.45902
2.44888
2.34682
2.55673
2.42495
2.71921
2.16005
1.85842
1.72734
1.47977
1.57120
1.73458
1.22153
1.28906
1.49767
1.56745
1.50698
1.26122
1.29081
1.16666
1.31866
1.11212
1.30984
1.52453
1.24929
1.21034
2.05893
1.93512
2.88116
2.70682
2.93544
1.32485
1.44131
2.05853
2.69801
3.00540
3.28942
1.93510
1.64755
1.59839
1.79601
1.94757
1.85943
1.93314
2.02106
1.90415
1.74358
1.93008
1.48056
1.72602
1.81597
1.70343
1.64684
1.85035
1.92125
1.87984
1.61412
2.17628
2.10342
1.87068
1.76769
2.02181
2.03980
1.79965
1.61589
1.36658
1.73117
1.38715
1.37252
1.35387
1.33689
1.67230
1.83517
1.73518
1.55901
1.59108
1.89404
1.69843
1.69665
1.93000
1.82789
1.74466
1.76554
1.99000
1.69462
3.08067
2.50614
1.66376
1.49353
1.86383
1.59596
1.40180
1.68496
1.73701
1.52067
1.61159
2.08645
1.35434
1.56681
1.53764
1.72375
1.43765
2.14552
1.53109
1.95861
1.72907
1.61999
1.80467
1.49897
1.65284
1.61560
1.53641
1.67801
1.72944
1.45556
1.61082
1.53469
1.25658
1.71570
1.27909
1.58957
1.57202
1.68556
1.72289
1.59163
1.44311
1.51675
1.48348
1.39283
1.79024
1.64515
1.69122
1.77837
2.04165
1.36859
1.54839
1.50606
1.57851
1.66118
1.83032
1.65980
1.70102
1.87326
1.69367
1.67107
1.58337
1.83439
1.39297
1.72256
1.42152
1.61920
1.59363
1.70948
1.43867
1.87367
1.63790
1.84877
1.65254
1.72661
1.59253
1.74956
1.51975
1.64643
1.82868
1.74369
1.87513
2.63204
1.96924
1.51408
1.59398
1.45046
1.47248
1.33899
1.24643
1.44620
1.21961
1.03717
1.07358
1.43861
1.38321
1.03017
1.39280
1.38828
1.47368
1.41770
1.29734
1.23987
1.51334
1.11475
1.14677
1.54300
1.36017
1.49173
1.39236
1.40227
1.25193
1.30113
1.13921
1.44671
1.23916
1.47710
1.14460
1.31813
1.41576
1.17928
1.17105
1.10108
1.39427
1.02142
1.40784
1.10442
1.45658
1.48565
1.54420
2.04449
1.63736
1.43190
1.85959
1.31216
1.13497
1.56162
1.08569
1.10018
1.22539
1.40383
1.38872
1.09722
1.27249
1.25556
1.16243
1.08454
1.46873
1.42059
1.52674
1.62151
1.17826
1.30837
1.40332
1.25083
1.21795
1.05098
1.39945
1.22127
1.10082
1.32943
1.51546
