1.04408
1.16795
1.25929
1.26768
1.19400
1.13336
1.04295
1.05940
1.24304
1.30712
1.17265
1.08501
1.10642
1.33267
1.28708
1.10697
1.14795
1.15628
1.34816
1.34434
1.34717
1.26082
1.26092
1.30352
1.37141
1.30662
1.23916
2.34636
3.21751
3.22945
1.25541
1.15216
1.14142
1.13210
1.09768
1.11096
1.21912
1.44062
2.14858
1.05894
1.15401
0.86776
0.87568
0.89988
0.96181
1.42671
3.51607
4.24326
2.18083
0.91848
0.86651
0.86800
0.82359
0.72156
0.87153
0.99293
0.81466
0.92750
0.86710
1.05422
1.09901
1.33782
3.56285
1.68799
0.79965
0.73436
0.79850
0.87947
0.90006
0.81287
0.74177
0.58253
0.69091
0.71345
0.73819
3.04275
1.99377
0.72962
0.70629
0.77668
0.68455
2.55010
1.28148
0.75904
0.86817
0.94405
0.59853
0.45580
0.50994
0.72241
0.69098
0.63713
0.53149
0.44049
0.85983
3.25011
2.89431
0.46591
0.49104
0.51190
0.49017
0.47957
0.44396
0.31347
1.20125
2.13429
0.57066
0.55975
0.36361
0.32999
0.41893
0.62136
1.09192
1.51811
1.67689
0.53525
1.36429
4.42779
4.48604
1.90438
1.53105
0.85135
1.11249
0.99363
2.30456
0.83689
1.98499
2.21740
4.40806
3.13319
2.11449
0.53992
0.95526
0.63559
0.61087
0.54243
0.41813
0.48908
0.97671
4.54650
4.76375
1.21426
0.58797
0.59376
0.59754
0.55763
1.84122
1.16714
2.38030
2.80395
2.67770
0.47339
0.34616
0.34658
0.46123
0.59749
0.53250
1.40921
4.93119
4.30097
0.53806
0.69902
0.75649
0.76870
1.41670
1.38766
2.22942
3.08166
2.60283
0.93854
1.00300
1.01635
1.88759
1.04547
3.31239
1.48981
1.12721
2.80105
2.81188
2.37381
0.76116
0.76732
0.79056
0.71101
0.64382
2.43217
0.81671
0.70698
2.84992
2.72492
1.40238
0.60530
0.70371
0.66220
1.20184
2.40214
0.61037
0.61209
0.78181
0.86377
0.81938
0.70662
4.80414
3.90418
0.58786
0.66426
0.75347
0.72315
0.53868
0.51119
0.57156
0.66477
1.19415
2.97868
4.11753
0.71763
0.65204
0.76653
0.77030
0.77935
1.11530
2.84227
1.03129
0.75296
0.66532
0.67123
0.55311
0.51585
0.51248
0.70662
0.76170
1.69461
5.51577
2.08499
0.61357
0.73472
0.76984
0.85499
0.82063
0.64937
0.54025
0.60115
0.66540
0.71421
2.89242
4.46060
0.60448
0.57215
0.66411
0.66497
0.69109
0.61831
0.67819
0.74298
0.80818
0.76431
0.76776
2.03069
2.82349
1.50891
0.86536
0.79798
0.66838
0.60676
0.87358
3.13510
1.32665
0.75750
0.77143
0.65210
0.50867
0.50943
0.64991
0.76575
0.85531
0.87010
2.45057
2.80339
1.48796
0.80409
0.97556
1.38319
2.80234
0.99174
1.02064
1.17466
1.32799
1.35026
