2.27638
2.29063
2.08711
2.02320
2.11134
2.28580
2.31165
4.06383
4.09534
4.17052
4.43994
4.28667
4.20171
4.31470
4.29840
4.60486
4.58389
4.36454
4.43052
4.38239
4.67937
4.62726
4.40912
4.27531
4.31681
4.49175
4.61333
4.43719
4.13578
4.17001
4.45067
4.52096
4.53435
4.35850
5.04896
6.04559
4.55356
4.47825
4.34391
4.23196
4.36904
4.41435
4.58649
4.37569
4.37737
4.52447
4.34663
4.35759
4.31932
4.34615
4.29492
4.38693
4.30187
4.49680
4.38614
4.45635
4.57424
4.71846
4.57497
4.41808
4.36563
4.37098
4.47252
4.63005
4.52657
4.68696
4.75845
4.74702
4.79470
6.62908
4.64360
4.59755
4.98255
4.96509
4.93586
4.42134
4.62307
4.68086
4.69061
4.58989
4.42230
4.42508
4.48402
4.48651
4.53983
4.45762
4.44925
6.10830
5.15137
4.47548
4.44774
4.41430
4.42069
4.70016
4.63901
4.91453
4.83105
4.57079
4.58997
4.73631
4.74430
4.65501
4.58770
4.62996
4.75590
4.71513
4.57604
4.36086
4.38525
4.65069
4.65911
4.75989
4.68363
6.30774
5.07853
5.30829
4.96673
4.64173
4.52354
4.38383
4.32477
4.52365
4.33750
4.34738
4.01884
4.02633
2.74393
2.22900
2.19940
2.08652
2.16333
2.14066
2.37507
2.32242
2.25112
2.20625
2.19416
2.28546
2.27175
2.28818
1.90392
1.83552
1.85771
2.09770
2.09103
2.00392
2.46876
3.57749
1.79115
1.95183
1.90137
1.77194
1.72376
1.73797
1.87093
1.92253
1.89295
1.76838
1.74349
1.78752
1.96448
1.92143
2.39374
1.97706
1.75744
1.85436
1.93724
1.88653
1.77253
1.75917
1.83290
2.55605
2.02021
1.91033
1.78515
1.77398
1.82704
1.99489
1.94580
2.17285
2.21027
1.80412
1.92472
2.01300
1.97911
1.81229
1.81605
1.85518
2.15686
2.58484
1.91952
1.77408
1.88629
1.97125
2.10669
2.13114
1.96064
1.89141
1.94974
2.27336
2.50343
2.08671
1.92654
1.92567
2.00944
2.15323
2.03042
1.96396
3.83788
1.93899
1.88979
1.99915
2.03637
2.00487
1.94803
1.86546
1.92081
1.96622
1.96619
1.97741
1.97693
2.02339
1.97468
1.81301
1.83124
1.83202
2.51181
2.31553
1.83476
1.79315
1.80115
1.95310
2.02504
1.92796
1.81651
1.81520
1.87712
2.03729
2.05330
1.85057
1.89705
1.90717
2.17157
2.18063
2.01650
2.06608
2.10861
2.22620
2.33732
2.33170
3.16482
5.43059
5.44011
5.49350
5.64251
5.42973
5.34549
5.46943
5.53670
5.67392
5.59092
6.98773
6.16202
5.45480
5.60146
5.63025
5.51559
5.43930
5.52765
5.66981
5.61566
5.50560
5.47904
5.60890
5.69249
5.70182
5.73787
5.35705
5.36197
5.48706
5.74685
5.74576
5.84573
5.70891
5.79936
5.84054
5.86267
5.81769
