8.00160
4.93217
4.65189
3.50016
3.48719
3.48318
4.51934
4.53119
7.86043
7.83782
8.78635
8.10120
7.81208
7.94770
9.22884
7.72278
7.66408
8.05071
8.08706
7.26966
8.30991
8.52459
8.65556
4.74692
3.59451
3.01003
4.30915
4.42242
4.53435
8.08508
7.79124
7.02600
9.72040
7.43926
7.68427
8.19016
8.30523
9.45361
7.34483
6.87374
9.86044
8.50572
8.10095
9.91175
8.61687
8.37411
10.40295
7.76888
8.73808
8.43225
6.24531
4.57219
2.90569
2.90567
3.95329
2.56424
2.68348
7.43430
8.01001
6.80492
6.88221
7.50642
7.43691
6.87537
6.91624
6.76113
7.91268
6.85319
3.32490
2.34862
2.43475
2.53335
2.54030
2.44556
2.43634
5.16737
7.02585
7.06453
7.27083
7.58578
7.49692
7.38671
7.28305
6.67634
6.53308
3.79708
2.12939
2.11269
2.11486
2.11561
2.12097
2.11362
4.07469
6.57974
6.51102
6.50703
6.45053
6.50852
6.55016
6.54108
6.53210
6.52945
5.85424
1.99598
2.00675
2.01784
2.04749
2.06173
2.09103
2.76204
6.63108
6.65038
6.61025
6.60106
6.54211
6.53185
6.49285
6.57348
6.69809
6.71887
5.57005
2.25985
2.24791
2.23197
2.18940
2.01433
1.97214
5.23871
6.56845
6.59281
6.60706
6.61445
6.60997
6.58497
6.54365
6.48887
6.49177
6.31097
2.03504
2.21573
2.22915
2.25598
2.27972
2.23876
4.78172
6.48515
6.48323
6.47533
6.51280
6.57132
6.76969
6.82298
7.27848
7.89286
8.67074
7.55931
7.72190
7.62624
7.38959
7.27214
7.12451
6.95682
7.41439
3.97692
2.69438
3.10798
3.13716
3.42714
3.53232
3.72748
8.01141
8.16103
7.56898
7.01444
6.93349
6.93162
6.94937
6.99465
7.00616
6.89211
6.91664
3.83064
2.44080
2.65822
3.72047
3.34164
2.19177
2.17940
5.76049
6.70053
6.71408
6.72073
6.70848
6.71419
6.72019
6.67105
6.69401
6.63646
6.71148
2.91051
2.23330
2.24178
2.21882
2.18388
2.69115
2.32617
6.09751
6.73754
6.74094
6.78144
6.80376
6.78779
7.00634
7.03925
7.05526
6.95424
6.20473
2.34945
2.17803
2.82422
2.12023
2.17509
2.17574
3.18458
7.38276
6.71558
6.72780
6.71409
6.78270
7.44516
7.12623
6.77857
6.77542
6.77649
5.24733
2.83420
2.24814
2.24534
2.23922
2.23513
3.01273
4.30608
6.73803
6.70623
6.67499
6.68492
6.69603
6.68294
6.76344
6.76862
6.74261
6.69865
5.06998
3.14109
2.26830
3.49175
2.17854
3.11636
3.19321
5.68111
8.38538
8.58023
8.88285
8.34671
8.34286
8.33292
8.37556
9.13764
8.68060
8.47107
9.18241
7.99452
4.01317
4.77299
4.82485
4.84326
4.75469
4.50257
6.18105
9.57373
9.58396
9.58098
9.51153
9.49803
9.55162
9.59633
9.56700
9.56887
