188.42243
194.12246
192.28002
177.79847
182.12114
196.26900
199.44027
183.53239
169.32287
181.49794
186.14990
180.51190
175.83987
187.23148
190.72953
193.89617
163.73247
184.89541
194.65417
190.90150
166.26667
174.22882
182.08232
181.12548
167.08762
172.52203
188.93003
182.40279
177.52695
168.05826
177.95297
183.69832
179.42751
168.46705
178.94712
188.65978
183.98693
160.39556
172.17325
183.00686
184.08266
183.94943
185.80710
185.98961
178.10998
185.40899
183.72445
167.59622
168.15012
167.57286
166.76973
163.10426
165.47674
169.43049
168.06509
170.90725
181.43152
177.82897
174.36981
175.85168
181.53972
180.05792
175.16196
177.50221
167.94857
158.35546
165.74746
182.78334
185.13925
180.18164
170.71227
172.12474
183.33486
196.02318
175.80389
183.81389
191.58800
194.08684
188.83054
172.96999
191.76171
191.68275
195.47545
172.68597
177.87128
193.95434
182.61559
184.06895
171.13992
179.60723
182.57275
183.75795
167.32360
164.31753
187.95718
182.12187
169.65220
174.37001
178.55212
185.72364
171.13255
164.46909
183.45914
183.38347
184.14699
166.90250
175.22827
177.65258
185.40926
183.13137
161.28675
177.22938
184.12286
179.54695
182.80835
183.51208
184.88276
187.96779
179.11423
167.33212
163.45441
159.66995
164.72169
167.42326
165.55687
167.90125
166.12710
173.25331
170.44690
180.88607
180.64728
177.97786
181.66421
180.78498
179.24587
167.21374
175.70786
177.70047
184.96093
171.04967
165.20012
170.30247
172.22938
178.64104
171.97738
176.48882
193.60343
193.31300
172.35259
177.35019
187.33966
192.88502
174.77956
175.42693
166.22663
164.29698
169.93338
171.30832
145.04947
151.58425
151.28440
134.75598
158.32965
160.98243
138.15570
138.90723
139.45974
139.52498
142.87542
156.73450
152.44260
137.52952
135.09272
141.87421
135.94990
144.39589
158.88212
149.34323
140.20073
137.52227
143.74906
134.34889
149.11391
156.83602
144.73124
140.86895
135.20877
138.90276
144.04982
156.94453
151.46334
143.65571
139.75071
134.02740
141.70250
138.04813
140.51397
142.14338
141.53791
145.68606
153.71426
157.91656
157.98740
157.93766
156.77055
163.34239
158.19541
149.75222
157.57637
143.89783
157.69914
163.58317
149.98503
143.96340
140.73020
151.80711
148.08814
157.34799
162.75644
176.17029
171.99429
152.61232
160.94313
157.46556
157.93239
162.76940
158.28273
173.44129
167.71067
156.21030
154.55237
155.37626
155.06993
148.91488
149.11508
154.05394
166.11942
141.66755
141.74362
149.95322
148.15696
145.26569
147.89363
166.16921
150.68431
146.64861
148.10856
147.20506
151.29774
149.35265
171.79271
154.43474
146.61573
153.28571
148.80949
157.35939
159.96385
153.43258
146.07928
142.43991
164.92808
169.81314
160.42189
145.67372
148.18983
143.90817
148.25474
148.74330
148.89366
151.94872
152.06914
153.66648
166.09943
167.79253
164.82073
167.63445
168.79396
172.46214
173.78931
162.47952
160.01562
150.63076
150.26246
153.17186
157.55492
156.60535
168.21301
163.98197
