1.30731
1.70227
1.69963
1.69676
4.53793
4.88716
1.19732
1.19864
1.20027
1.20251
1.20119
1.20183
1.20349
1.10172
1.01775
1.01734
1.01848
1.01936
1.08784
1.02051
1.02295
1.02512
1.02821
1.02920
1.49874
1.15895
1.11067
3.51954
0.81627
0.65082
0.65158
0.65105
0.65229
2.36837
5.20298
0.69606
1.09494
0.64636
0.64657
0.64607
0.64329
0.68963
0.78444
0.78828
0.78408
0.78774
0.81191
0.79109
0.79810
0.79770
0.79740
0.64615
0.65511
0.65109
0.65811
0.67393
0.65212
0.67078
0.67354
0.66763
3.03187
0.56089
2.70529
5.84384
7.24147
7.82643
0.84036
0.72283
0.72380
0.72197
0.70789
0.72836
0.63878
0.66765
0.68620
0.64197
0.58727
0.64048
0.68732
0.69215
0.73224
2.38384
2.41354
2.43820
0.69599
0.69437
0.77729
0.81342
0.83241
0.83901
0.84552
0.84862
0.85282
0.80448
0.61889
0.58872
0.57415
0.56818
0.56952
0.58067
0.68344
0.68749
0.69537
0.68936
0.72089
5.94255
1.91465
1.09243
2.63725
0.82501
0.82885
0.83416
0.83997
0.84246
0.84390
0.75782
0.69309
0.69219
0.69136
0.69029
0.69115
0.68448
0.67900
0.67929
0.67860
0.67998
0.67995
0.67897
0.67855
0.67815
0.73013
0.81107
0.81368
0.81935
0.82586
0.82550
0.82652
0.76480
0.67488
0.67289
0.67650
0.61703
0.89588
7.14938
6.02905
0.64294
0.56460
0.56418
0.56175
0.56044
0.55897
2.79395
1.40840
0.86070
0.63278
0.68987
0.69261
0.69694
0.69774
0.69603
0.69977
0.56478
0.54683
0.54307
0.54147
0.53821
3.12879
2.42535
0.53785
0.53813
0.53853
0.54416
0.54518
1.62525
3.40648
1.12288
0.55217
0.55197
0.55487
5.56549
3.45347
3.50600
1.88569
0.68462
0.68901
0.69046
0.65042
0.54547
1.11573
3.34875
2.93700
0.54224
0.53853
3.02580
1.02377
0.53922
1.41877
3.32046
1.13189
0.53791
0.53941
2.25131
5.75735
1.29699
0.57556
3.43943
2.04537
0.67802
0.68235
0.68602
0.68835
0.78111
1.03244
3.45905
2.12260
0.67763
0.67719
0.67670
0.67789
0.67755
0.81571
3.45340
1.42038
0.67469
0.70947
2.52322
2.52116
2.49298
0.78469
2.06898
3.59652
1.20733
6.03961
2.16957
0.82739
0.69537
0.67685
0.67667
2.44676
2.41391
0.67713
0.67666
0.67781
0.68273
0.68068
0.68284
0.68249
0.68151
2.56776
4.99271
0.73903
0.80969
4.96106
2.98213
0.82215
0.82234
0.82419
1.06007
3.46842
0.88724
0.67885
0.67833
0.67747
0.67715
0.68401
0.68530
0.68657
0.68677
1.50065
2.93220
0.68609
0.81477
0.81605
0.82053
2.17111
6.33460
1.95138
2.44662
1.81357
1.98951
1.93564
4.12824
3.40870
1.84554
1.87015
1.89714
1.29872
1.29943
