0.90769
0.84685
0.86465
0.79973
0.59968
0.43415
0.34390
0.35570
0.45085
0.37105
0.36119
0.36191
0.36303
0.36384
0.36538
0.36765
0.36936
0.44491
0.47604
0.45823
0.44791
0.30852
0.41378
0.64707
0.65101
0.44915
0.57926
0.54809
0.56539
0.69546
0.98720
0.67093
0.85910
0.52179
0.63162
0.63829
0.55493
0.19162
0.18554
0.18642
0.34610
0.39885
0.40129
0.40071
0.29640
0.29709
0.29891
0.22471
0.18710
0.18706
0.18757
0.22286
0.31807
0.39417
0.39790
0.37918
0.18935
0.19128
0.19140
0.19117
0.19045
0.25443
0.29740
0.34965
0.40280
0.40557
0.40847
0.32398
0.19138
0.19103
0.19087
0.19038
0.19077
0.19047
0.19103
0.30377
0.40233
0.40513
0.39966
0.29962
0.30093
0.30305
0.22082
0.19367
0.19326
0.19240
0.22770
0.29491
0.34904
0.39570
0.29702
0.25095
0.19309
0.19345
0.19410
0.19246
0.20832
0.30683
0.40150
0.40544
0.39763
0.30088
0.29041
0.19397
0.19194
0.19132
0.19094
0.19222
0.19149
0.29363
0.29552
0.34252
0.29584
0.29776
0.29913
0.29954
0.30196
0.26438
0.19215
0.19183
0.28222
0.29395
0.22769
0.19343
0.28885
0.29155
0.30223
0.19339
0.20721
0.20693
0.20752
0.26995
0.41353
0.35966
0.31303
0.31404
0.39631
1.11276
1.96318
2.64404
2.68417
3.01583
3.11401
3.23186
3.30296
3.23847
3.44145
3.47336
4.60786
0.95805
0.30455
0.31944
0.29278
0.23200
0.49749
0.51654
0.80256
0.62429
0.60976
0.70859
0.74019
0.55044
0.73846
0.40512
0.35744
0.30390
0.44249
0.22213
0.31111
0.28922
0.28520
0.31623
0.32102
0.25908
0.21597
0.21716
0.21625
0.21389
0.31592
0.32179
0.41304
0.41539
0.32307
0.32530
0.23231
0.21220
0.21017
0.21114
0.21160
0.21400
0.24102
0.32039
0.40533
0.42412
0.32406
0.32571
0.32566
0.32711
0.32916
0.33236
0.32581
0.31889
0.35413
0.20971
0.62805
0.70907
0.57051
0.33372
0.33639
0.31989
0.32130
0.32247
0.32164
0.32283
0.32406
0.32546
0.38418
0.30231
0.21083
0.21117
0.21149
0.21374
0.21236
0.23647
0.31899
0.31591
0.31955
0.34968
0.42181
0.39562
0.28936
0.21265
0.21535
0.21244
0.21072
0.21104
0.21072
0.22347
0.32142
0.39290
0.42091
0.35647
0.32212
0.32609
0.32865
0.24498
0.21578
0.21444
0.21601
0.21710
0.30479
0.41535
0.40035
0.27947
0.21767
0.21853
0.21714
0.21695
0.51792
0.34674
0.34606
0.34928
0.45119
0.45392
0.37683
0.30887
0.28265
0.40697
0.51258
0.53728
0.53759
0.53897
0.61596
0.74063
0.75297
0.71038
0.71720
0.71990
0.71080
0.62092
0.55576
0.51452
0.57654
0.60823
0.71063
0.72233
0.78269
0.73432
