0.29942
0.29880
0.29845
0.29809
0.29768
0.33009
0.40072
0.40217
0.40237
0.35800
0.29639
0.29648
0.29712
0.29717
0.29669
0.29939
0.40011
0.40128
0.40264
0.38597
0.29792
0.29789
0.29781
0.29774
0.29728
0.29733
0.36555
0.40077
0.40197
0.40406
0.31826
0.29862
0.29867
0.29856
0.29877
0.29927
0.33373
0.40344
0.39081
0.39040
0.33743
0.28553
0.28562
0.28590
0.28595
0.28572
0.28548
0.36905
0.38936
0.39045
0.39611
0.28516
0.28531
0.28501
0.28718
0.28746
0.28756
0.30256
0.39089
0.39205
0.39257
0.36187
0.28719
0.28679
0.28590
0.28636
0.28477
0.28427
0.35228
0.38889
0.39007
0.38696
0.28415
0.28423
0.28451
0.28457
0.28502
0.28522
0.29334
0.38837
0.38965
0.39005
0.35384
0.28434
0.28476
0.28405
0.28434
0.28470
0.28452
0.31785
0.38905
0.39004
0.39064
0.31990
0.28440
0.28415
0.28411
0.28432
0.28411
0.28293
0.35484
0.38751
0.38662
0.36580
0.27703
0.27713
0.27640
0.27546
0.27622
0.27617
0.29005
0.37875
0.38026
0.38103
0.30921
0.27516
0.27645
0.27560
0.27588
0.27518
0.27481
0.31115
0.37810
0.37996
0.38209
0.28719
0.27584
0.27570
0.27541
0.27590
0.27565
0.27621
0.36636
0.37930
0.38017
0.33981
0.27625
0.27547
0.27611
0.27584
0.27547
0.27551
0.30675
0.37833
0.37994
0.38319
0.29112
0.27684
0.27672
0.27646
0.27770
0.27802
0.27565
0.28937
0.37851
0.37965
0.38118
0.34523
0.27640
0.27675
0.27639
0.27593
0.27590
0.27635
0.27906
0.37821
0.37898
0.38089
0.35329
0.27864
0.27874
0.27935
0.27948
0.27933
0.27842
0.35030
0.38251
0.39606
0.40864
0.55971
0.61338
0.58920
0.63154
0.64834
0.72094
0.77287
0.90005
0.92126
0.85209
1.28892
1.05922
0.29741
0.29784
0.29752
0.29711
0.33490
0.40112
0.40271
0.40338
0.35192
0.29692
0.29729
0.29763
0.29792
0.29837
0.29884
0.36155
0.40457
0.40518
0.40717
0.31592
0.29882
0.29964
0.29873
0.29890
0.29999
0.36501
0.40545
0.40795
0.40803
0.32490
0.29928
0.29867
0.29824
0.29872
0.36222
0.40590
0.40721
0.40849
0.41052
0.41358
0.41770
0.42723
0.35162
0.29938
0.48354
0.71145
0.71104
0.56057
0.40152
0.40247
0.37150
0.29768
0.29791
0.29809
0.29844
0.29819
0.38610
0.40084
0.40107
0.35248
0.29797
0.29736
0.29749
0.29954
0.33766
0.43080
0.40032
0.40377
0.30506
0.29824
0.29821
0.29739
0.32245
0.39839
0.39885
0.40015
0.32405
0.29678
0.29635
0.29757
0.37902
0.40012
0.43553
0.41197
0.44764
0.48480
0.36605
0.33843
0.37204
0.45861
0.51252
0.52356
0.53093
0.42847
0.42724
0.40390
0.36604
