3.51907
4.17385
4.71190
4.45920
4.02732
4.02768
4.44980
4.60015
4.28112
4.01838
4.47675
4.59743
3.98815
4.11135
4.69542
4.61842
4.01058
4.06070
4.37535
4.73373
4.56393
4.12937
4.38765
4.61380
4.20847
4.06112
4.95475
7.23725
9.61705
8.99765
6.99612
7.24737
12.27593
8.33008
4.22378
4.49288
4.27607
3.83297
4.29328
4.29815
3.68767
3.52045
3.70137
3.95328
3.84100
3.51763
3.52890
3.76698
3.46848
3.39083
3.79367
3.51433
3.00998
3.10327
3.57187
3.04512
1.83762
0.51925
1.00810
1.17587
0.18058
0.45380
0.11048
0.32412
1.19508
1.38435
1.07868
1.42950
2.09668
1.94442
2.10407
2.57963
3.37062
3.74213
3.52208
3.59320
4.64845
4.89783
4.75588
5.37677
4.67497
5.55568
7.08797
7.51435
7.87268
9.95762
10.59827
7.76963
6.53762
3.26472
2.40982
1.94753
2.52405
11.08403
8.13148
7.57715
6.21717
3.92207
3.45575
10.16850
10.20627
10.78608
10.81102
10.51845
11.01230
11.19475
10.63085
10.95127
11.41277
8.75635
6.50270
8.43048
7.79113
9.65905
5.83045
5.70165
10.91032
12.10893
11.88848
10.49200
11.55730
11.73973
12.07053
11.61563
11.00502
11.50532
11.90218
11.78847
11.27632
11.37540
11.46678
11.24477
10.76310
10.79275
11.06433
10.97687
10.48245
10.08202
10.67430
10.73518
10.12848
9.64810
10.07262
9.84837
9.95550
9.62117
8.89747
8.11782
7.69642
6.54787
6.64975
8.42053
8.72730
7.62428
6.92445
6.41592
5.03417
2.81683
3.14517
2.75457
2.52807
0.70228
0.58703
0.96303
0.73075
0.22288
4.97483
1.45930
0.81123
0.68913
2.00458
6.29645
1.85837
1.46102
2.33703
2.07583
1.78337
1.90348
2.38265
2.29753
2.49762
2.24497
2.60588
2.83310
2.29153
2.23347
2.80212
2.99792
2.27968
2.23880
2.43368
2.81953
2.54047
2.46662
2.38822
2.80977
2.37245
2.23760
2.50405
3.14450
2.48760
2.31273
2.39360
2.80950
2.53693
2.60155
2.32130
2.81870
2.46735
2.24287
2.35035
3.21810
2.49262
2.24355
2.29800
2.80793
2.51395
2.65710
2.32478
2.81273
2.46665
2.23967
2.37822
3.27550
2.43928
2.26202
2.42202
2.87230
2.44477
2.71443
2.57555
2.96838
2.48525
2.39785
2.66802
3.36942
2.46490
2.39558
2.71538
2.94117
2.37830
2.79080
2.80215
2.94390
2.49010
2.49022
3.07445
3.28493
2.68203
3.20055
5.13822
4.35085
6.53308
9.56972
9.54372
9.19643
7.06208
6.67595
5.91378
6.78800
4.27238
4.43220
4.26418
3.63823
3.81028
4.35132
4.07728
3.63318
3.63458
4.19100
4.19417
3.85815
3.72468
4.19402
3.17900
2.85753
4.48955
4.70632
4.12157
4.04723
4.44102
4.56432
4.46338
4.10837
4.55982
4.38867
3.71045
3.99643
