0.19828
0.51158
0.57937
0.53797
0.34488
0.53013
0.18782
0.59262
0.59973
0.62445
0.62915
0.41615
0.15692
0.16593
0.17067
0.18203
0.20740
0.32548
0.93788
0.66997
0.68133
0.66437
0.07508
0.07570
0.18082
0.31068
0.32895
0.22395
0.33392
0.45420
0.44928
0.83875
0.46825
0.50673
0.21108
0.38003
0.50083
0.52405
0.52555
0.53635
0.55115
0.64862
0.74190
1.22480
1.54023
0.91953
0.70578
0.48847
0.47745
0.49182
0.49430
0.48905
0.50105
0.52750
0.52717
0.36888
0.49150
0.90488
0.35273
0.19357
0.63033
0.70632
0.35533
0.27798
0.08582
0.42760
0.40250
0.51553
0.47975
0.55167
0.57162
1.07687
0.68595
2.52607
0.17488
0.18363
0.19352
0.16153
0.62645
0.79055
0.79075
0.79473
0.81628
0.82575
0.66212
1.03068
2.36445
1.23315
6.29143
5.97130
5.90215
6.07853
6.29660
6.06745
6.19910
6.70785
6.92022
6.99560
7.03072
7.20490
6.50947
0.87750
0.60750
0.44473
9.03703
3.90700
4.93142
5.39078
5.67560
5.48692
6.09862
6.57722
6.80403
6.83748
7.08567
7.31972
7.75918
3.75547
1.11450
1.79888
1.07952
0.56350
0.46073
0.67507
0.50042
0.53202
0.86445
1.24072
0.97020
0.72710
0.83195
0.16158
0.07177
0.01333
0.01900
0.02940
0.47118
0.78462
0.80403
0.82425
0.88435
0.05465
0.18150
0.01545
0.01417
0.00962
0.48355
0.52315
0.40103
0.43882
0.48845
0.58430
3.79315
3.19058
2.76200
2.28955
0.24852
0.29677
0.32253
2.00547
1.65047
1.21213
0.28595
0.30953
0.31642
0.32868
0.32685
0.37965
0.42993
0.46073
0.48688
0.42768
0.28963
0.35365
0.39358
0.39423
0.39382
0.33913
0.35765
0.37777
0.47000
0.43022
0.27955
0.30598
0.29773
0.29782
0.30023
0.36820
0.46090
0.47232
0.49547
0.41455
0.27928
0.31497
0.31487
0.30270
0.29990
0.39473
0.46485
0.47752
0.50080
0.42645
0.28155
0.31788
0.32448
0.31455
0.31447
0.35812
0.46787
0.48340
0.51368
0.40307
0.26857
0.30187
0.31432
0.37162
0.48370
0.28558
0.28422
0.31272
0.34772
0.32915
0.43217
0.46125
0.47977
0.47578
0.49920
0.27473
0.28958
0.31210
0.33513
0.38900
0.43137
0.46348
0.46553
0.46600
0.46915
0.28997
0.29133
0.31690
0.34180
0.38028
0.44503
0.47780
0.46423
0.48168
0.40145
0.28672
0.14318
0.07902
0.08592
0.22037
0.27450
0.30833
0.31650
0.30610
0.30667
0.47128
0.47922
0.50145
0.52408
0.52308
0.56283
0.30765
0.31025
0.30945
0.33380
0.45805
0.47488
0.50343
0.52065
0.42978
0.26658
0.29365
0.29962
0.31143
0.32697
0.43753
0.06127
0.47408
0.49750
0.43388
0.28902
0.31043
0.31812
0.31592
0.34960
0.43598
