0.65350
0.83552
0.91463
0.91987
0.85722
0.76542
0.61484
0.48555
0.48413
0.48380
0.61764
0.79976
0.98282
1.00172
0.94669
0.78917
0.79619
0.66471
0.48133
0.59637
0.60087
0.60181
0.60400
0.84620
0.77845
0.77989
0.78338
0.79473
0.91694
0.77558
0.77859
0.78296
0.82026
0.54037
0.62550
0.58011
0.57778
0.69344
0.69800
0.73103
0.55686
0.55162
0.43536
0.43869
0.44038
0.50022
0.51442
0.52932
0.53141
0.53677
0.53599
0.40149
0.51323
0.53519
0.54289
0.49249
0.66632
0.71289
0.71969
0.72533
0.73525
0.62527
0.42679
0.43241
0.43850
0.44672
0.45740
0.68854
0.66811
0.62066
0.62566
1.00870
1.03932
0.66873
0.55685
0.40314
0.33991
0.35111
0.45455
0.63145
0.77195
0.77916
0.78414
0.63483
0.50410
0.48134
0.46732
0.49940
0.60164
0.54680
0.54996
0.58127
0.54294
0.54983
0.46070
0.52436
0.58545
0.63184
0.64170
0.73175
0.65892
0.50259
0.49695
0.49865
0.51896
0.47305
0.53867
0.65031
0.61119
0.52883
0.63353
0.66471
0.70111
0.88305
0.89063
0.74532
0.48535
0.36236
0.36175
0.36078
0.37307
0.66655
0.77995
0.78683
0.79608
0.70009
0.52923
0.48911
0.35839
0.43924
0.47715
0.53364
0.61517
0.60463
0.74658
0.74774
0.66290
0.56835
0.63684
0.63856
0.64114
0.61323
0.62883
0.58710
0.48297
0.49595
0.59605
0.46488
0.58574
0.68046
0.63210
0.48118
0.51156
0.80681
0.84059
0.68829
0.64306
0.69489
0.39419
0.45890
0.40335
0.55957
0.58622
0.75160
0.90979
0.90580
0.80858
0.61759
0.67777
0.64514
0.52265
0.67209
0.76243
0.77914
0.73326
0.77959
0.73327
0.79661
0.80321
0.73503
0.62102
0.78609
0.80826
0.57608
0.51323
1.31864
1.21503
1.30879
0.82385
0.72231
0.46426
0.32383
0.26465
0.43807
0.28611
0.69820
0.77276
0.78628
0.79121
0.71523
0.41395
0.26830
0.26614
0.26596
0.37565
0.43545
0.55094
0.69480
0.64975
0.59202
0.59493
0.48760
0.52148
0.61350
0.61755
0.56551
0.62378
0.60213
0.46550
0.45913
0.46282
0.59151
0.60868
0.61028
0.61383
0.61741
0.53595
0.44013
0.45552
0.45727
0.49072
0.58211
0.51908
0.59397
0.61226
0.67592
0.65454
0.64213
0.70171
0.70787
0.71591
0.70799
0.57358
0.32513
0.26591
0.27020
0.68026
0.70797
0.59352
0.64774
0.56823
0.57117
0.57612
0.62737
0.46359
0.47838
0.48565
0.40249
0.26526
0.32343
0.56928
0.58690
0.69725
0.70186
0.70894
0.61843
0.44956
0.44151
0.45117
0.27960
0.41472
0.53861
0.57267
0.75816
0.74533
0.65754
0.66088
0.50638
0.72568
0.77725
0.78046
0.69008
0.69542
0.62475
0.62530
0.62734
0.67562
0.87073
