0.51161
0.52603
0.45581
0.51668
0.95483
1.16982
0.82458
0.85498
0.74743
0.41963
0.37430
0.42925
0.26897
0.30947
0.27994
0.24414
0.33576
0.30573
0.41012
0.41782
0.27509
0.30824
0.22835
0.29406
0.34816
0.31100
0.40952
0.36248
0.32277
0.30487
0.18794
0.28390
0.26277
0.33382
0.38453
0.30772
0.33026
0.25908
0.21301
0.28380
0.22461
0.37498
0.34748
0.34722
0.32877
0.18954
0.28399
0.19807
0.31314
0.37350
0.29237
0.40315
0.22890
0.28225
0.27063
0.19974
0.31941
0.27934
0.38107
0.36588
0.25337
0.28111
0.18708
0.28068
0.27934
0.34438
0.39256
0.30609
0.36211
0.19913
0.27237
0.27530
0.22475
0.38361
0.29392
0.43152
0.52738
0.40837
0.42268
0.22468
0.28010
0.23814
0.22810
0.28026
0.23614
0.37229
0.29849
0.38290
0.39197
0.25376
0.28164
0.18811
0.27872
0.23251
0.23456
0.28139
0.20023
0.37614
0.28770
0.38239
0.38860
0.30057
0.27832
0.18463
0.27630
0.21340
0.26717
0.34683
0.59424
0.77886
0.63137
0.67692
0.62112
0.73240
0.66169
0.54044
0.60491
0.48145
0.85434
0.49654
0.58826
0.57140
0.66071
0.62072
0.64492
0.67465
0.49500
0.56671
0.47658
0.57614
0.49835
0.56848
0.49013
0.63241
0.58875
0.31266
0.38910
0.41934
0.42718
0.18638
0.27549
0.18624
0.27691
0.19032
0.27305
0.22137
0.30677
0.35423
0.29989
0.39284
0.30870
0.29395
0.18738
0.27715
0.18799
0.27918
0.19011
0.28003
0.27920
0.34937
0.49497
0.44046
0.39621
0.30693
0.38724
0.25572
0.28123
0.27862
0.59898
0.49963
0.36022
0.36027
0.22786
0.28197
0.32724
0.97832
0.84363
0.56185
0.31678
0.34012
0.48681
0.73431
0.76554
0.59465
0.35983
0.78813
1.39493
1.52802
1.14528
0.86884
0.98747
1.01942
1.10405
0.84049
0.90345
0.80881
0.80455
0.71901
0.73612
0.65056
0.56913
0.67889
0.59480
0.72011
0.55394
0.61370
0.52709
0.59919
0.62143
1.23820
2.03996
0.26789
0.40602
0.32096
0.42569
0.35680
0.41248
0.30193
0.23589
0.30993
0.21840
0.30988
0.21929
0.31087
0.32091
0.38457
0.40550
0.35140
0.42993
0.29225
0.31029
0.21866
0.30975
0.21813
0.31036
0.23717
0.31131
0.39483
0.33063
0.42602
0.33554
0.43449
0.26419
0.41504
0.38037
0.28586
0.28620
0.24105
0.30978
0.26198
0.40677
0.32838
0.42676
0.34328
0.42205
0.31581
0.24459
0.30764
0.21743
0.30759
0.21649
0.30843
0.28620
0.39045
0.41463
0.35739
0.42885
0.22545
0.33655
0.24639
0.33637
0.37377
0.38995
0.45260
0.36594
0.41405
0.24546
0.33638
0.26798
0.35215
0.41239
0.37242
0.45430
0.37121
0.37421
0.24558
0.33730
0.28472
