0.79291
0.67501
1.07125
1.58786
1.52321
1.65740
1.44073
1.37610
1.34328
1.68352
1.76643
1.48208
1.10173
1.09671
1.09214
0.74630
0.62411
0.64453
0.64829
0.64699
0.65130
0.65435
0.65415
0.66033
0.45564
0.48396
0.40701
0.40490
0.54873
0.59730
0.59577
0.59846
0.59904
0.59837
0.60433
0.60295
0.60926
0.61470
0.61047
0.61581
0.62014
0.69924
0.59684
0.69264
2.06779
2.39439
1.09544
0.75269
0.55806
0.56121
0.56475
0.56836
0.48662
0.36045
0.36457
0.50430
0.48056
0.42071
0.42107
0.42168
0.42439
0.42643
0.43146
0.44089
0.24532
0.23306
0.23418
0.23503
0.35920
0.42969
0.43133
0.43237
0.43338
0.43431
0.43512
0.43738
0.46342
0.53962
0.46097
0.46360
0.59136
0.40618
0.23163
0.23111
0.23602
0.22983
0.39055
0.45420
1.30323
2.88592
4.67398
4.73137
5.53894
5.52618
5.53922
5.73124
6.31517
6.41853
1.77301
0.28988
0.23575
0.23495
0.35387
0.42599
0.42767
0.42959
0.48350
0.57480
0.54821
0.64809
0.39814
0.30601
0.57033
2.99884
3.44525
3.75869
4.92569
0.43225
0.49056
0.73193
2.21953
1.88257
2.40470
1.98523
2.84691
4.73523
6.81042
4.82311
0.48330
0.44730
0.40756
0.37421
0.46795
0.97458
0.82853
0.82807
0.43856
0.22664
0.22654
0.22663
0.22652
0.74406
0.55465
0.44550
0.44762
0.45205
0.28222
0.24643
0.24758
0.24730
0.29019
0.43930
0.44139
0.44452
0.44815
0.39240
0.54803
0.47972
0.24608
0.24569
0.37825
0.43909
0.43885
0.44184
0.44692
0.29766
0.24406
0.24397
0.36637
0.68875
0.44126
0.43955
0.44142
0.44423
0.44325
0.24472
0.24482
0.24545
0.24598
0.35454
0.46517
0.47251
0.78349
1.35032
1.06607
0.55247
0.34008
0.32256
0.32215
0.31403
0.39827
0.50193
0.47458
0.44571
0.73119
0.72371
0.39861
0.24968
0.25029
0.25045
0.25078
0.39554
0.44456
0.44563
0.44633
0.44764
0.46162
0.86182
0.55354
0.45429
0.45649
0.45928
0.46335
0.46945
0.48026
0.58495
0.38925
0.25285
0.25280
0.25273
0.93562
1.13393
0.63724
0.44419
0.44616
0.44911
0.41156
0.25199
0.25196
0.25195
0.25163
0.39814
0.44361
0.73789
0.66950
0.44959
0.36204
0.25246
0.29250
0.29618
0.28703
0.46905
0.47048
0.47241
0.47450
0.47851
0.35422
0.28088
0.37494
0.67699
0.33414
0.47188
0.47316
0.47476
0.47691
0.48069
0.32847
0.28080
0.30159
0.28076
0.37950
0.47187
0.47335
0.48217
0.47503
0.48003
0.48488
0.67472
0.77043
0.28781
0.28942
0.29417
0.27701
0.30673
0.43080
0.41252
0.41710
0.81795
0.67041
0.43643
0.27335
0.27303
0.27363
0.27409
0.43574
0.46556
0.46638
0.46769
