0.36462
0.36250
0.43334
0.32088
0.31752
0.32117
0.26109
0.22488
0.26160
0.35544
0.35805
0.36314
0.29131
0.37189
0.51947
0.76747
0.77395
0.76602
0.76608
0.77803
0.78084
0.76592
0.65337
0.72052
0.57301
0.54113
0.71931
0.76823
0.77822
0.70720
0.55794
0.47539
0.49044
0.47520
0.52613
0.63732
0.68394
0.68910
0.84980
0.80330
0.85868
0.71075
0.73603
0.72282
0.70910
0.95463
1.00469
1.01715
0.59224
0.55244
0.63040
0.74434
0.68856
0.72100
0.71049
0.66028
0.68974
0.53880
0.55030
0.80592
0.92702
1.30673
0.70311
0.77257
0.69940
0.51173
0.46934
0.37245
0.41200
0.48263
0.52074
0.37041
0.40622
0.50882
0.50348
0.38339
0.30614
0.21469
0.21481
0.23794
0.30455
0.35733
0.44380
0.34774
0.35137
0.26475
0.21770
0.21488
0.21428
0.21396
0.23863
0.34184
0.43064
0.44752
0.33411
0.25465
0.21465
0.25092
0.34303
0.34124
0.21476
0.21536
0.25593
0.38860
0.42352
0.43839
0.32354
0.29115
0.30791
0.32978
0.44108
0.38099
0.34780
0.34804
0.35196
0.26637
0.21569
0.23291
0.30450
0.31268
0.37873
0.34360
0.35201
0.29509
0.22157
0.24449
0.34146
0.33888
0.21433
0.21436
0.21398
0.26468
0.51951
0.43989
0.43189
0.27314
0.21547
0.21423
0.21451
0.21483
0.26512
0.34519
0.35002
0.35673
0.27790
0.21455
0.26424
0.30569
0.30969
0.32826
0.34565
0.35070
0.35422
0.26696
0.21825
0.21554
0.30995
1.25072
1.29145
1.29794
0.68647
0.65173
1.39304
1.41250
1.35013
1.40989
1.72315
1.25795
0.65683
0.73364
0.79930
0.87970
0.73196
0.58864
0.94230
1.08052
1.23894
1.15711
1.55465
1.06244
1.16374
1.29723
1.19586
0.63874
0.59360
0.60870
0.96172
0.83636
0.61259
1.29441
0.40600
0.47742
0.63656
0.70005
0.23590
0.23620
0.23645
0.23942
0.36899
0.85997
0.41589
0.29598
0.23720
0.23707
0.30839
0.33157
0.85281
0.37545
0.37009
0.37484
0.35665
0.24303
0.23863
0.27913
0.36774
0.95332
0.42112
0.37493
0.35212
0.33817
0.50664
0.36830
0.36276
0.23691
0.23709
0.23982
0.23971
0.23940
0.27911
0.36892
0.37208
0.40867
0.37668
0.33203
0.29553
0.23640
0.23585
0.23652
0.33977
0.37074
0.37558
0.30075
0.24211
0.23826
0.28579
0.40602
0.46167
0.37717
0.23572
0.31930
0.29440
0.36781
0.36862
0.33320
0.23683
0.23557
0.23556
0.30146
0.32732
0.42487
0.39454
0.36956
0.37861
0.24648
0.35455
0.36277
0.25094
0.23792
0.29950
0.39037
0.45698
0.46404
0.35488
0.23194
0.23237
0.23218
0.23188
0.30969
0.36420
0.45002
0.37339
0.25026
0.31072
0.32381
0.32814
0.24958
0.28425
0.36144
