95.21273
120.64013
124.88173
86.67288
69.51938
69.91690
70.82933
70.71457
69.77495
72.53275
72.80375
73.14632
73.03803
71.71042
71.56335
71.50765
71.52112
71.96257
81.60533
101.38527
120.18157
91.49185
154.16827
140.53827
73.55722
108.18072
108.89837
73.39243
118.18622
102.20660
73.94947
122.07455
92.53177
84.66935
124.85215
93.95827
140.65350
172.01735
141.08255
172.12833
130.47377
129.14485
160.20082
135.65247
172.71478
143.96042
181.51127
178.32437
139.92110
92.10887
124.74120
124.64552
120.88193
80.03930
124.04032
162.64548
176.00033
177.96763
111.96445
129.53470
174.61400
175.69142
176.41757
176.95958
176.36860
161.66345
123.33107
124.30828
124.46655
125.35300
127.97802
127.74010
149.43933
176.51943
161.46073
141.00450
165.26887
186.61803
175.95727
176.50107
155.89312
124.21970
127.24027
129.22843
128.89220
125.69928
107.03052
88.39312
125.26542
124.33578
123.79217
134.18413
174.84940
137.04642
175.85172
136.12102
123.42947
92.05845
74.71210
71.75620
70.78045
72.02470
72.60438
119.74102
125.21955
123.46818
104.92512
70.83770
117.63740
120.07898
119.71125
119.37210
121.01025
90.81277
87.81827
119.49483
119.38310
94.66553
67.63473
67.88053
68.42952
68.10567
68.95413
73.57077
118.63183
85.82055
84.88663
118.59155
81.22677
118.61342
119.55385
118.70435
103.02422
70.98263
75.85890
70.73373
70.49558
72.18168
69.44683
70.53673
70.33878
96.03908
100.32017
70.13337
116.07903
98.89142
67.73668
65.16618
65.42500
64.70678
65.03372
65.49943
66.82137
70.49825
68.59835
67.56693
67.50580
67.93410
70.99650
71.60613
70.67792
70.58375
70.00473
69.61118
69.08892
70.38018
70.61098
70.48447
70.37063
70.80672
74.66195
72.27825
69.96435
70.07495
69.15773
69.97450
76.15857
74.83058
80.46212
74.99892
72.52315
72.39198
71.70293
76.66827
79.43598
73.35483
71.93273
72.13985
71.60872
71.75700
72.91897
71.30932
71.90892
72.05408
71.04387
71.06657
72.01968
71.85643
72.01762
72.54180
72.39068
72.52422
78.23638
72.66998
72.16965
78.70948
71.71370
72.28848
71.73698
72.66800
71.86517
71.71485
72.44772
72.36928
73.11023
73.67592
73.81822
74.03393
74.43357
72.77532
70.90418
71.01265
71.51677
72.62375
75.28982
72.56867
72.73342
72.98228
73.74748
73.09472
73.16307
72.94838
73.64837
72.32468
72.06798
70.59303
71.03213
76.61297
71.87660
71.35675
72.62050
72.24362
72.64713
79.49932
73.67238
73.91352
74.18777
74.22517
73.07500
73.05902
72.73467
72.69877
73.16487
73.16713
73.27745
74.09352
73.28988
73.10842
73.01443
74.77662
78.14722
72.15705
72.35483
71.53942
71.76547
71.93268
72.37365
71.99837
78.94360
83.72028
84.17018
68.92320
68.48713
70.88898
74.41188
73.53170
73.23367
72.97315
68.85843
67.52887
66.75388
67.00327
68.48070
69.47077
72.79857
73.32638
73.10183
72.59358
