44.74970
44.66807
46.06005
46.03403
46.34237
46.63728
44.25890
42.75923
42.84705
42.89492
43.22832
46.82507
47.82632
45.15690
42.37797
41.81138
46.33797
46.01952
46.08132
45.64592
46.61902
45.16713
43.05605
45.23013
46.33982
44.71573
43.19070
42.53168
43.53935
38.51800
34.52222
12.59250
12.75937
22.85175
35.35582
30.88468
11.20023
11.78337
13.86103
13.86605
13.99070
15.32665
12.80583
16.55133
18.29407
16.58448
14.28145
12.96470
11.77002
11.00725
12.21180
17.23982
9.86347
8.25467
8.73490
8.47748
8.15195
9.18992
9.23000
9.10347
9.78940
9.96460
10.51782
10.90220
10.45298
8.58072
8.27778
8.40387
13.22157
13.31505
14.66588
14.84688
14.68212
14.65512
14.78898
13.13405
7.95920
7.99830
8.20377
8.20162
8.71088
8.67538
8.19915
7.90135
8.14607
8.34583
9.40785
9.42517
10.08632
10.19133
9.59187
9.47310
9.75200
8.90450
8.96742
6.91707
6.97117
5.61575
5.98378
6.70390
7.02100
6.67970
6.10147
6.11988
5.97237
5.89033
6.68825
6.71060
6.39713
6.12523
6.65765
7.05772
7.83665
8.30292
8.20123
6.12592
6.08358
6.10247
5.82485
6.34338
6.77852
6.54683
6.14627
6.16255
6.09013
7.58188
7.24977
8.28017
8.85167
7.11395
7.34802
6.87397
6.96888
6.96582
6.62913
5.59403
5.72207
5.59310
6.03050
6.31988
6.77647
6.84810
7.46125
7.76605
8.10562
8.42132
8.78802
8.69043
8.24343
8.82193
9.33855
9.54833
9.23645
10.73032
14.84882
12.11272
11.48675
16.00432
12.76147
14.74760
17.01327
10.92945
11.83942
13.92525
12.17080
13.18165
12.39323
11.61993
10.85515
10.51908
8.24082
8.78455
9.76070
10.77392
9.82755
10.19108
10.98295
10.96380
9.82360
9.57982
9.69283
8.92695
8.53090
9.37160
7.18637
7.26012
7.06160
6.24020
6.11545
6.02110
6.36125
7.01575
6.38907
5.74597
6.21180
5.49775
6.26757
6.11555
7.39945
7.09255
7.73870
5.92077
5.27050
5.69687
5.83012
5.14445
5.12830
5.76303
5.07648
5.07797
5.31175
6.18123
6.06742
6.01175
6.45680
6.13380
5.54828
5.70172
6.49830
5.98832
5.73323
5.33732
5.12060
4.60018
4.66872
5.13012
5.16892
5.16620
6.06687
6.59065
6.28528
6.18753
6.65555
6.63943
6.10100
5.51570
4.94658
4.95307
5.10927
6.11022
6.18907
6.26087
6.25037
6.21717
6.10053
4.92302
5.61738
6.01465
6.19393
6.22002
6.32797
6.18733
6.19445
6.47823
6.46190
5.86930
5.21608
5.74332
6.71163
11.13702
10.91117
9.39855
6.03952
6.03152
6.57625
6.50367
6.60367
6.64472
6.70828
7.82090
17.63752
16.88880
16.66163
23.69363
23.95808
23.72667
29.61900
32.65027
35.36593
39.62685
22.00488
21.19575
20.05508
20.48033
21.83247
21.86438
22.66638
23.31863
