29.58280
47.45648
36.45215
27.31795
36.20477
36.91822
31.20968
36.63400
34.86160
31.74958
42.64458
32.88102
27.44480
52.79202
29.36978
38.12848
45.28760
32.26492
34.25663
46.66422
40.37510
36.24855
52.40823
40.53683
42.70757
46.22353
38.83585
51.67875
40.57617
40.05060
48.41300
34.17250
49.12852
33.54022
36.20758
45.74798
33.34805
50.33800
34.18797
27.65237
45.43942
33.13755
50.85242
33.38738
38.09688
46.19493
32.61670
48.09792
35.56807
40.83530
44.35918
33.74623
50.66945
33.54623
44.78323
40.31977
38.97802
45.78933
37.35867
47.88532
46.46175
42.56892
52.93782
33.87918
49.18030
34.29473
32.38955
41.24343
33.05838
49.33990
30.37785
39.09017
35.06448
34.08290
39.36728
31.19313
40.46957
25.56927
41.37728
28.81073
39.31400
27.66670
48.26345
33.70038
49.24437
40.37155
46.67190
32.70198
37.48435
41.06223
27.43112
42.58807
41.46052
27.43173
39.85785
39.39747
31.28390
21.25120
26.97313
29.62030
31.09150
37.14548
37.88833
39.74263
38.50150
36.26477
39.64873
29.34007
24.54893
24.53695
24.35847
22.78997
22.31170
23.69352
30.76897
34.68768
36.31435
32.65037
31.92370
22.87633
21.08857
29.98607
48.33758
40.62662
61.41585
63.31943
41.76563
49.52177
42.24297
37.93160
45.64625
57.72505
38.43408
44.44695
59.90580
41.09482
35.66680
41.36518
25.81430
38.49797
37.81113
33.10090
45.66952
38.15965
41.06130
59.50612
33.04010
30.75980
34.49710
31.53105
30.78667
30.89442
38.26577
30.12250
27.73843
42.42617
22.31467
31.60068
38.71195
29.49232
27.67653
36.78900
29.07617
25.34575
31.16508
37.97325
24.60027
28.86778
35.88520
31.03207
24.15193
17.95443
31.91890
8.67648
16.05003
9.99738
27.27282
15.42783
8.42983
16.76238
23.54387
12.83167
13.62805
16.87080
21.40235
8.98367
13.82975
26.25697
9.77893
16.35003
20.36465
22.28803
12.60948
19.36682
25.03243
15.91210
14.94382
27.21860
16.87930
11.12368
31.50143
11.00988
17.94723
25.37647
16.40025
17.76423
22.82865
23.48472
11.81212
28.91863
16.17738
19.98553
18.87960
33.73825
22.97945
33.83582
32.18133
31.06632
27.29577
36.66370
25.75888
28.56257
38.72593
25.15372
30.80833
35.59455
27.85717
27.92732
39.38478
29.21817
29.47012
42.65312
29.30985
32.43785
41.73342
37.53940
27.68117
48.55598
34.13687
25.64868
49.13830
36.05133
26.67178
49.67492
35.69600
26.21128
51.55313
36.98202
27.94257
49.85540
31.20832
30.37072
51.36305
31.40453
36.73483
47.59100
30.44910
43.12838
43.60005
31.55788
45.77165
39.98447
32.19823
46.27283
35.67365
40.19773
45.91267
29.58440
45.68948
36.60180
29.88952
51.27545
36.53053
31.43953
43.29485
36.63893
41.57942
25.07008
37.94763
31.83077
36.32260
23.82260
36.45402
36.50438
35.31963
26.81382
35.70995
35.56795
