4.53847
4.23427
4.32323
3.99863
2.99842
2.17075
1.71952
1.77852
2.25423
1.85527
1.80593
1.80955
1.81513
1.81922
1.82688
1.83825
1.84682
2.22457
2.38020
2.29117
2.23953
1.54258
2.06888
3.23533
3.25503
2.24573
2.89630
2.74043
2.82693
3.47732
4.93602
3.35467
4.29548
2.60895
3.15810
3.19143
2.77467
0.95810
0.92772
0.93212
1.73052
1.99425
2.00647
2.00355
1.48202
1.48547
1.49453
1.12355
0.93548
0.93528
0.93785
1.11432
1.59033
1.97083
1.98948
1.89592
0.94677
0.95642
0.95702
0.95583
0.95223
1.27215
1.48698
1.74823
2.01402
2.02787
2.04235
1.61990
0.95690
0.95513
0.95435
0.95190
0.95387
0.95233
0.95515
1.51883
2.01165
2.02563
1.99832
1.49812
1.50463
1.51527
1.10412
0.96837
0.96632
0.96202
1.13852
1.47455
1.74518
1.97850
1.48510
1.25473
0.96543
0.96723
0.97052
0.96230
1.04158
1.53415
2.00748
2.02720
1.98813
1.50438
1.45207
0.96987
0.95968
0.95662
0.95470
0.96108
0.95745
1.46815
1.47762
1.71258
1.47922
1.48878
1.49567
1.49772
1.50980
1.32192
0.96073
0.95917
1.41110
1.46977
1.13843
0.96713
1.44423
1.45777
1.51113
0.96693
1.03607
1.03467
1.03758
1.34973
2.06767
1.79830
1.56515
1.57020
1.98153
5.56380
9.81590
13.22018
13.42083
15.07917
15.57003
16.15930
16.51480
16.19233
17.20725
17.36678
23.03932
4.79027
1.52273
1.59722
1.46392
1.16002
2.48747
2.58272
4.01280
3.12147
3.04882
3.54293
3.70095
2.75220
3.69228
2.02562
1.78718
1.51950
2.21247
1.11067
1.55557
1.44612
1.42600
1.58115
1.60512
1.29538
1.07983
1.08578
1.08123
1.06945
1.57958
1.60895
2.06518
2.07693
1.61533
1.62648
1.16155
1.06100
1.05085
1.05570
1.05800
1.06998
1.20508
1.60195
2.02663
2.12060
1.62032
1.62857
1.62832
1.63553
1.64578
1.66180
1.62905
1.59447
1.77065
1.04853
3.14025
3.54533
2.85255
1.66858
1.68193
1.59943
1.60650
1.61237
1.60820
1.61413
1.62032
1.62730
1.92088
1.51153
1.05415
1.05583
1.05745
1.06870
1.06182
1.18233
1.59493
1.57953
1.59777
1.74840
2.10907
1.97810
1.44680
1.06323
1.07677
1.06220
1.05362
1.05518
1.05358
1.11733
1.60710
1.96450
2.10457
1.78233
1.61062
1.63045
1.64327
1.22490
1.07892
1.07222
1.08007
1.08552
1.52397
2.07675
2.00175
1.39737
1.08837
1.09263
1.08570
1.08477
2.58960
1.73368
1.73032
1.74638
2.25593
2.26960
1.88415
1.54437
1.41323
2.03487
2.56292
2.68640
2.68795
2.69485
3.07980
3.70315
3.76485
3.55190
3.58598
3.59948
3.55402
3.10458
2.77882
2.57262
2.88268
3.04113
3.55317
3.61167
3.91347
3.67160
