1.45102
1.45540
1.46050
1.45867
1.45960
2.05665
2.24213
2.27782
2.28985
1.71080
1.45357
1.44977
1.44675
1.44762
1.44698
2.13417
2.23745
2.26620
2.29047
1.58718
1.46737
1.48155
1.48542
1.48398
1.51657
2.19482
2.24983
2.27447
2.32097
1.47190
1.45055
1.45162
1.45457
1.45658
1.56228
2.20467
2.26747
2.29058
2.24518
1.45160
1.45020
1.44695
1.44220
1.44337
1.65588
2.19908
2.26627
2.27262
2.08003
1.43705
1.44673
1.46602
1.46737
1.46590
1.81732
2.21685
2.25087
2.25880
1.86823
1.37863
1.12928
1.13393
1.13560
1.13547
1.64497
1.90722
1.94597
1.96260
1.32835
1.12333
1.12217
1.11810
1.11652
1.11548
1.80930
1.90865
1.93043
1.90705
1.10955
1.13262
1.14402
1.14492
1.14130
1.32020
1.87652
1.94042
1.95910
1.69615
1.13952
1.13777
1.13045
1.10698
1.11268
1.46082
1.87898
1.93908
1.93812
1.38968
1.10283
1.10157
1.10413
1.10400
1.10253
1.65113
1.90522
1.94403
1.96037
1.14290
1.15175
1.09163
1.09255
1.09137
1.13793
1.82100
1.88045
1.90437
1.64997
1.08978
1.09227
1.09002
1.08932
1.08942
1.39430
1.83997
1.89663
1.90723
1.36585
2.53003
1.12592
1.12665
1.12730
2.49815
1.60732
1.87038
3.32103
1.86703
1.09135
2.49167
1.09723
1.10000
2.49780
1.15107
1.84622
3.41800
2.00417
2.51978
1.78353
1.46303
2.93272
1.23428
2.88172
1.86995
3.60043
2.37862
3.70327
1.65883
2.38123
1.86892
2.37813
2.53053
2.18685
3.29393
2.77223
3.69240
2.67720
3.09515
2.02885
3.05882
3.08733
2.21092
3.22233
3.79202
3.85733
3.98963
3.51155
2.90520
1.59200
1.46332
2.36942
1.99845
1.96045
2.23952
3.72622
2.04915
1.50728
2.52543
1.94703
1.50648
1.50607
1.61788
2.20487
3.64192
2.28995
1.64988
1.47027
1.47025
1.47303
1.47003
1.47037
2.00760
2.24770
2.28300
2.08425
1.51260
1.51287
1.51583
1.51542
1.51107
1.60873
2.21587
2.27752
2.29535
1.72300
1.47525
1.47908
1.47693
1.47810
1.47907
2.02837
2.26018
2.29402
2.14885
1.51662
1.51637
1.51568
1.51468
1.48287
1.67608
2.22270
2.28503
2.30243
1.70343
1.47643
1.47393
1.47375
1.47273
1.47297
2.07843
2.26017
2.28848
2.15253
1.50972
1.51060
1.51282
1.50842
1.47108
1.67567
2.21850
2.28097
2.29192
1.76240
1.46872
1.46848
1.46977
1.47038
1.46895
2.06752
2.24748
2.27817
2.20407
1.50978
1.50953
1.50857
1.50462
1.49165
1.65743
2.21367
2.27350
2.28517
1.82457
1.45902
1.45835
1.45807
1.45627
1.45522
2.00635
2.23347
2.27185
2.27892
1.45082
1.45043
1.47880
1.49017
1.49925
1.61035
2.23955
2.29172
2.27600
