5.23245
6.82147
6.30712
6.53613
6.57078
7.25603
3.17432
3.17523
3.18373
3.08327
3.07665
3.08438
3.10152
3.16397
3.09875
2.45660
3.24607
3.42890
3.42580
3.20777
3.30518
3.68287
3.68983
3.71777
3.80925
3.80350
4.04930
3.96085
3.24162
2.94570
4.89040
3.88052
2.43733
2.45122
2.93607
3.15868
3.16340
2.93780
2.85098
5.18108
9.84012
3.64955
4.51915
3.47667
2.67010
2.43552
2.38288
2.79862
2.20073
3.12127
2.33338
2.35225
2.29217
2.44212
2.85642
2.31085
1.89183
2.03568
1.63057
2.00577
1.05278
1.20710
1.72328
1.73190
1.74263
1.79847
2.56608
2.68892
2.04753
1.79412
1.65022
1.66697
1.13053
1.02153
1.43977
1.74883
1.75620
1.75592
1.77493
2.19527
2.28262
2.03147
1.65555
1.62353
1.64332
1.57543
1.57708
2.19657
2.34067
1.91650
1.71158
1.98588
2.30852
1.44917
1.12572
0.99770
1.00345
1.04022
1.03387
1.02742
1.73362
1.76273
1.76320
2.27955
2.85475
2.65198
1.85728
1.66230
1.66305
1.65245
1.66162
1.68192
1.02358
1.72857
1.78283
2.25565
2.87027
2.87250
2.45693
1.89495
2.06145
2.09927
2.19008
2.13723
2.33960
2.77302
3.00145
11.87650
17.00397
16.28863
16.85970
15.46695
15.14793
15.97465
15.72802
16.91403
17.16125
16.76508
1.64592
1.71490
2.67178
2.89728
2.99950
3.66015
3.49560
2.32243
2.36732
2.79010
2.77402
2.46683
3.10773
5.54707
12.09428
16.79085
16.32443
17.08442
18.53453
18.24580
13.80453
1.52045
4.06162
4.37055
2.04522
3.37947
7.21813
6.79082
5.82043
5.96677
6.70695
2.52388
1.79498
2.22387
1.40015
1.08252
1.37398
1.69367
1.69708
1.69917
1.70925
2.09763
1.53113
1.49618
1.61820
1.84213
1.86245
1.89437
1.55877
1.09182
1.49442
1.70883
1.71295
1.71587
1.98345
2.16963
1.58752
1.14740
1.73670
1.83600
1.86242
1.90352
1.51557
1.08980
1.48452
1.71120
1.71627
1.92720
2.16128
2.16703
1.38645
1.30493
1.84025
1.84977
1.87678
1.93278
1.28165
1.09530
1.38583
1.71853
1.82970
2.14822
2.15603
1.98703
1.73688
2.28280
1.84888
1.87232
1.90032
1.79502
1.09837
1.09932
1.10000
1.20378
2.12262
2.15623
2.06930
1.73313
2.20795
2.48318
2.50108
2.52975
2.57898
2.23983
1.10832
3.03232
3.15218
2.12922
2.15152
2.32567
2.04970
2.49350
2.80028
2.82202
2.85182
2.87523
2.97513
2.17225
2.01763
1.46392
1.81892
1.89527
1.88938
1.50763
2.20577
2.20905
2.21997
2.22732
2.23150
2.24172
2.25802
2.27203
2.28625
2.66340
2.77953
3.04705
3.07267
3.13857
2.79108
2.08025
2.10010
2.26418
3.01825
4.93568
4.95883
4.99005
5.35068
4.55542
2.93375
2.34015
