3.01025
2.65318
2.66283
2.67375
2.71342
4.51933
12.52453
9.18850
7.01943
7.77727
6.30202
6.29918
4.91478
3.67280
3.68812
3.39502
3.25030
4.14935
3.54185
2.34448
2.40432
2.54732
2.33155
2.32563
1.71805
1.32002
1.32010
1.32442
1.32860
1.77657
2.29965
2.30768
2.30995
2.31728
2.33755
2.33440
2.02745
1.31635
1.31460
1.31425
1.33055
1.83935
2.50480
2.57798
2.58485
2.58702
2.60218
3.46928
2.66343
2.61238
1.85950
1.60365
1.68725
1.60307
2.00090
2.57197
2.58813
2.62748
2.68808
2.56898
2.44240
2.29913
2.16907
1.30300
1.30552
1.30527
1.30397
1.30728
1.64845
2.29453
2.30098
2.32535
2.32478
2.29618
2.29002
1.68430
1.29260
1.29818
1.29220
1.29412
1.29137
2.07747
2.28847
2.32532
2.32347
2.32498
2.31950
2.03315
1.32015
1.32405
1.32343
1.30335
1.30125
1.74858
2.30720
2.32988
2.32802
2.31273
2.30077
2.29290
1.54998
1.29835
1.29262
1.27678
1.27475
1.27590
2.24952
2.28177
2.45512
2.61733
2.28435
2.36845
2.26447
3.49353
1.27160
5.85252
2.75875
1.29203
1.27607
1.90138
2.27320
3.27967
2.27758
2.36227
2.59135
2.59595
2.85130
3.07620
2.09200
1.43303
1.45522
1.42900
1.28148
1.34457
2.20488
2.27028
2.27195
2.27460
2.27788
2.55230
2.85367
2.27890
2.28297
2.53165
3.64963
5.36778
7.79325
2.47508
2.29333
2.29090
2.31888
3.04207
1.52205
1.31110
1.34142
1.31123
2.31148
5.31088
5.30505
3.17562
2.28628
2.28710
2.34133
1.50845
1.32045
1.31897
1.31883
1.43648
2.35605
2.39668
2.58483
2.92563
3.09967
2.42208
7.68667
5.05660
3.75213
6.83702
8.63370
4.29365
4.95765
5.64440
8.13580
8.13232
8.17875
7.94543
5.38462
2.21528
2.32498
2.33205
2.35150
2.66973
2.33922
2.33755
2.33820
2.33178
1.61662
1.35027
1.35168
1.35352
1.35290
1.35503
1.68017
2.34003
2.35330
2.35068
2.34790
2.13142
1.35703
1.35727
1.35660
1.35605
1.35578
1.35585
2.28300
2.35390
2.35865
2.35485
2.34763
1.64792
1.35727
1.35647
1.35672
1.35665
1.35660
1.89242
2.33983
2.35110
2.35417
2.35253
2.09240
1.35768
1.35675
1.35642
1.35635
1.35520
1.56862
2.32913
2.34572
2.35295
2.35470
2.36230
1.48487
1.35620
1.35632
1.35678
1.35553
1.35503
2.23758
2.33393
2.35095
2.34965
2.34943
1.86378
1.35240
1.34987
1.34872
1.34795
1.34900
1.96345
2.31965
2.33318
2.34410
2.32642
2.22125
1.34128
1.34125
1.33910
1.33905
1.33840
1.67765
2.32005
2.32848
2.34332
2.32812
2.32578
1.59115
1.33183
1.33117
1.33043
1.33060
1.37920
2.30430
2.31485
2.34130
2.34180
2.32160
2.16088
