3.26752
4.17762
4.57313
4.59935
4.28610
3.82710
3.07418
2.42773
2.42063
2.41900
3.08820
3.99878
4.91410
5.00858
4.73345
3.94583
3.98097
3.32355
2.40667
2.98185
3.00437
3.00907
3.01998
4.23098
3.89227
3.89945
3.91692
3.97365
4.58468
3.87790
3.89293
3.91478
4.10132
2.70185
3.12748
2.90055
2.88888
3.46718
3.49002
3.65515
2.78428
2.75812
2.17680
2.19345
2.20192
2.50112
2.57210
2.64658
2.65703
2.68383
2.67995
2.00747
2.56615
2.67595
2.71445
2.46247
3.33160
3.56445
3.59843
3.62667
3.67627
3.12633
2.13397
2.16203
2.19248
2.23358
2.28698
3.44270
3.34057
3.10328
3.12828
5.04348
5.19662
3.34367
2.78427
2.01570
1.69953
1.75555
2.27273
3.15725
3.85977
3.89578
3.92068
3.17415
2.52048
2.40670
2.33662
2.49702
3.00820
2.73398
2.74982
2.90633
2.71468
2.74915
2.30348
2.62178
2.92723
3.15922
3.20852
3.65873
3.29458
2.51293
2.48477
2.49327
2.59478
2.36523
2.69335
3.25155
3.05593
2.64413
3.16765
3.32357
3.50553
4.41523
4.45315
3.72658
2.42673
1.81180
1.80877
1.80392
1.86535
3.33275
3.89975
3.93417
3.98038
3.50047
2.64615
2.44553
1.79195
2.19622
2.38575
2.66822
3.07587
3.02317
3.73292
3.73868
3.31448
2.84173
3.18420
3.19280
3.20568
3.06615
3.14417
2.93550
2.41487
2.47973
2.98027
2.32442
2.92872
3.40228
3.16052
2.40588
2.55782
4.03403
4.20295
3.44147
3.21532
3.47445
1.97095
2.29452
2.01677
2.79783
2.93110
3.75800
4.54895
4.52900
4.04292
3.08797
3.38883
3.22572
2.61327
3.36043
3.81215
3.89572
3.66628
3.89797
3.66637
3.98307
4.01607
3.67517
3.10508
3.93045
4.04132
2.88042
2.56613
6.59320
6.07515
6.54395
4.11927
3.61153
2.32128
1.61917
1.32323
2.19033
1.43053
3.49102
3.86382
3.93140
3.95605
3.57615
2.06975
1.34148
1.33070
1.32982
1.87825
2.17725
2.75468
3.47402
3.24873
2.96012
2.97467
2.43802
2.60740
3.06750
3.08773
2.82753
3.11888
3.01063
2.32752
2.29567
2.31412
2.95757
3.04338
3.05140
3.06913
3.08707
2.67973
2.20067
2.27758
2.28633
2.45362
2.91057
2.59538
2.96985
3.06128
3.37962
3.27272
3.21063
3.50857
3.53933
3.57957
3.53997
2.86790
1.62567
1.32955
1.35098
3.40130
3.53983
2.96760
3.23872
2.84113
2.85587
2.88062
3.13683
2.31793
2.39188
2.42823
2.01247
1.32632
1.61717
2.84642
2.93450
3.48627
3.50932
3.54472
3.09217
2.24782
2.20755
2.25585
1.39800
2.07362
2.69307
2.86335
3.79080
3.72667
3.28770
3.30440
2.53190
3.62840
3.88627
3.90232
3.45038
3.47708
3.12377
3.12652
3.13672
3.37810
4.35363
