2.55803
2.63013
2.27903
2.58338
4.77415
5.84910
4.12288
4.27490
3.73713
2.09817
1.87150
2.14627
1.34483
1.54735
1.39970
1.22068
1.67878
1.52863
2.05062
2.08912
1.37547
1.54120
1.14175
1.47028
1.74080
1.55502
2.04760
1.81240
1.61385
1.52437
0.93968
1.41950
1.31383
1.66908
1.92267
1.53862
1.65128
1.29538
1.06503
1.41900
1.12303
1.87492
1.73742
1.73612
1.64385
0.94772
1.41995
0.99035
1.56570
1.86748
1.46183
2.01575
1.14452
1.41123
1.35317
0.99870
1.59705
1.39672
1.90537
1.82942
1.26685
1.40555
0.93540
1.40338
1.39672
1.72188
1.96280
1.53047
1.81053
0.99563
1.36185
1.37650
1.12377
1.91807
1.46962
2.15758
2.63690
2.04187
2.11340
1.12342
1.40052
1.19068
1.14048
1.40130
1.18070
1.86145
1.49247
1.91448
1.95983
1.26878
1.40818
0.94053
1.39360
1.16257
1.17278
1.40693
1.00117
1.88068
1.43848
1.91195
1.94300
1.50283
1.39158
0.92313
1.38150
1.06698
1.33585
1.73413
2.97120
3.89432
3.15683
3.38458
3.10562
3.66202
3.30843
2.70222
3.02455
2.40725
4.27168
2.48270
2.94130
2.85702
3.30355
3.10362
3.22462
3.37327
2.47498
2.83355
2.38288
2.88068
2.49173
2.84240
2.45065
3.16203
2.94373
1.56332
1.94550
2.09668
2.13588
0.93192
1.37747
0.93118
1.38455
0.95160
1.36527
1.10683
1.53387
1.77113
1.49943
1.96418
1.54348
1.46977
0.93688
1.38577
0.93993
1.39590
0.95055
1.40013
1.39600
1.74685
2.47487
2.20230
1.98107
1.53467
1.93622
1.27862
1.40613
1.39310
2.99488
2.49817
1.80108
1.80135
1.13932
1.40987
1.63620
4.89162
4.21813
2.80925
1.58392
1.70058
2.43407
3.67153
3.82770
2.97323
1.79917
3.94067
6.97463
7.64010
5.72642
4.34422
4.93733
5.09712
5.52023
4.20247
4.51725
4.04403
4.02273
3.59505
3.68058
3.25278
2.84563
3.39447
2.97400
3.60053
2.76972
3.06852
2.63547
2.99593
3.10713
6.19098
10.19980
1.33943
2.03012
1.60478
2.12843
1.78398
2.06240
1.50965
1.17945
1.54965
1.09198
1.54938
1.09647
1.55433
1.60455
1.92287
2.02748
1.75702
2.14965
1.46125
1.55145
1.09332
1.54875
1.09065
1.55178
1.18587
1.55655
1.97417
1.65315
2.13008
1.67772
2.17245
1.32095
2.07520
1.90185
1.42930
1.43100
1.20527
1.54888
1.30990
2.03385
1.64192
2.13382
1.71640
2.11025
1.57905
1.22293
1.53820
1.08715
1.53795
1.08245
1.54215
1.43098
1.95227
2.07315
1.78693
2.14423
1.12723
1.68277
1.23195
1.68183
1.86885
1.94975
2.26298
1.82968
2.07023
1.22732
1.68188
1.33990
1.76073
2.06195
1.86212
2.27152
1.85607
1.87107
1.22788
1.68650
1.42362
