3.96457
3.37505
5.35627
7.93928
7.61605
8.28698
7.20367
6.88052
6.71638
8.41760
8.83213
7.41042
5.50867
5.48355
5.46072
3.73148
3.12057
3.22263
3.24147
3.23497
3.25652
3.27177
3.27077
3.30163
2.27820
2.41978
2.03503
2.02452
2.74363
2.98648
2.97883
2.99228
2.99520
2.99187
3.02165
3.01473
3.04632
3.07348
3.05237
3.07903
3.10070
3.49618
2.98418
3.46318
10.33897
11.97197
5.47722
3.76343
2.79028
2.80603
2.82375
2.84180
2.43308
1.80223
1.82287
2.52152
2.40280
2.10353
2.10537
2.10838
2.12197
2.13213
2.15728
2.20443
1.22660
1.16530
1.17092
1.17517
1.79598
2.14843
2.15667
2.16185
2.16690
2.17155
2.17558
2.18688
2.31712
2.69810
2.30485
2.31800
2.95678
2.03090
1.15813
1.15557
1.18010
1.14915
1.95273
2.27102
6.51617
14.42958
23.36988
23.65683
27.69468
27.63088
27.69612
28.65622
31.57587
32.09263
8.86503
1.44942
1.17875
1.17473
1.76933
2.12997
2.13833
2.14797
2.41752
2.87398
2.74107
3.24047
1.99072
1.53003
2.85163
14.99422
17.22623
18.79343
24.62847
2.16127
2.45278
3.65965
11.09763
9.41283
12.02350
9.92617
14.23455
23.67617
34.05212
24.11553
2.41652
2.23650
2.03782
1.87105
2.33973
4.87288
4.14267
4.14037
2.19278
1.13320
1.13270
1.13313
1.13260
3.72032
2.77325
2.22750
2.23808
2.26023
1.41112
1.23213
1.23792
1.23648
1.45095
2.19648
2.20693
2.22260
2.24073
1.96200
2.74013
2.39860
1.23038
1.22847
1.89123
2.19543
2.19423
2.20918
2.23460
1.48830
1.22032
1.21985
1.83187
3.44377
2.20630
2.19773
2.20712
2.22117
2.21625
1.22360
1.22408
1.22723
1.22992
1.77272
2.32587
2.36255
3.91745
6.75162
5.33035
2.76235
1.70040
1.61282
1.61075
1.57013
1.99137
2.50963
2.37290
2.22857
3.65593
3.61857
1.99307
1.24840
1.25147
1.25225
1.25388
1.97770
2.22282
2.22815
2.23163
2.23818
2.30808
4.30910
2.76772
2.27143
2.28245
2.29640
2.31675
2.34727
2.40128
2.92473
1.94625
1.26425
1.26402
1.26363
4.67808
5.66965
3.18618
2.22093
2.23082
2.24557
2.05782
1.25995
1.25978
1.25973
1.25817
1.99072
2.21807
3.68943
3.34748
2.24797
1.81020
1.26232
1.46250
1.48088
1.43517
2.34523
2.35240
2.36203
2.37248
2.39257
1.77110
1.40438
1.87468
3.38493
1.67070
2.35940
2.36578
2.37380
2.38453
2.40347
1.64237
1.40398
1.50793
1.40382
1.89752
2.35935
2.36677
2.41085
2.37517
2.40015
2.42438
3.37362
3.85217
1.43903
1.44712
1.47083
1.38503
1.53367
2.15402
2.06262
2.08550
4.08975
3.35205
2.18217
1.36673
1.36515
1.36815
1.37047
2.17870
2.32778
2.33188
2.33845
