1.82312
1.81252
2.16668
1.60442
1.58760
1.60585
1.30545
1.12440
1.30800
1.77720
1.79025
1.81568
1.45653
1.85945
2.59733
3.83733
3.86977
3.83008
3.83040
3.89015
3.90422
3.82962
3.26685
3.60258
2.86507
2.70567
3.59655
3.84117
3.89108
3.53600
2.78970
2.37697
2.45220
2.37600
2.63067
3.18662
3.41970
3.44548
4.24898
4.01648
4.29340
3.55373
3.68015
3.61410
3.54548
4.77317
5.02343
5.08573
2.96118
2.76218
3.15202
3.72172
3.44278
3.60500
3.55247
3.30138
3.44872
2.69398
2.75150
4.02962
4.63512
6.53363
3.51557
3.86283
3.49700
2.55865
2.34672
1.86227
2.06002
2.41317
2.60368
1.85207
2.03108
2.54412
2.51738
1.91693
1.53070
1.07347
1.07403
1.18970
1.52277
1.78663
2.21898
1.73868
1.75683
1.32375
1.08848
1.07442
1.07138
1.06982
1.19313
1.70922
2.15322
2.23758
1.67055
1.27327
1.07327
1.25462
1.71513
1.70620
1.07378
1.07682
1.27967
1.94300
2.11760
2.19193
1.61770
1.45573
1.53953
1.64892
2.20540
1.90493
1.73902
1.74022
1.75982
1.33185
1.07845
1.16457
1.52250
1.56342
1.89363
1.71802
1.76005
1.47545
1.10785
1.22247
1.70730
1.69442
1.07163
1.07180
1.06990
1.32342
2.59757
2.19947
2.15943
1.36570
1.07733
1.07117
1.07257
1.07413
1.32558
1.72593
1.75008
1.78365
1.38950
1.07277
1.32118
1.52847
1.54843
1.64128
1.72825
1.75350
1.77112
1.33478
1.09123
1.07770
1.54975
6.25358
6.45727
6.48968
3.43233
3.25867
6.96518
7.06250
6.75067
7.04945
8.61577
6.28973
3.28413
3.66822
3.99652
4.39848
3.65980
2.94320
4.71152
5.40260
6.19468
5.78557
7.77327
5.31220
5.81872
6.48615
5.97928
3.19372
2.96802
3.04348
4.80862
4.18178
3.06295
6.47203
2.03000
2.38710
3.18280
3.50025
1.17952
1.18098
1.18223
1.19712
1.84493
4.29987
2.07945
1.47990
1.18602
1.18533
1.54197
1.65783
4.26407
1.87723
1.85043
1.87422
1.78325
1.21513
1.19317
1.39567
1.83872
4.76658
2.10562
1.87465
1.76058
1.69087
2.53320
1.84150
1.81382
1.18457
1.18545
1.19908
1.19853
1.19700
1.39553
1.84462
1.86038
2.04335
1.88338
1.66017
1.47763
1.18202
1.17927
1.18258
1.69885
1.85368
1.87788
1.50375
1.21053
1.19130
1.42893
2.03010
2.30835
1.88583
1.17860
1.59648
1.47198
1.83907
1.84312
1.66600
1.18417
1.17787
1.17780
1.50732
1.63660
2.12433
1.97272
1.84780
1.89305
1.23242
1.77273
1.81385
1.25472
1.18960
1.49748
1.95187
2.28490
2.32022
1.77438
1.15970
1.16187
1.16092
1.15942
1.54845
1.82102
2.25008
1.86693
1.25128
1.55362
1.61903
1.64070
1.24792
1.42125
1.80722
