2.56973
2.45405
2.30417
2.32433
2.29038
2.30108
2.32752
2.45453
2.78600
3.93210
2.61123
2.13730
1.92583
1.92423
1.95683
1.96835
1.92367
1.92257
1.95748
1.97103
3.01688
1.92022
1.95462
1.96363
2.22488
2.25188
2.28668
2.29617
2.26392
2.28803
2.27468
3.31288
2.34350
2.69235
2.79137
2.47552
1.96680
1.83665
1.87775
1.87267
1.83118
1.83247
2.96823
1.87197
1.83345
1.83250
1.87498
1.86932
1.72905
2.03323
2.09828
2.09887
2.06665
3.15430
2.12748
2.13407
2.09625
2.16890
2.62758
2.66610
2.41495
1.79162
1.77345
1.76002
2.75657
1.72590
1.76815
1.75685
1.72190
1.72168
1.76517
1.75142
1.71213
1.74345
3.14618
2.07582
2.04813
2.04943
2.10113
2.09733
2.07575
2.07295
2.12047
2.30258
2.57620
3.61525
1.89392
1.73290
1.70912
1.70533
1.75732
1.74280
1.71225
1.69600
1.74573
1.73158
2.76672
1.69973
1.88492
2.04998
2.02537
2.03180
2.08438
2.05443
2.04760
3.03893
5.85372
2.61452
2.04980
2.09077
2.32045
2.22778
2.07135
1.68812
1.74233
1.70397
1.68207
2.74040
1.73757
1.70585
1.68170
1.68170
1.73493
1.99662
3.24010
5.17322
2.07485
2.04558
3.11783
2.04638
2.10437
2.06693
3.80182
2.31867
1.83003
1.70165
1.68340
2.06920
2.26670
3.26163
2.09985
5.35918
2.33707
1.70498
1.74348
3.56178
1.79763
1.97893
3.46542
3.63543
4.54392
2.06220
2.04738
2.63615
5.91403
3.39260
3.21848
7.71483
3.51330
3.55567
4.88487
2.59598
3.36830
5.55627
5.32173
1.82463
4.09922
4.50748
4.23660
5.15032
3.91203
5.39485
4.28558
4.30265
3.47782
2.07852
2.08668
2.75663
5.91518
2.42508
2.09668
2.00535
2.86467
1.80490
1.82778
1.82475
1.89992
3.95880
4.49705
1.82013
1.88918
1.82600
2.86057
1.82040
1.90932
2.38828
2.65970
3.13440
6.10277
2.60198
2.17800
2.18107
2.25608
3.28217
2.18623
2.19737
1.92868
1.82597
2.08165
5.59335
2.58880
1.83445
1.83193
1.83250
2.95738
1.82407
1.83178
1.83488
1.91135
2.11305
2.25598
5.92702
3.01345
2.45055
3.75905
2.72352
2.31865
2.18420
2.18625
2.18795
2.06590
1.81960
1.82667
1.83120
4.84728
4.47065
1.82122
1.81930
1.89780
1.86838
1.92632
1.92635
2.00373
2.16068
2.25590
2.38037
3.28578
2.26675
2.28027
5.15313
4.24593
2.79670
2.83930
2.38663
2.34420
1.93438
3.01377
1.92702
2.00212
1.92492
1.92370
1.92258
1.99997
1.92422
1.92375
1.92383
3.80928
5.77045
2.25120
2.25558
2.33525
2.26290
2.26700
2.28333
2.36117
3.82238
2.72923
2.75030
3.97452
2.55702
1.91830
1.92762
2.00510
1.93207
1.93022
1.93092
3.69130
4.35285
