2.44293
2.46098
2.12460
1.09235
1.09205
1.93137
3.35890
2.22253
1.67378
2.60387
1.66403
1.08452
1.53837
1.59365
1.30198
2.59685
2.72028
1.36398
1.68440
1.44627
1.07492
1.77303
1.77173
1.91275
2.80955
1.48775
1.19183
2.72692
1.43002
1.31965
2.08877
1.77770
1.09325
1.89625
1.27742
1.08638
1.92973
1.68642
1.49035
1.96553
1.33020
1.08725
1.77420
1.38095
1.33852
2.04512
1.79950
1.08052
2.51283
1.74320
1.08333
1.55843
1.93420
1.80625
1.86857
1.09097
1.09453
1.86798
1.19778
2.27813
1.47277
1.36078
1.60802
1.64345
2.03592
1.61907
1.19567
2.39583
2.65642
1.75000
1.49077
1.91593
1.93788
1.74447
2.57058
2.10062
2.06915
1.64628
1.09035
1.64358
2.18315
1.80028
2.39678
2.02200
1.17487
1.69605
1.95418
2.18825
2.50082
2.26262
1.74467
2.35183
2.60840
1.79743
3.42362
3.01265
1.50565
3.44587
1.87588
2.42960
3.01667
2.74195
2.71157
2.08137
2.11730
3.41167
3.09730
2.50507
3.24202
4.21210
4.50622
5.73325
4.91887
5.23843
5.12200
4.12602
4.21257
4.92045
5.04998
3.54892
3.19695
3.23535
2.82868
3.22440
2.55032
2.74580
2.36217
2.96770
1.49657
1.87557
1.88390
3.09340
3.34895
2.64755
1.26330
3.69140
2.56850
3.46438
4.23683
3.13365
3.74412
4.83707
4.27168
4.79982
6.08562
4.40367
3.91478
5.39215
5.32730
4.63713
4.82078
5.03407
5.97503
4.18362
2.32823
2.70175
3.74372
2.89397
2.49380
3.23097
1.14152
1.82218
3.75873
3.05273
2.73392
3.29993
2.55572
2.71840
3.29173
2.62685
2.85693
2.85000
2.54635
3.00587
3.71025
3.06043
3.38305
2.23427
2.47828
3.33388
3.16980
3.47108
3.57245
2.00477
2.23947
2.76997
2.62315
3.07308
4.00267
2.52043
2.40507
3.06972
2.44433
3.04295
3.91012
2.89085
2.83153
3.31540
2.08552
2.65845
3.45595
2.33068
2.34008
3.49910
2.50967
2.78125
3.45753
2.49833
2.24090
3.08420
2.57508
3.29098
4.12135
2.80975
2.16613
2.96130
2.11373
2.48170
3.91177
3.32742
2.34758
2.85118
2.10768
2.26540
3.42550
2.96812
2.54708
3.38447
2.55250
2.40730
3.56648
2.87272
2.35140
3.18748
2.74978
2.32345
3.72912
3.12780
2.49852
2.89107
2.34435
2.40930
3.59848
2.62562
3.63415
2.33468
3.03295
2.21368
3.59810
3.88865
3.71175
3.17520
2.17652
2.14588
3.26557
5.40920
4.45305
2.66450
2.01620
2.86655
2.27173
2.58885
3.50455
3.22325
2.58207
2.82783
2.21843
2.57095
3.43155
2.65337
2.34395
3.25182
2.53142
2.74710
3.55748
2.66912
2.04157
3.05525
2.47953
3.00805
3.60182
2.93800
2.14023
3.05780
2.25680
2.62658
3.77938
3.02962
