0.36535
0.35898
0.35945
0.36058
0.31420
0.29911
0.31108
0.32244
0.32508
0.32489
0.23231
0.21872
0.21769
0.21500
0.15478
0.07431
0.04686
0.03437
0.03341
0.03351
0.03359
0.03304
0.03341
0.03368
0.03302
0.03238
0.03268
0.03282
0.03311
0.03300
0.03352
0.13671
0.15496
0.15613
0.15725
0.15846
0.16017
0.16787
0.17019
0.26956
0.27822
0.24636
0.04079
0.04403
0.04455
0.04434
0.04473
0.04045
0.03980
0.03878
0.03849
0.03782
0.03891
0.03980
0.04235
0.04212
0.04112
0.14368
0.14019
0.14187
0.14285
0.14421
0.14957
0.15491
0.15548
0.15600
0.15672
0.20343
0.15338
0.14319
0.07736
0.03320
0.03171
0.03156
0.03123
0.03113
0.03085
0.03137
0.03464
0.03439
0.03564
0.08757
0.15671
0.14401
0.14417
0.14889
0.15536
0.16093
0.17006
0.17278
0.17352
0.08425
0.03597
0.03858
0.03867
0.03870
0.04003
0.03751
0.03646
0.03291
0.03275
0.04878
0.14500
0.22299
0.25725
0.17318
0.15248
0.15106
0.15097
0.15530
0.15476
0.20325
0.21785
0.22117
0.52592
1.48222
1.11675
0.17466
0.05682
0.05711
0.05708
0.05666
0.05645
0.05647
0.05683
0.05630
0.05575
0.05539
0.05571
0.05569
0.05579
0.05608
0.05621
0.05855
0.06478
0.16636
0.17000
0.12065
0.05965
0.05962
0.05969
0.11385
0.17600
0.17831
0.17778
0.18166
0.18301
0.18938
0.17570
0.18337
0.15963
0.15911
0.16199
0.11073
0.12806
0.14196
0.13390
0.03284
0.03375
0.03329
0.03354
0.03312
0.03344
0.03364
0.03312
0.03368
0.03368
0.03365
0.03303
0.03344
0.03339
0.03341
0.03322
0.03346
0.03353
0.03346
0.03315
0.10155
0.14726
0.14826
0.14919
0.14991
0.15041
0.15164
0.15315
0.25022
0.27541
0.27732
0.16747
0.10929
0.03350
0.03411
0.03386
0.03391
0.03365
0.03358
0.03349
0.03371
0.03397
0.03430
0.03481
0.03402
0.03391
0.03432
0.03424
0.03423
0.03427
0.03411
0.03463
0.03395
0.03425
0.03433
0.05013
0.14850
0.14865
0.14997
0.17003
0.26196
0.26394
0.23301
0.15631
0.16456
0.16629
0.16752
0.16806
0.13363
0.03364
0.03399
0.03346
0.03355
0.03356
0.03353
0.03339
0.03334
0.03338
0.03359
0.03339
0.03336
0.03337
0.03378
0.03362
0.03381
0.03357
0.03363
0.03340
0.03338
0.03341
0.03366
0.03442
0.12748
0.18018
0.26112
0.22813
0.15070
0.15179
0.15319
0.15647
0.17980
0.16574
0.16798
0.16876
0.16972
0.09124
0.03413
0.03354
0.03371
0.03532
0.06415
0.06403
0.06454
0.06444
0.06474
0.06487
0.06480
0.06457
0.06539
0.06557
0.06566
0.06550
0.06568
0.06570
0.12173
0.17648
0.26695
0.21484
0.14909
0.14964
0.15108
