8.56313
8.16690
6.66740
6.03400
6.05378
6.04530
6.19488
6.90153
6.94478
7.02323
6.27720
6.76182
6.61105
6.62813
7.08540
7.50435
7.53617
7.08148
6.10647
5.98597
6.33615
6.63810
10.28775
6.92763
6.74485
6.60025
6.60932
6.61490
6.61378
7.37110
7.31113
7.34837
6.95630
6.47463
6.53088
6.48007
7.33598
9.16012
9.19712
11.25122
10.82638
11.14160
7.48272
7.07135
8.11938
8.44548
5.74980
4.26067
4.25890
4.30357
4.30925
5.06468
4.66182
4.65770
4.84103
3.71715
3.59410
3.44180
3.88762
3.80172
3.80517
3.56440
2.91452
3.09785
3.52803
3.53282
4.38530
4.43627
4.47122
3.57693
3.57173
3.77242
3.97585
3.71937
3.80900
3.81732
3.31782
2.92163
2.91865
2.92600
3.58130
4.42195
4.48263
4.44187
3.64388
3.64192
3.66472
3.69805
4.33615
5.68055
5.97668
7.69312
5.91208
5.20100
4.84767
4.87040
7.30327
8.29243
5.78662
5.19613
5.21223
5.22040
5.61950
6.23625
6.63407
6.66255
6.22037
5.93278
5.83220
5.25085
5.27317
6.12352
6.12663
5.98433
5.06288
5.64870
5.75508
5.12453
5.84983
6.47692
6.33242
5.75083
5.72043
6.28280
7.09622
7.15467
5.53577
6.07392
6.54935
6.63445
5.32260
7.08257
5.82962
6.68993
8.79440
7.81208
6.45227
4.52150
4.28665
4.27358
4.28577
4.31543
4.98910
5.76065
5.32185
3.80547
3.70207
3.38567
3.38063
5.03565
6.41777
5.79103
4.89690
4.72233
4.03077
3.73530
5.49480
4.83822
3.51472
4.38457
4.18432
4.41062
4.21752
5.05987
6.18612
5.03182
4.94602
5.28427
5.70707
4.06435
3.46033
9.38320
10.63478
3.96737
7.03225
7.03685
3.21468
3.02598
3.31203
3.66007
3.66720
4.50135
4.57077
3.97300
3.12317
3.03068
3.02490
3.02993
3.70043
3.91178
3.50177
3.03558
3.40853
3.64465
3.66568
4.19608
4.54827
4.35363
3.68968
3.29555
3.03587
3.03323
3.39905
3.91778
3.88192
3.17273
3.66745
3.67097
3.65643
3.88902
4.55753
5.15803
3.80922
3.68592
3.68495
3.71467
3.11472
3.90037
3.93390
3.40395
3.02483
3.05553
3.38633
3.69890
4.42147
4.57907
4.25068
3.69163
3.66597
4.15662
3.61585
4.16257
4.50063
4.20240
2.95810
2.95725
2.95850
2.95762
3.30470
3.83745
4.45182
3.70357
3.59050
3.59850
3.66557
3.75507
4.47725
5.12677
3.99822
3.62805
3.63315
3.63198
3.39672
3.76362
3.85923
3.64770
2.96147
2.96185
2.96397
3.51407
4.13963
4.47563
4.51608
3.61627
3.60640
4.04613
3.75428
3.93523
4.49328
4.51552
3.99438
3.63670
3.64092
3.65573
3.72867
4.54625
4.68473
4.41245
3.50035
5.08885
4.49932
5.16553
7.74338
8.82210
6.72988
5.47453
5.50812
5.50953
