1.29786
1.50808
1.48173
1.41982
1.36749
1.29057
1.28788
1.27192
1.26412
1.23135
1.41086
1.20840
1.58505
2.08482
1.61053
3.20394
2.87556
1.51283
2.83359
2.41994
1.94411
4.85301
2.52152
1.57483
1.18176
1.06409
1.08733
1.25088
1.28703
1.29809
1.32223
1.24529
1.12167
1.09867
0.87456
0.95587
1.03451
0.77295
0.75982
0.80048
0.65954
0.46099
0.44374
0.43481
0.42979
0.55483
0.61163
0.63936
0.88863
0.69673
0.46046
0.31343
2.90973
1.19733
1.29426
3.59250
4.04657
2.16622
0.54663
0.43267
0.29304
0.28417
0.26950
0.22174
0.32355
0.38566
0.38422
0.38255
0.22053
0.21451
0.28583
0.45030
0.45710
0.47975
0.55450
0.54416
0.56068
0.50909
0.39623
0.33347
0.36664
0.30862
0.35992
0.64972
0.72441
0.70284
0.64016
0.54959
0.61306
0.61727
0.61840
0.60236
0.65567
0.60341
0.65571
0.59965
0.52832
0.50400
0.44260
0.42820
0.47672
0.52917
0.68969
0.70285
0.74398
0.69039
0.65148
0.62065
0.53086
0.47101
0.48869
0.38619
0.35526
1.30026
0.35554
1.21504
0.23480
0.19473
0.22346
0.27540
0.41934
0.42169
0.42199
0.30115
0.81285
0.65994
0.18334
0.19558
0.19920
0.26020
0.35107
0.34841
0.34753
0.30277
0.28107
0.27976
0.27925
0.35780
0.32783
0.22550
0.36284
0.37403
0.36734
0.30290
0.21796
0.31500
0.64375
0.79958
0.79908
0.90434
0.93177
0.67418
0.55742
1.25798
1.15340
2.07689
0.47098
0.45989
0.55373
0.61928
0.62983
0.66548
0.48057
0.47316
0.47422
0.47682
0.48013
0.55113
0.54518
0.67880
0.70865
0.65907
0.57532
0.47766
0.47546
0.47751
0.47676
0.48461
0.47963
0.51771
0.57275
0.56050
0.55742
0.45064
0.41586
0.41812
0.42045
0.35887
0.32611
0.33033
0.43643
0.42720
0.40615
0.36448
0.24961
0.24951
0.25012
0.25037
0.27258
0.32327
0.39278
0.48896
0.49008
0.42492
0.26460
0.25148
0.25086
0.25114
0.25039
0.25021
0.28846
0.41067
0.41112
0.41115
0.35215
0.32428
0.32570
0.32764
0.32795
0.25074
0.27738
0.41193
0.41166
0.40902
0.33196
0.25422
0.25406
0.25097
0.25078
0.26778
0.34826
0.48581
0.48839
0.48893
0.39416
0.25062
0.25106
0.25231
0.25374
0.25051
0.27257
0.41156
0.41273
0.41495
0.41233
0.30821
0.32632
0.32793
0.33004
0.32849
0.25673
0.41491
0.41994
0.50949
0.50792
0.46535
0.49502
0.49630
0.49460
0.49067
0.54859
0.81286
0.73494
0.73277
0.73302
0.59746
0.48940
0.48813
0.48947
0.49131
0.55385
0.66470
0.65775
0.65977
0.65853
0.58353
0.56306
0.56391
0.56841
0.56396
0.55926
0.76577
0.65921
0.65642
0.65442
0.55350
0.71033
0.71844
