1.22494
2.09166
1.47123
0.83836
0.86725
0.79419
0.74602
0.84959
0.94575
0.90662
0.84783
0.84342
0.71657
0.63953
0.63843
0.67746
0.85369
0.94088
0.89005
0.85074
0.85138
0.85513
0.99849
1.53916
1.60773
1.46693
1.47179
1.48182
1.64356
1.42253
1.19039
1.20890
1.60763
1.59033
2.48532
2.04809
3.07523
3.80230
3.60651
3.63656
4.13522
4.19486
4.24835
3.86231
4.03743
4.10997
4.06850
4.20024
4.30815
4.41636
4.48850
4.55364
4.38510
3.20107
0.35477
0.63710
2.31851
2.97224
3.27065
3.23606
4.39053
4.98536
0.39411
0.63952
0.67717
0.62005
0.61187
0.39290
0.48741
2.21649
2.81252
1.98147
3.17436
3.75032
3.15940
0.61560
0.44888
0.64108
0.72073
0.84062
0.68955
0.71531
0.49821
0.53741
0.55452
0.64311
0.63738
0.69737
0.60663
0.64833
0.33046
0.33306
0.33175
0.31210
0.44033
0.53722
0.53085
0.42119
0.38820
0.40695
0.40670
0.32282
0.49018
0.51901
0.51575
0.35967
0.41739
0.42466
0.42371
0.54707
0.75699
0.73343
0.85386
0.42700
0.81072
0.72386
0.73562
0.77214
0.76688
0.65644
0.70620
0.50903
0.82646
0.23895
0.49029
0.48265
0.58371
0.49863
0.41240
0.32189
0.32045
0.39718
0.47856
0.43760
0.45457
0.34688
0.21367
0.21271
0.21373
0.22032
0.82974
0.71917
0.61082
1.43995
0.96102
2.46135
1.15963
0.57332
0.45851
0.41946
0.35411
0.22285
0.22437
0.22821
0.28214
0.37308
0.52264
0.44700
0.43342
0.23271
0.23065
0.22940
0.22942
0.23000
0.37268
0.43301
0.45003
0.32819
0.31596
0.35533
0.35882
0.28280
0.36774
0.47328
0.46808
0.38564
0.26557
0.26611
0.26643
0.26596
0.31777
0.47204
0.51529
0.54585
0.36707
0.29183
0.27328
0.27355
0.27303
0.46861
0.47378
0.47259
0.33695
0.27460
0.27442
0.27468
0.32751
0.49627
0.57412
0.49487
0.41531
0.27563
0.27519
0.27427
0.27562
0.45992
0.50454
0.47273
0.47941
0.28131
0.33902
0.36450
0.36938
0.27844
0.48366
0.48161
0.47794
0.32246
0.27455
0.27406
0.27538
0.27422
0.44918
0.47382
0.55184
0.50561
0.35708
0.27400
0.27406
0.27484
0.37620
0.63823
0.48182
0.46031
0.27402
0.27443
0.27380
0.28605
0.42813
0.57395
0.54621
0.48435
0.28034
0.27526
0.27802
0.27672
0.32762
0.48733
0.48502
0.48360
0.31945
0.31174
0.36593
0.37076
0.35239
0.48834
0.49584
0.63851
0.34795
0.28421
0.28663
0.28204
0.31313
0.48776
0.49347
0.55889
0.44801
0.59011
0.49789
0.42061
0.48560
0.66336
0.70515
0.68107
0.67786
0.63551
0.63694
0.78661
0.79545
0.96732
1.57865
2.13147
2.43471
2.22201
1.29350
1.21475
2.20384
2.32856
