2.40975
2.40917
2.40847
2.40660
2.40510
2.40523
2.40662
2.40660
2.40533
2.66885
2.86110
2.40530
2.40807
2.40463
2.40280
2.40232
2.40450
2.40500
2.40548
2.40327
2.40183
2.94598
2.57740
2.40178
2.39887
2.40027
2.40017
2.40037
2.40272
2.40425
2.38780
2.37047
3.83568
4.10302
2.44885
2.38233
2.77763
3.63438
3.66090
3.81387
3.83965
3.85547
3.87550
3.88435
4.38460
4.13487
3.90605
3.90188
3.86145
3.88660
3.86313
4.08290
2.82722
2.81815
2.37137
2.36460
2.89393
2.89365
2.79300
2.80680
2.81640
2.33490
2.39777
2.57950
2.81187
2.80990
2.81507
2.92590
2.93037
2.34758
2.34927
2.82093
2.82825
2.83082
2.84798
2.85740
2.67868
2.37833
2.39783
2.55613
2.95997
2.41383
2.40673
2.41428
2.42513
2.42250
2.37312
2.04423
1.04093
1.03022
1.34232
2.44173
2.83167
1.84820
1.11743
1.09047
2.32332
3.00167
2.79458
2.80780
2.90325
2.90333
2.90155
3.12587
3.32087
2.88352
2.88295
2.88073
2.88068
2.87132
2.87482
2.88387
2.89177
2.89652
2.90027
2.79647
2.88918
2.38872
2.39393
2.48680
2.37405
2.36328
4.32107
2.47018
1.41948
3.36433
1.16183
2.51065
2.66688
1.53470
3.29202
1.13162
3.69778
1.24307
3.37460
1.66973
4.09637
3.09330
3.60560
2.39407
3.30462
3.58817
4.00687
3.41482
2.54210
3.95360
1.94048
4.13828
1.77140
5.23410
3.31768
4.67232
5.56237
5.82528
4.79192
3.98442
1.59437
1.39283
1.43495
1.59467
1.76583
3.08993
1.58732
1.58548
1.67450
2.15657
2.78432
1.89203
1.57387
1.57645
1.56672
1.95107
2.67743
1.55233
1.54545
1.54102
1.59052
3.70273
1.55715
1.53978
1.53745
1.56645
2.91128
1.74365
1.56733
1.56833
1.56153
2.14477
2.58338
2.15075
1.55843
1.55808
1.55793
3.01787
1.61732
1.55500
1.55922
1.56052
1.56040
3.03265
1.73177
2.04812
1.54880
1.55162
1.55280
2.90747
1.67625
1.55200
1.55273
1.55297
1.55648
1.67883
3.25087
1.91542
1.55635
1.55462
1.55403
1.55308
1.55362
2.92268
1.68067
1.55455
1.55062
1.55792
2.07783
1.72115
1.55793
1.55395
1.55855
1.56065
1.56098
1.56343
1.55933
1.55775
1.55760
1.83642
1.97738
1.56102
1.55822
1.55917
1.56473
1.56030
1.69343
3.11980
3.11732
3.11600
3.11980
3.69128
3.24150
3.12312
3.11777
3.11575
3.11618
3.11140
3.11115
3.11112
3.11147
3.10938
3.36820
3.54272
3.10635
3.12153
3.11553
3.11475
3.11100
3.11092
3.10958
3.11478
3.11045
3.12768
3.69267
3.20135
3.11108
3.11420
3.10935
3.11027
3.10735
3.09967
3.10160
3.10460
3.09993
3.34520
3.56507
3.09612
3.09450
3.09678
3.09915
3.09480
