2.31024
3.03528
2.81086
2.42003
3.15959
2.98070
2.50885
2.61552
3.11178
2.56221
2.35526
3.31688
2.52409
2.29145
3.24884
2.52505
2.44456
3.26382
2.52245
2.75104
3.22823
2.12038
3.04384
3.42448
2.11034
2.56312
3.35775
2.04617
2.17254
3.55534
1.99980
2.36025
3.20511
2.19822
4.73437
7.87960
3.26675
2.65393
3.52228
2.24905
2.33454
3.92421
2.28883
2.28380
3.85620
2.28701
2.30128
3.78542
2.30732
2.43829
3.68826
2.30698
2.62794
3.69661
2.22775
2.56638
3.29382
1.96541
3.03678
3.90404
2.17750
2.27133
3.76157
2.22032
2.36695
3.53974
2.06865
2.42806
3.76437
2.26663
2.26768
3.57213
2.04850
2.20628
3.83072
2.18720
2.16422
5.30791
6.46345
6.47242
7.84746
6.89775
6.41269
8.35314
8.01034
8.10562
9.24883
8.20305
8.66705
10.67610
9.98713
10.57524
10.31852
7.03815
3.50945
7.25825
8.90589
2.97215
4.10742
2.87834
2.86358
6.22716
7.35506
7.26197
8.85337
9.05131
12.21037
11.87397
7.15023
3.80399
3.04267
2.46629
3.89792
3.22584
2.71242
3.86730
3.22297
2.49862
3.59033
3.18699
2.46811
3.90595
2.53392
2.55358
8.21694
6.68291
6.58606
4.17632
2.62396
2.04571
2.94708
2.54902
1.98410
3.02642
2.66289
1.98397
2.71215
2.99685
2.28501
2.07890
3.25424
1.78885
2.04965
3.07762
2.48013
1.91482
3.60087
2.05315
1.98905
2.95131
2.65156
2.36330
2.60067
2.61333
2.41298
2.05403
2.92709
1.71499
2.58095
3.58465
1.75091
2.23508
3.53495
2.12431
2.31379
2.48433
2.78059
2.32871
3.33735
8.19054
7.17680
3.28470
3.03299
4.91426
5.23513
6.22919
3.40723
3.35254
1.89568
1.74379
3.87490
2.27049
1.92583
4.89983
8.94661
8.88226
8.15318
15.11405
7.57109
3.40696
3.93046
6.85342
3.76834
5.00667
4.99487
4.95838
3.70756
1.57047
3.03466
3.35809
1.71808
4.04787
10.30435
8.76816
10.20407
11.36494
4.72397
4.05628
7.05572
4.75829
4.44587
3.44321
6.90477
4.15970
2.71204
2.09695
3.26994
3.26876
1.73776
6.09583
10.32425
7.82525
8.38396
5.30045
7.01834
4.58223
4.33954
3.29706
8.21325
2.88919
1.70845
4.11214
2.15101
1.58568
3.63592
8.15450
8.66183
9.48410
6.85299
3.89582
5.15324
7.21151
4.45810
4.39418
4.42165
6.65386
3.78916
2.01649
1.91031
4.12580
2.16671
1.89038
8.15816
9.12433
10.98878
16.30018
2.55542
3.22438
2.84608
2.34813
4.02780
4.35111
9.27020
10.72537
9.00424
10.23929
5.65760
7.21548
5.33645
3.49842
3.52855
3.50524
3.51001
4.61264
7.19107
4.46319
2.34803
5.41509
5.66581
2.34021
2.21080
3.24742
1.77839
6.84171
6.91144
1.97262
2.03554
3.78418
