7.67192
8.33785
10.96842
11.13418
12.16968
11.53320
10.57910
9.73095
9.40198
8.97443
11.19205
12.13695
7.64757
9.57233
5.28785
3.80283
3.80292
4.12517
4.57812
4.43433
3.78988
3.80813
4.40968
3.96333
3.79097
3.77310
4.21440
4.57143
4.40223
3.85215
3.83507
3.85657
3.84780
3.85095
4.18658
5.03375
5.48380
5.78955
5.53782
5.94700
6.41793
7.87395
5.86623
5.85655
6.25383
7.59362
7.09935
6.45670
6.94485
7.75188
5.70518
6.60007
5.75797
5.51740
6.31113
5.56372
5.07770
6.14933
5.19887
8.87882
7.50083
5.71315
9.93647
5.74612
5.00583
4.28100
3.89613
4.16418
3.97498
4.32105
4.81638
5.50855
6.83803
4.71770
4.20240
4.21178
4.21923
4.30035
4.30632
4.70872
5.89752
6.45200
15.17663
21.23347
21.39848
21.52163
20.84938
8.84508
6.55398
5.88048
7.74520
6.88680
5.90515
5.11732
4.57828
4.24288
4.25663
4.24955
4.57132
4.61108
4.56237
4.24298
4.39800
4.33433
4.63767
4.28415
4.05453
3.97047
4.70248
5.79682
5.10368
5.28027
4.24387
4.15893
3.78312
4.83073
5.30202
6.52920
7.35640
4.35130
4.91198
5.48612
6.16627
5.76863
6.90992
6.50723
6.21287
6.16537
5.10407
4.85177
5.02378
5.04222
5.21108
5.03510
7.44717
9.43627
5.31382
5.65435
5.87753
5.81592
5.18837
4.78012
6.81947
5.36443
4.49032
3.92328
4.31307
4.32263
4.32427
4.27553
4.83088
4.90118
5.75135
4.63995
4.12038
4.18165
4.51627
4.82908
5.12963
6.01033
7.06250
8.20762
7.20580
6.79738
6.53765
8.84190
11.71432
6.06902
5.98833
4.09967
4.67835
4.30738
3.62218
3.78645
3.95535
3.86433
4.22583
4.95290
5.14620
5.95993
6.10270
4.84798
4.55125
4.55972
4.53482
5.56860
4.89152
7.50190
7.45393
7.79208
6.99182
6.35593
6.84458
6.70910
5.29505
4.84805
4.82297
5.13350
5.64933
5.45805
4.08165
4.03098
4.32833
4.40095
4.49075
4.51908
4.63072
5.29905
6.25523
4.44445
4.04258
4.39207
4.50458
5.38707
5.36502
4.52265
4.88400
4.80762
4.20462
4.40228
4.49057
4.49688
4.49257
5.92972
5.96473
5.54668
5.84198
5.64987
5.31100
4.78408
4.48398
4.45017
4.00407
4.01493
4.82392
5.28625
4.95162
4.54155
4.52137
4.23308
4.00703
4.35593
4.45662
4.87050
4.88615
4.86978
4.67410
5.05475
4.77532
4.77952
4.69897
4.43433
4.41687
4.94148
5.27577
4.55595
4.49665
4.78573
4.81728
4.82645
4.83290
4.87870
4.94092
4.99342
4.51180
4.59355
5.49398
5.45227
5.17607
7.69153
6.70808
7.05797
5.90267
4.63048
4.40580
6.54975
7.28805
5.66463
6.15690
8.10870
11.00297
9.45085
7.80160
7.56315
7.20037
7.23377
7.28055
7.30142
