0.59264
0.58226
0.60596
0.43223
0.44228
0.43398
0.43525
0.43545
0.55254
0.59802
0.58434
0.53318
0.43312
0.43301
0.43615
0.42207
0.45340
1.24860
0.75296
0.45011
0.30843
0.26789
0.26816
0.26782
0.28098
0.35811
0.42537
0.41833
0.38350
0.27261
0.25552
0.26834
0.28881
0.26977
0.42476
0.62644
3.32816
3.67958
4.57598
5.53847
5.42556
4.38164
0.73487
1.02055
0.80203
0.44805
0.83217
0.65739
0.50073
0.49729
0.48498
0.59511
0.56047
0.45278
0.43426
0.34728
0.34916
0.34801
0.33369
0.31574
0.46022
0.45895
0.46273
0.33504
0.30596
0.30708
1.08393
0.79026
0.42911
0.47223
0.47049
0.40663
0.31705
0.31821
0.31558
0.31387
0.32670
0.47896
0.47476
0.47561
0.34625
0.31384
0.30568
0.30208
0.29776
0.36402
0.45676
0.46268
0.45402
0.30557
0.31053
0.30601
0.30642
0.31227
0.43851
0.47761
0.47320
0.41120
0.31923
0.31902
0.31896
0.31905
0.47298
0.81946
0.81806
0.83120
0.69002
0.66194
0.66289
0.61929
0.58896
0.64815
0.48836
0.49574
0.46833
0.33833
0.33366
0.38432
0.41172
0.41018
0.56675
0.60813
0.60250
0.52675
0.60172
0.64523
0.81767
1.43604
0.38373
0.48023
0.47815
0.47500
0.32236
0.32244
0.32267
0.32241
0.32271
0.41713
0.48228
0.47940
0.45503
0.32404
0.32252
0.32212
0.32078
0.31979
0.46554
0.60082
0.74727
0.68542
0.58305
0.58228
0.88122
4.12526
3.34566
4.87412
4.99129
5.89100
5.88277
5.87012
5.52342
0.70925
0.64616
0.66533
0.79141
0.72883
0.53017
0.90585
0.91911
0.76551
0.53723
1.51847
0.85737
0.13996
0.14004
0.13954
0.26608
0.30553
0.30762
0.20434
0.15457
0.15937
0.14966
0.15233
0.15580
0.29012
0.31140
0.31045
0.20452
0.15533
0.15514
0.15544
0.15531
0.15515
0.30911
0.31143
0.31508
0.18457
0.15605
0.15588
0.15584
0.15583
0.17896
0.31484
0.31250
0.31828
0.15716
0.15735
0.15729
0.15753
0.15770
0.21658
0.31609
0.31252
0.28450
0.15723
0.15765
0.15762
0.15748
0.15766
0.25986
0.31544
0.31135
0.24467
0.15663
0.15688
0.15785
0.15799
0.15725
0.30977
0.31585
0.31836
0.19015
0.15750
0.15774
0.15720
0.15702
0.20917
0.31612
0.31285
0.29523
0.15674
0.15667
0.15668
0.15664
0.15657
0.27021
0.31509
0.31211
0.23615
0.15656
0.15585
0.15637
0.15616
0.17488
0.31628
0.31292
0.31960
0.16399
0.15808
0.15771
0.15735
0.15742
0.24841
0.31613
0.31207
0.26082
0.17299
0.18273
0.20616
0.21064
0.21590
0.37110
0.36800
0.37559
0.25841
0.41670
0.50725
0.38915
0.36664
0.45648
0.53465
0.52880
0.48214
0.37896
0.38246
0.37863
0.37432
