1.27770
1.27633
1.39995
1.30778
1.30437
1.29408
1.22072
1.22923
1.19931
1.26890
1.32297
1.28082
1.29049
1.34054
1.29922
1.02241
1.03361
1.04077
1.07892
1.11633
1.08841
0.94094
0.63828
0.53175
0.50802
0.50345
0.54419
0.69023
0.62866
0.52923
0.52689
0.29700
0.36332
0.28618
0.42428
0.48835
0.35000
0.43271
0.59352
0.61365
0.64837
0.55142
0.40661
0.51159
0.50547
0.51262
0.50855
0.62583
0.46809
0.38346
0.40236
0.48597
0.53480
0.54800
0.55104
1.56917
3.13174
3.60555
1.12326
0.36629
0.46222
0.37081
0.37587
0.44320
0.43001
0.37937
0.37223
0.24374
0.58952
0.82930
0.41727
0.34353
0.34642
0.44888
0.24294
0.32244
0.31317
0.21379
0.34257
0.34362
0.34545
0.47177
0.34046
0.34460
0.34955
0.29938
0.20048
0.19718
0.27804
0.32765
0.33811
0.41801
0.41177
0.34429
0.31508
0.21192
0.21121
0.20912
0.22773
0.34396
0.34568
0.34684
0.34769
0.35913
0.60933
0.46642
0.34704
0.36438
0.23114
0.42984
0.45691
0.50426
0.55379
0.49839
0.51153
0.44829
0.36206
0.26287
0.21135
0.29322
0.97741
1.37057
0.55334
0.85700
0.95384
1.24601
0.47202
0.21184
0.21578
0.43072
0.45137
0.45191
0.40553
0.35047
0.21656
0.32902
0.52974
0.63905
1.04022
1.42332
0.95414
0.93684
0.62868
0.46177
0.68952
0.83251
2.21037
0.83228
0.76284
0.90033
1.21695
0.81521
0.98817
1.45890
1.48692
1.98290
1.02708
0.46839
0.42744
0.70363
0.30692
0.39663
0.36607
1.48706
1.17261
0.98123
0.76342
0.66786
0.35503
0.35128
0.69348
0.54698
0.24648
0.59708
0.50613
0.33085
0.74775
0.60061
0.41389
0.67111
0.50078
0.36818
0.63631
0.50383
0.27718
0.62533
0.74118
0.46610
0.48542
0.70272
0.32772
0.32806
0.85525
0.43095
0.46213
0.94696
0.52476
0.33337
0.74881
0.43980
0.37664
0.57472
0.87432
0.46775
0.42452
0.80553
0.38291
0.33189
0.49278
0.68677
0.33172
0.42185
0.76978
0.66944
0.33254
0.33342
0.76880
0.42207
0.42278
0.46607
0.86199
0.58135
0.34891
0.33410
0.56905
0.63964
0.46413
0.46636
0.55702
0.79185
0.33157
0.33199
0.33170
0.62881
0.53093
0.45264
0.46798
0.44685
0.33264
0.33515
0.63071
0.56724
0.46365
0.46611
0.46849
0.42669
0.76378
0.39921
0.33604
0.44499
0.46402
0.62496
0.80508
0.42269
0.33280
0.33042
0.32972
0.32896
0.33116
0.39514
0.46720
0.47108
0.43605
0.33840
0.34089
0.36740
0.47033
0.47078
0.47147
0.47257
0.50754
0.57939
0.37139
0.34335
0.34678
0.47110
0.48889
0.50895
0.61430
0.71074
1.22012
1.15080
1.11865
0.97068
0.93487
0.99434
1.08039
1.08512
