3.36353
3.35793
3.36743
3.37032
3.37638
3.37612
3.38435
3.39573
3.40210
3.42140
3.28092
2.52833
1.83530
1.47842
1.48033
2.32425
2.36215
2.36570
2.36882
2.37155
2.37090
2.37522
2.38073
2.38458
2.47717
19.84055
25.50007
23.95497
14.56097
14.68450
11.41775
19.67872
13.76773
3.46300
3.59998
3.26233
3.22698
3.26428
3.28483
3.33555
2.91057
2.73658
2.79602
2.79640
3.68713
5.30748
5.44323
2.75458
3.02478
2.27737
1.93033
2.19658
1.70728
0.57412
0.56973
0.56972
0.57182
1.19732
1.45667
1.45132
1.45433
1.46162
1.46767
1.47152
1.47315
1.47135
1.32060
0.78083
0.86162
1.26060
1.18957
1.34627
1.83633
1.86192
1.88032
1.85820
1.86362
1.87337
1.88197
1.90858
1.84243
0.99218
0.99995
1.70230
2.14593
6.90083
7.43657
7.73413
12.53262
17.62558
23.23847
21.55293
29.82825
5.56905
3.54798
5.95800
6.02030
4.74457
4.78793
4.63383
5.11703
3.43468
2.57985
2.09977
2.17495
2.05867
2.04478
2.08777
2.31935
2.41077
2.41470
1.83688
1.52840
1.50607
1.50562
1.50373
2.27988
2.39850
2.40537
3.18120
5.79695
2.75843
2.43793
2.42287
2.45540
1.60188
2.59500
8.95032
5.85915
8.02518
4.19295
6.08812
6.06840
2.63747
1.88250
2.35837
5.21518
3.36930
1.49225
2.07947
4.35328
2.67423
1.00865
2.16787
5.21752
4.10525
3.54373
9.44162
6.99672
5.20842
3.83600
6.63692
7.30140
7.22423
6.14978
5.78848
2.80582
2.41720
2.44148
4.10617
6.49907
3.69732
3.10302
3.12928
3.13790
4.09312
6.54835
4.89905
3.18760
3.21653
3.23817
3.21037
3.22828
3.29125
2.86648
2.48228
3.39002
3.27543
7.40242
8.02000
4.65342
3.20177
3.16645
3.14005
3.00367
2.23845
2.24153
2.24218
2.23963
2.41513
3.11067
3.13238
3.13762
3.14477
3.13318
3.16105
2.66137
2.26263
2.26302
2.25470
2.25350
2.80008
3.13925
3.15165
3.16065
3.16815
3.17460
3.18923
2.47998
2.26633
2.26327
2.26147
2.25785
3.00238
3.12455
3.13412
3.14462
3.15337
3.16040
3.17187
2.48895
2.27095
2.27865
2.26945
2.26315
3.00518
3.12890
3.14112
3.14635
3.16180
3.17955
3.20395
2.83963
2.29913
2.29787
2.29033
2.28243
2.75143
3.16645
3.17360
3.18320
3.18892
3.19283
3.20218
3.19378
2.55592
2.28050
2.31497
2.37417
2.31180
3.02152
3.16508
3.17778
3.19688
3.21050
3.22797
3.21300
3.19602
2.79382
2.50263
2.71422
2.71840
2.95243
3.71405
4.01752
4.00673
4.01568
4.02142
4.00922
4.01778
4.03323
4.02978
3.54338
3.10098
3.08832
3.10103
3.12062
3.95068
4.42315
5.88232
7.21753
4.16463
2.47160
2.32387
2.33643
2.43773
2.36747
4.90015
