9.57772
10.17675
8.47690
8.96100
10.11130
9.39400
10.41752
10.43713
12.92133
15.44305
12.61838
10.62722
8.52400
7.13608
7.19928
7.29020
6.95852
8.50130
11.95080
12.37680
8.46663
6.06395
6.25650
6.11408
6.38603
6.60632
6.75508
7.39990
8.15992
7.63560
6.48690
5.19408
4.69917
4.32435
4.96563
5.22575
4.52025
4.27510
4.28518
4.74897
4.83527
4.90262
4.70637
4.49432
5.53955
6.16707
10.77983
11.48062
9.53053
9.57568
10.66078
11.06437
9.73695
9.00392
14.15060
14.98205
14.19922
10.88208
4.98522
5.00770
5.14475
5.40720
5.40962
5.53402
3.93280
8.08327
8.16918
5.38838
4.89050
5.02685
4.18785
4.10640
4.34702
7.20330
2.57315
8.00102
7.26392
4.22727
4.66827
5.25262
4.50010
2.96528
2.76493
3.22190
3.30627
2.42280
2.38267
2.65913
1.88345
2.20782
2.19593
2.23442
4.21793
5.87187
4.74007
4.68043
4.42053
3.62630
2.66130
2.81668
4.52018
5.03395
4.44157
4.77557
4.97562
4.75635
5.34750
7.17483
4.94437
6.07642
2.79525
2.77760
3.49202
2.46883
5.89605
1.51403
1.44148
1.82675
2.67985
2.31935
2.24387
2.26537
2.73997
2.49840
2.11098
1.69625
3.03870
3.16137
3.16102
4.21100
3.90230
2.89892
2.42805
4.99325
6.88110
6.87030
3.95317
4.22635
2.38707
3.21855
4.09658
7.54828
9.05433
7.21505
6.49803
4.96520
5.43333
4.51133
4.77210
5.60508
7.40733
11.90190
11.31390
10.39247
6.80445
4.80625
6.16745
10.30053
9.76045
9.19438
9.28155
9.64838
10.70312
10.54405
9.25977
8.38692
4.51238
5.28923
4.38027
3.95928
3.86802
3.83380
3.90715
4.83395
4.95542
4.77715
5.86690
8.96105
5.07308
3.99302
3.48365
3.48127
3.44957
3.73975
4.25665
4.12987
4.13482
4.22937
4.59927
4.93462
3.98190
3.73927
3.73697
3.86352
4.18098
4.13450
4.38735
4.39392
4.52037
4.91413
4.68745
4.10232
2.51800
2.34993
2.72532
2.44983
2.30573
2.88375
3.00343
3.39067
3.14338
2.94500
2.91410
2.36933
2.72442
4.65727
8.94332
8.93227
9.63025
10.10693
9.81040
9.63517
9.65008
6.79050
3.07783
2.39683
2.24047
2.22837
2.46162
2.84320
3.01203
2.89803
2.90795
3.23067
3.44897
3.08080
2.45255
2.24107
2.62480
2.73633
3.57092
9.18087
9.59870
10.05010
10.13370
9.61813
9.62780
9.68490
3.98578
2.76480
2.27652
2.21702
2.20057
2.81492
3.39282
3.05138
2.88287
2.89150
3.29780
3.43727
3.47883
3.39938
2.82815
2.49393
2.28067
8.66205
10.13943
10.75667
10.52877
9.80420
10.91827
10.87437
11.08170
5.44778
4.33750
4.25707
4.60543
5.56812
6.02108
5.38965
5.15042
4.42908
3.48435
4.48523
4.39358
4.37015
4.37205
4.72410
