1.82675
1.79490
1.79727
1.80290
1.57098
1.49555
1.55542
1.61222
1.62540
1.62447
1.16155
1.09358
1.08843
1.07498
0.77390
0.37157
0.23428
0.17185
0.16705
0.16757
0.16797
0.16522
0.16705
0.16840
0.16510
0.16188
0.16340
0.16408
0.16557
0.16498
0.16762
0.68355
0.77478
0.78065
0.78627
0.79230
0.80085
0.83937
0.85095
1.34778
1.39112
1.23180
0.20395
0.22017
0.22273
0.22172
0.22363
0.20225
0.19898
0.19392
0.19243
0.18910
0.19457
0.19902
0.21175
0.21058
0.20560
0.71838
0.70097
0.70933
0.71425
0.72103
0.74783
0.77453
0.77740
0.78000
0.78358
1.01713
0.76692
0.71593
0.38680
0.16600
0.15855
0.15782
0.15617
0.15565
0.15425
0.15685
0.17318
0.17195
0.17818
0.43785
0.78353
0.72007
0.72087
0.74447
0.77680
0.80465
0.85032
0.86390
0.86762
0.42125
0.17983
0.19290
0.19337
0.19348
0.20017
0.18755
0.18232
0.16453
0.16377
0.24390
0.72502
1.11497
1.28627
0.86588
0.76242
0.75532
0.75485
0.77648
0.77378
1.01625
1.08923
1.10587
2.62958
7.41110
5.58373
0.87330
0.28410
0.28553
0.28538
0.28332
0.28223
0.28233
0.28415
0.28148
0.27875
0.27693
0.27857
0.27847
0.27893
0.28040
0.28105
0.29273
0.32390
0.83182
0.84998
0.60325
0.29825
0.29810
0.29845
0.56923
0.88000
0.89157
0.88888
0.90830
0.91507
0.94692
0.87852
0.91687
0.79813
0.79557
0.80995
0.55367
0.64028
0.70978
0.66952
0.16420
0.16873
0.16643
0.16770
0.16562
0.16720
0.16818
0.16562
0.16838
0.16838
0.16823
0.16513
0.16720
0.16697
0.16707
0.16610
0.16728
0.16763
0.16728
0.16573
0.50773
0.73632
0.74132
0.74597
0.74957
0.75207
0.75822
0.76575
1.25110
1.37703
1.38660
0.83733
0.54643
0.16748
0.17057
0.16932
0.16953
0.16823
0.16792
0.16747
0.16853
0.16987
0.17152
0.17403
0.17008
0.16957
0.17160
0.17120
0.17113
0.17133
0.17055
0.17317
0.16977
0.17123
0.17165
0.25063
0.74248
0.74325
0.74987
0.85013
1.30982
1.31968
1.16505
0.78155
0.82280
0.83145
0.83758
0.84030
0.66813
0.16818
0.16993
0.16732
0.16777
0.16778
0.16767
0.16695
0.16672
0.16688
0.16795
0.16697
0.16680
0.16687
0.16892
0.16810
0.16905
0.16787
0.16813
0.16698
0.16688
0.16703
0.16832
0.17208
0.63742
0.90092
1.30558
1.14067
0.75348
0.75893
0.76593
0.78233
0.89900
0.82870
0.83990
0.84378
0.84860
0.45622
0.17065
0.16770
0.16855
0.17662
0.32073
0.32015
0.32268
0.32218
0.32368
0.32433
0.32402
0.32287
0.32693
0.32785
0.32828
0.32750
0.32840
0.32850
0.60865
0.88238
1.33475
1.07422
0.74545
0.74822
0.75538
