1.02507
1.25700
1.05318
1.06703
1.48143
2.94897
3.73905
4.64958
3.30158
2.82238
4.44892
8.42250
19.39133
19.45133
9.27967
9.96553
9.76930
7.79365
9.47815
11.61990
8.98202
12.35873
23.43478
23.79582
23.54870
25.54195
30.74957
13.18843
8.69800
4.97058
4.72628
5.10440
4.05737
3.33503
3.52125
3.53530
3.75830
7.54570
12.87628
11.04920
26.68333
13.90570
10.76163
27.05492
26.37202
9.90550
2.41372
1.50370
1.36950
1.47787
2.21732
2.40352
1.95748
1.95977
1.95440
1.94185
2.15243
2.95128
3.36815
2.07123
2.29898
2.31998
2.32958
2.30695
2.28628
1.71343
1.75783
1.42923
1.32125
1.31933
1.75403
1.82987
1.82393
1.80798
1.81493
1.82195
1.84683
1.85775
1.35465
1.30940
1.32228
1.33737
1.39553
1.05108
2.76697
3.43280
3.49123
2.31843
1.91883
2.16400
2.14005
2.11737
1.71867
1.55965
1.56243
1.56277
1.59292
1.80578
2.04123
2.01062
2.85637
2.77288
3.14573
8.53228
13.78602
7.47618
4.39312
5.18965
2.71568
1.96572
1.44697
1.28212
1.15052
1.18987
1.14805
1.24142
1.64817
1.65403
1.66968
1.67902
1.69340
1.70413
1.64698
1.51412
1.69103
2.14073
2.45613
2.58555
1.65685
2.36708
2.44920
2.65885
2.67757
2.53483
3.02635
2.36635
2.06123
2.23850
2.03125
2.05725
2.09368
1.80930
1.81962
1.83432
1.82797
1.84955
1.85322
1.84117
1.85543
2.05033
2.40197
2.45238
2.49250
2.55677
2.34748
2.04615
1.97425
1.48882
1.58033
1.67215
1.95437
2.32250
2.35033
2.34405
2.37820
2.13395
1.71803
2.33682
4.29375
5.03372
12.35422
1.74282
4.04728
4.87680
7.76233
8.84218
8.87748
8.65797
5.39528
3.02995
7.91337
10.79065
9.10393
10.44593
9.27003
9.56730
6.07123
2.51963
0.87200
0.99510
1.35630
1.36017
1.36220
1.62597
1.86828
1.88172
1.90422
1.92642
1.95055
1.52635
1.37437
1.37845
1.38870
1.39177
1.39582
1.38893
1.38953
1.39195
1.40362
1.40948
1.41428
1.40757
1.87260
1.91157
1.93458
1.95095
1.97573
2.00500
1.46745
1.46477
1.49792
1.49377
0.88990
0.87872
0.87517
0.87565
0.88633
1.14247
1.38390
1.37737
1.37725
1.38373
1.39673
1.40595
1.41697
1.41903
1.43547
1.46513
1.50522
1.19422
0.88963
1.30180
3.20345
2.86695
1.38665
1.40162
1.41677
1.30642
0.87173
0.87207
0.88080
0.88177
0.88102
0.87262
0.99788
1.37472
1.39083
1.40007
1.41247
1.39992
0.86987
0.87012
0.87887
0.96133
1.98758
0.88335
1.99495
2.57042
3.70537
4.20577
4.22130
3.98665
2.75453
2.12298
2.58687
3.08808
3.06608
3.45337
3.68300
3.65758
2.85588
5.94547
2.11250
1.35607
0.88718
0.88572
1.06278
2.72913
