4.14332
3.69050
3.05420
3.06138
3.33483
3.88070
3.94243
3.89757
3.52350
3.81977
4.22162
4.30275
3.62830
4.08125
4.81057
4.99133
4.68900
4.07187
4.09195
4.56442
5.16158
5.12160
4.23600
6.30490
7.14915
5.74903
5.59553
5.41868
5.44285
5.66318
5.83098
5.58810
5.14832
5.11993
5.53502
5.72733
5.86995
5.26682
5.19442
6.12345
6.60692
6.86672
6.75085
8.11515
9.64805
10.86435
10.36795
10.17307
13.80548
13.70827
17.08202
17.68845
20.70288
24.32460
26.47182
20.75733
25.86525
17.80753
21.97588
27.97735
4.91512
5.04230
5.18957
5.30615
5.39703
4.63020
4.10098
3.93138
5.73052
5.99750
5.54933
4.82215
5.32555
6.06955
6.17688
5.95977
6.02610
5.89625
6.09147
6.18197
5.71728
5.61368
6.15137
6.53928
6.63783
5.89318
5.56223
5.57177
5.69047
5.61955
5.34467
5.03833
4.66702
4.99402
5.05943
4.44675
4.44157
4.66472
5.61487
6.17712
4.78952
4.43370
4.73227
5.26017
5.56803
5.33295
4.88442
4.61083
4.95417
5.73712
3.70708
3.27538
3.49292
3.35072
3.25528
4.04407
4.20488
4.48078
5.15200
6.04238
6.42188
5.72065
5.32133
4.43182
3.92445
5.12058
5.35120
4.85723
4.33015
4.32593
4.58737
5.03587
4.88140
5.23680
4.44962
3.91867
4.84042
5.21157
4.09712
4.45432
5.23457
5.06433
7.91172
6.95237
6.21425
6.14223
5.53778
5.45562
5.33992
7.73505
5.19855
6.72672
4.63930
5.54468
6.58645
5.62068
6.29780
4.53455
5.46435
3.75268
5.99723
5.89715
6.81767
7.75612
6.51697
5.91833
6.27805
5.11825
3.92515
4.05013
4.28848
4.50252
4.64938
3.97743
3.39935
2.48438
1.73110
2.52232
2.79258
2.02960
1.73170
1.73425
2.27735
3.39295
3.49975
3.63988
3.55217
3.26165
3.57207
3.98165
3.63703
3.37592
3.59422
3.19938
3.41802
3.43575
2.73933
2.77170
2.74437
3.22707
3.74182
3.30390
2.70702
2.75437
2.92230
3.95282
4.03985
3.64018
3.69493
3.33838
3.75282
4.03857
3.62147
2.77483
3.10290
3.25233
3.53760
3.26163
2.73593
2.73487
2.79418
3.58612
3.84300
2.97833
3.45350
5.13227
5.63630
5.86340
5.42262
5.47365
5.45953
5.54468
5.91550
5.11220
4.56397
4.62638
5.14033
5.57230
5.12393
4.55417
4.55255
4.64795
5.32797
5.70403
5.51727
5.75713
5.09612
5.96945
6.03488
5.41228
5.55453
5.70123
5.84937
5.46562
5.00790
4.91938
4.78403
5.31630
5.81843
5.45693
4.72928
4.83055
5.25558
5.97753
5.94375
5.65112
5.80425
5.67387
6.15235
6.33067
5.52502
5.56783
5.32187
5.99308
6.17950
5.90660
5.84958
5.83938
3.58738
3.83723
3.81633
3.50480
3.33740
3.78053
4.04807
4.08780
4.08947
3.70123
