0.41487
0.54421
0.48196
0.43568
0.50789
0.60820
0.55337
0.33784
0.32790
0.37818
0.43924
0.44608
0.33390
0.32748
0.38962
0.44003
0.44478
0.34576
0.32958
0.38445
0.44120
0.44322
0.36921
0.33029
0.36962
0.52943
0.44496
0.39292
0.34437
0.38134
0.45718
0.46064
0.38224
0.34202
0.36120
0.43649
0.54473
0.37756
0.32584
0.37534
0.43524
0.42113
0.32795
0.32949
0.41747
0.44037
0.38704
0.39493
0.46911
0.39668
0.24766
0.14071
0.13361
0.20266
0.24373
0.20210
0.13318
0.14916
0.24025
0.24470
0.14070
0.13106
0.20004
0.24107
0.19979
0.13354
0.14913
0.24081
0.24746
0.14049
0.13544
0.20664
0.24451
0.20045
0.13718
0.15578
0.24618
0.25570
0.13950
0.13908
0.21174
0.24873
0.20168
0.14003
0.15892
0.24895
0.25627
0.14258
0.14292
0.21464
0.25233
0.20306
0.14594
0.16337
0.25433
0.25829
0.14730
0.14827
0.22007
0.25855
0.20776
0.14912
0.16564
0.25888
0.26516
0.15382
0.15302
0.21512
0.26075
0.20741
0.14188
0.14954
0.24749
0.26486
0.15132
0.14463
0.20726
0.25369
0.20853
0.14733
0.14883
0.25869
0.26450
0.16603
0.15802
0.20517
0.26571
0.23012
0.15640
0.15653
0.28304
0.35223
0.25504
0.15965
0.19829
0.32526
0.27604
0.15598
0.15724
0.27598
0.35846
0.25647
0.20240
0.24426
0.30955
0.28094
0.20132
0.20130
0.29600
0.31148
0.22371
0.20086
0.24106
0.30728
0.27866
0.19867
0.19827
0.29256
0.30792
0.21755
0.19519
0.23692
0.30262
0.27131
0.19319
0.19270
0.28875
0.30002
0.20441
0.18474
0.23035
0.56767
0.38037
0.18237
0.18280
0.37406
0.64307
0.19365
0.22194
0.64654
0.29822
0.50296
0.54332
0.38796
0.90707
0.54663
0.72511
0.38360
0.59472
0.64794
0.33921
0.61660
0.22726
0.73904
0.31885
0.36333
0.48935
0.27657
0.73007
0.26711
0.26552
0.58631
0.29350
0.38462
0.52043
0.18697
0.26589
0.60835
0.34903
0.18726
0.20899
0.29518
0.28480
0.18688
0.18698
0.25836
0.31142
0.24506
0.18915
0.19831
0.29637
0.29941
0.18780
0.18772
0.24552
0.29784
0.25413
0.18751
0.18763
0.29445
0.30195
0.20406
0.18768
0.23209
0.29801
0.27314
0.18784
0.18769
0.27905
0.30027
0.22621
0.18777
0.21773
0.29831
0.29326
0.18819
0.18901
0.26557
0.30033
0.29474
0.19099
0.20481
0.29809
0.30453
0.19282
0.18784
0.25478
0.29960
0.26053
0.18800
0.19587
0.29777
0.30143
0.21049
0.18711
0.24299
0.29832
0.27767
0.18750
0.18809
0.29248
0.30032
0.23332
0.18855
0.22727
0.29787
0.29989
0.18699
0.18708
0.27315
0.29941
0.25822
0.18712
0.20602
0.29836
0.30263
0.21740
0.18803
