1.95724
1.86645
1.52549
1.54516
1.57260
1.66984
1.89228
1.88752
1.98726
2.04640
1.86037
1.67737
1.68009
1.84408
2.06120
2.06457
2.40503
2.31948
2.25115
2.08708
2.04183
1.68835
3.00033
1.79314
2.27158
2.47686
2.40518
4.11999
4.48968
4.36468
1.99593
1.82650
1.69435
1.33718
1.14387
1.07923
1.28834
1.32381
0.95487
1.24400
1.28008
1.26777
1.16361
1.02705
0.62190
0.62308
0.62479
0.77039
1.01874
1.02127
1.01391
0.97418
0.68068
0.59634
0.64752
0.96631
1.03894
1.37418
1.39482
1.26843
0.66270
0.90461
1.12967
1.36514
1.34527
1.38396
1.59270
1.20789
1.49490
2.13886
1.93112
1.65570
1.64103
1.47292
1.47967
1.85573
1.96694
1.34063
1.23947
1.55617
1.84038
1.85074
1.99886
1.93438
1.43852
1.08025
1.07104
1.14713
1.41404
1.42542
1.48602
1.30490
1.67159
1.91360
1.77260
1.73000
1.76067
1.36248
1.33426
1.73718
1.86167
1.48097
1.57297
1.57371
1.28746
1.16743
1.17726
1.39123
1.57828
1.57767
1.50607
1.26285
1.28739
1.34229
1.34573
1.35064
1.34361
1.09389
1.05761
1.43602
1.60219
1.59819
1.66111
1.55939
1.12519
1.55811
0.92584
1.00530
1.21116
1.80867
2.17287
2.47774
1.82068
2.16792
2.17126
2.17796
2.50646
2.36337
2.04757
2.16987
2.06583
2.29713
1.55761
1.54945
1.56002
1.70756
1.44803
2.43263
3.47585
2.48361
2.41171
2.44596
2.11511
2.35413
2.61822
2.80188
2.97762
3.03121
3.05713
2.70943
2.64027
1.59118
2.10571
2.42119
1.40905
1.58139
2.15021
1.33896
1.30206
1.26203
1.04972
1.08272
2.06525
1.89773
1.23420
1.23210
1.55734
1.52450
1.75165
1.70058
1.27804
1.08758
0.89114
0.80361
1.71408
1.67702
1.66805
1.08169
1.07361
1.07441
1.24585
1.75744
1.08133
1.20989
1.35575
1.36103
0.88815
0.86694
0.87187
0.84400
0.68875
0.58937
0.59004
0.59044
0.59021
0.58832
0.65212
1.28663
0.58692
0.58781
0.58792
0.67254
0.70322
0.77841
0.86530
0.86849
0.87155
0.81448
0.80481
0.81527
0.58985
0.58946
0.58817
0.58687
0.58644
0.58473
0.58647
1.00798
1.06445
0.64823
0.70628
0.70599
0.72088
0.86104
0.86272
0.86673
0.87156
0.87453
0.88221
0.76444
0.71830
0.71769
0.69562
0.73695
0.65092
0.73560
0.99315
0.99467
0.78644
0.68003
0.64020
0.68509
0.86130
0.86330
0.86300
0.86577
0.87803
0.79074
0.79583
0.80722
0.66219
0.63737
0.63563
0.63420
0.63568
0.64330
0.74625
0.75087
0.75438
0.75414
0.75538
0.75368
0.87050
0.90998
0.86342
0.82588
0.87894
0.92722
0.92926
1.23844
1.39722
1.87410
2.22503
2.11658
1.37316
1.21697
1.38928
1.90501
