2.02573
1.65633
1.65230
1.66450
1.64485
1.69235
1.22528
1.01023
1.00975
1.00828
1.35392
1.48357
1.52235
1.52480
1.52533
1.56530
1.02013
1.00993
1.01102
1.01012
1.00307
1.00232
1.00315
1.00963
1.00842
1.00767
1.00748
1.49970
1.50083
1.48502
1.43797
1.46403
1.43383
0.95240
0.94600
0.95385
0.95222
0.94980
0.94560
0.94295
1.25192
1.40867
1.44292
1.46152
1.47402
1.49303
1.37233
0.97137
1.37662
1.70333
1.72605
1.73240
1.73198
1.85773
2.20440
2.24432
1.52650
1.48182
1.48177
1.44332
0.97390
0.97440
0.97362
0.97042
0.97162
0.97368
0.97430
0.97615
0.97955
0.98047
0.97930
1.11008
1.44510
1.48133
1.48863
1.49550
1.50710
1.33027
0.99007
0.98598
0.98083
0.98887
0.99323
0.98760
0.99422
0.99960
0.98037
0.98252
0.96788
1.15788
1.42550
1.45825
1.47597
1.50688
1.53485
1.13880
0.97307
0.97218
0.99055
0.99895
1.00895
1.01915
1.02620
1.02153
1.02248
1.02293
1.02408
1.38102
1.48618
1.49748
1.55070
1.54133
1.19712
1.04883
1.05382
1.05297
1.11615
1.76503
1.77337
1.77868
2.22548
2.23410
2.27303
2.42040
2.46053
2.24730
2.00120
2.00025
1.34643
1.29653
1.19442
1.19602
1.19738
1.20422
1.20600
1.19915
1.55113
1.66238
1.68572
1.69265
1.70107
1.57088
1.17997
1.18047
1.18330
1.18663
1.18510
1.18283
1.17938
1.18028
1.17348
1.17005
1.17997
1.17340
1.46558
1.62520
1.66333
3.90430
4.45933
4.36722
2.60257
1.16225
1.16362
1.16487
1.16453
1.15352
1.15273
1.15515
1.15760
1.15908
1.15695
1.15872
1.53300
4.29417
4.44282
4.63650
5.09202
4.97518
4.62462
2.93468
1.72913
1.71995
1.72142
1.74730
1.74860
1.74927
1.74735
1.74525
1.74492
1.74682
2.09738
2.20153
2.23033
2.25892
2.26763
1.73177
1.73300
1.73147
1.73818
1.74405
1.74568
1.74317
1.73682
1.73722
1.95000
2.19118
2.21257
2.23957
2.25260
2.28510
1.83102
1.74647
1.74868
1.74620
1.74727
1.75508
1.75397
2.18310
2.26065
3.13180
3.62545
1.73347
1.74340
1.52877
1.23245
1.23258
1.22940
1.22987
1.23075
1.23062
1.22948
1.22913
1.22962
1.22928
1.22882
1.27675
1.68548
1.71807
1.72697
1.73197
1.74355
1.52910
1.22758
1.22917
1.22818
1.22815
1.22760
1.22763
1.22747
1.22708
1.22675
1.22693
1.22658
1.39292
1.68442
1.71593
1.72732
1.73310
1.75405
1.37250
1.22337
1.22447
1.22620
1.22238
1.22523
1.22823
1.23040
1.23285
1.23337
1.30510
1.70618
1.68650
1.69992
1.72227
1.76212
1.42713
1.23102
1.23205
1.23170
1.23482
1.23418
1.22517
1.55423
1.69670
1.72842
1.73692
1.74770
1.77455
