12.90928
14.76397
16.80777
15.72298
14.46093
13.37240
12.90647
13.35533
14.75980
14.92232
13.67062
14.19280
14.98223
14.94797
16.23298
15.20422
14.08157
12.88127
12.93332
12.37310
13.44437
13.52817
14.29795
14.27747
21.01078
21.52590
19.58250
15.48880
18.20053
18.24567
24.09608
25.44670
14.49892
9.90315
8.74578
6.25178
8.07082
8.06423
7.55837
6.71147
5.36492
5.39042
5.97710
6.01278
6.17108
6.40273
6.15912
5.42683
5.33643
5.50188
6.12118
7.14665
7.85727
7.30902
6.50578
6.94272
9.22602
12.71415
19.50175
20.79822
21.75728
12.39313
6.67872
6.14087
4.91423
4.54672
5.07255
5.46995
5.21380
5.68103
5.69910
5.19407
5.09858
4.65605
5.24158
7.10507
7.23265
5.88782
5.43435
4.68293
4.83078
5.75785
5.37077
4.98847
4.94508
5.55705
5.12340
5.25067
5.47835
5.36002
5.58578
5.17158
4.65908
4.95593
5.51173
4.80463
4.31055
4.21855
5.03148
6.54850
6.45540
4.51637
4.15375
4.54705
4.76805
5.17737
5.54515
5.28373
4.87290
4.83615
5.20272
5.73563
5.63412
5.31572
4.74600
4.46170
4.86532
5.79947
5.83732
5.01872
4.13738
4.26915
5.10650
6.26563
6.03223
5.07213
4.13007
4.75642
4.77000
4.95830
4.72293
5.31687
5.48393
5.64042
5.28863
5.10883
4.90622
4.92710
4.89208
5.39390
5.45967
6.09035
5.84448
5.74275
5.27740
5.00418
5.26265
5.17505
10.11250
9.20883
7.95552
5.68378
5.39770
4.99852
6.02210
5.60237
5.99452
7.01747
6.53857
5.68775
5.06455
4.94338
5.40478
7.25470
7.42913
5.35553
5.55717
5.74777
5.56682
7.44820
7.43315
6.08433
7.04845
5.68033
6.73157
10.35275
15.33900
10.92345
6.94963
5.37418
6.41863
6.13357
5.64907
5.96377
5.79678
6.46705
4.74922
4.78575
5.12147
7.30827
7.59755
5.20360
4.38105
4.73237
4.87493
4.18905
4.54123
5.36432
6.19587
4.77978
4.44698
4.81227
5.48565
4.84337
4.61605
4.78507
5.61797
5.69638
4.59067
4.14992
4.35813
5.30488
6.09930
5.62627
5.22970
4.76360
5.08957
5.00137
4.60532
4.72210
5.40907
5.24435
4.83207
4.77507
5.22425
4.88638
4.27748
4.76827
5.04173
5.42108
4.55232
4.55772
4.67688
5.39407
5.83600
5.35365
4.86798
5.23492
5.54238
4.50110
6.39593
6.62810
5.83057
5.03607
5.33568
5.47890
5.67398
5.26718
4.25427
4.24558
4.68240
5.41058
5.25965
4.98913
4.39970
5.22018
5.13982
4.46445
4.65735
5.31197
5.35712
4.25377
4.33142
4.50958
4.86352
5.28595
5.23500
5.20008
4.93282
4.69238
4.19590
4.60222
5.58810
5.48897
4.28483
6.90575
8.15920
7.70250
7.50860
6.78087
6.40272
7.41142
7.38122
7.36033
7.43767
7.45380
6.99500
7.51417
