57.27342
58.51450
87.21820
101.54495
116.43902
103.53898
88.93500
96.02440
68.67795
73.17812
72.49198
94.05397
66.32135
79.90332
85.50410
63.35488
79.98513
56.16605
55.67005
57.62767
106.15013
140.71937
111.87027
107.39143
95.07887
86.51827
82.82685
55.77202
59.31012
84.54695
99.87350
93.27378
62.72448
80.93317
55.93438
74.64200
85.40118
87.07370
76.01470
58.25663
67.72270
55.69570
101.75303
86.64282
60.95795
65.54223
61.68363
114.94903
65.30162
87.02038
71.39975
81.64237
62.41972
64.96507
78.93183
90.50488
76.66870
65.94247
54.12532
86.81707
73.31742
60.42448
52.80523
54.98403
109.90340
106.46710
84.06903
83.24320
57.05298
72.25157
65.68085
66.06333
82.71435
65.58397
89.20988
63.13850
54.49562
56.73132
73.11693
76.19337
59.95952
54.10142
61.09515
74.67307
72.61485
66.37610
29.13765
33.30820
27.86623
28.01525
19.26962
36.30680
40.66477
18.82077
21.27290
19.78803
43.34377
71.51257
30.02890
21.59888
29.91272
49.94762
36.39243
22.50132
23.34012
46.42055
67.84132
48.86253
25.83685
19.71085
24.88387
32.61032
23.93365
49.69105
22.03195
63.63138
33.48430
21.74762
35.66967
25.53610
42.00272
56.18575
32.80307
22.14475
37.84175
52.16165
57.05302
58.30838
38.26925
37.78835
25.66812
26.71115
52.53655
68.81838
41.80172
31.42722
25.75720
31.50745
69.56868
39.00782
36.69707
46.40757
109.36127
84.17845
50.78703
50.55533
36.45012
37.66293
23.70005
23.77137
38.25755
58.24325
32.96010
87.69385
80.26487
63.73373
69.55158
52.84122
35.15833
31.25078
46.05328
37.37023
42.93007
27.48342
39.59567
55.96900
88.89738
72.42018
52.31330
61.76765
49.40922
21.38183
22.68273
48.72098
72.24218
55.43053
65.19188
32.22970
37.61977
55.42647
32.37958
64.65070
57.68632
46.90150
41.23382
74.85895
54.36498
60.87477
45.41742
44.76577
39.92310
37.83778
72.23572
54.16297
45.04008
23.38648
28.02770
40.25525
36.09660
75.02232
100.28195
115.07038
80.18475
61.71342
49.75012
58.82530
37.24920
29.22545
37.40715
35.72513
46.78845
42.25887
32.60135
23.85888
74.47873
85.09627
50.78440
51.50890
44.47495
51.34960
25.81775
73.33702
66.81915
58.51998
68.70597
37.48877
24.38855
54.97920
70.99587
55.57522
33.76455
32.56035
39.19397
40.82608
30.78510
48.31308
70.04950
44.77392
33.47555
37.18633
28.64858
55.58067
64.17087
33.02705
26.30372
23.72440
48.69047
68.33283
57.05973
35.74573
24.52070
41.10268
43.74297
55.37825
38.65190
47.56985
31.34710
24.58060
44.05643
53.40550
51.75592
58.48217
24.68798
36.83240
37.04753
65.73577
48.76005
34.76493
25.55342
46.44642
40.92488
47.49635
54.19380
58.02020
46.42062
27.04832
45.09092
41.02112
73.11595
27.77750
23.94865
33.77675
89.35248
71.80030
66.70257
36.12113
37.52957
42.60480
