0.53046
0.53481
0.63160
0.71600
0.66479
0.60522
0.52309
0.52281
0.52221
0.52234
0.52190
0.52325
0.52513
0.59106
0.65167
0.66247
0.67164
0.58774
0.57404
0.57580
0.58342
0.59319
0.52571
0.46617
0.54630
0.76593
0.60370
0.64779
0.31445
0.21469
0.21411
0.21255
0.21038
0.21100
0.21027
0.21061
0.26383
0.33852
0.33787
0.34036
0.30825
0.21347
0.21290
0.21301
0.21240
0.21303
0.21321
0.21331
0.25377
0.34112
0.41673
0.34395
0.34640
0.31095
0.21614
0.21659
0.22413
0.24500
0.24584
0.24941
0.25064
0.25130
0.25182
0.28027
0.39140
0.49706
0.59295
0.61424
0.70125
0.55593
0.53144
0.45688
0.44669
0.43361
0.43507
0.43949
0.43723
0.54431
0.56089
0.58510
0.57894
0.58537
0.45578
0.47336
0.44985
0.45906
0.44387
0.44393
0.44501
0.54671
0.64073
0.64693
0.63186
0.66610
0.51672
0.46653
0.61118
0.56108
0.48594
0.45619
0.50342
0.58813
0.64592
0.69266
0.73888
0.60693
0.52401
0.61560
0.41082
0.48555
0.94051
0.58035
0.63175
0.94405
0.57475
0.56467
0.79661
0.32073
0.34234
0.34744
0.34593
0.34692
0.36216
0.35087
0.36098
0.45942
0.45636
0.44551
0.45062
0.38824
0.31709
0.31713
0.33341
0.27805
0.22998
0.24245
0.31559
0.34287
0.34782
0.35071
0.34293
0.23197
0.23233
0.22129
0.43703
0.72226
0.39937
0.24125
0.27363
0.35679
0.31098
0.26972
0.36824
0.41518
0.84573
0.80887
0.38009
0.24090
0.24033
0.31090
0.32983
0.61297
0.66134
0.67445
0.71770
0.56208
0.55540
0.51209
1.12217
0.82942
1.12718
1.07582
0.35811
0.28769
0.34439
0.28271
0.60207
0.76871
0.29247
0.18897
0.19094
0.19107
0.37264
0.60390
0.56901
0.64984
0.24716
0.31217
0.69487
0.80549
0.68437
0.64908
0.52995
0.69404
0.31901
0.18915
0.18924
0.18940
0.20322
0.31328
0.31513
0.32016
0.42433
0.68092
0.39567
0.19096
0.19078
0.19083
0.19061
0.19010
0.23426
0.31364
0.46687
0.75973
0.52373
0.19054
0.19210
0.19161
0.18988
0.19021
0.18960
0.18988
0.50427
0.79510
0.57298
0.25754
0.18993
0.19127
0.19160
0.19083
0.19037
0.19025
0.18986
0.19303
0.31436
0.31591
0.31970
0.20981
0.19007
0.18969
0.19026
0.19116
0.19123
0.19079
0.18997
0.25138
0.31457
0.31631
0.31133
0.21073
0.21525
0.21511
0.21652
0.21604
0.21452
0.21450
0.21483
0.30741
0.34009
0.34162
0.34503
0.23355
0.21484
0.21515
0.21645
0.21610
0.21537
0.21544
0.21560
0.26653
0.34097
0.34292
0.34541
0.37018
0.44361
0.44477
0.44444
0.44410
0.44488
0.44438
0.44896
0.50826
0.58721
0.61431
0.58929
0.57552
0.47061
0.42577
