2.96318
2.91128
3.02982
2.16113
2.21142
2.16988
2.17625
2.17723
2.76272
2.99008
2.92168
2.66588
2.16560
2.16505
2.18077
2.11035
2.26700
6.24298
3.76478
2.25055
1.54215
1.33945
1.34082
1.33910
1.40488
1.79057
2.12683
2.09163
1.91752
1.36305
1.27762
1.34170
1.44403
1.34887
2.12380
3.13220
16.64080
18.39790
22.87990
27.69235
27.12782
21.90820
3.67433
5.10277
4.01013
2.24025
4.16085
3.28693
2.50363
2.48643
2.42492
2.97555
2.80233
2.26388
2.17132
1.73638
1.74580
1.74005
1.66845
1.57870
2.30110
2.29477
2.31365
1.67520
1.52980
1.53542
5.41965
3.95128
2.14553
2.36113
2.35247
2.03315
1.58527
1.59105
1.57790
1.56937
1.63352
2.39482
2.37382
2.37805
1.73123
1.56920
1.52838
1.51042
1.48880
1.82010
2.28380
2.31340
2.27012
1.52785
1.55267
1.53007
1.53210
1.56137
2.19255
2.38803
2.36598
2.05602
1.59615
1.59510
1.59478
1.59523
2.36492
4.09728
4.09028
4.15600
3.45008
3.30972
3.31445
3.09643
2.94482
3.24073
2.44182
2.47872
2.34165
1.69163
1.66828
1.92162
2.05858
2.05092
2.83377
3.04065
3.01248
2.63373
3.00860
3.22613
4.08835
7.18018
1.91865
2.40117
2.39075
2.37498
1.61178
1.61220
1.61335
1.61203
1.61353
2.08565
2.41140
2.39698
2.27515
1.62020
1.61260
1.61058
1.60392
1.59893
2.32772
3.00412
3.73637
3.42708
2.91525
2.91142
4.40608
20.62630
16.72832
24.37058
24.95645
29.45500
29.41383
29.35062
27.61708
3.54623
3.23080
3.32665
3.95703
3.64415
2.65087
4.52925
4.59553
3.82753
2.68617
7.59237
4.28685
0.69980
0.70018
0.69770
1.33038
1.52765
1.53808
1.02168
0.77287
0.79683
0.74828
0.76165
0.77902
1.45062
1.55698
1.55223
1.02258
0.77665
0.77572
0.77718
0.77657
0.77573
1.54557
1.55717
1.57540
0.92287
0.78025
0.77942
0.77920
0.77913
0.89482
1.57422
1.56248
1.59140
0.78578
0.78675
0.78643
0.78763
0.78852
1.08292
1.58047
1.56262
1.42250
0.78615
0.78823
0.78810
0.78740
0.78832
1.29932
1.57722
1.55677
1.22337
0.78313
0.78440
0.78923
0.78997
0.78623
1.54887
1.57927
1.59182
0.95073
0.78748
0.78870
0.78600
0.78510
1.04585
1.58062
1.56425
1.47615
0.78368
0.78333
0.78342
0.78318
0.78285
1.35105
1.57547
1.56057
1.18077
0.78278
0.77925
0.78183
0.78080
0.87442
1.58142
1.56462
1.59798
0.81993
0.79040
0.78853
0.78673
0.78712
1.24203
1.58067
1.56035
1.30408
0.86493
0.91367
1.03080
1.05320
1.07952
1.85552
1.83998
1.87795
1.29207
2.08348
2.53623
1.94575
1.83322
2.28238
2.67325
2.64398
2.41070
1.89480
1.91228
1.89317
1.87158
