6.38852
6.38163
6.99977
6.53890
6.52185
6.47038
6.10362
6.14615
5.99653
6.34448
6.61483
6.40408
6.45243
6.70270
6.49608
5.11207
5.16803
5.20385
5.39462
5.58165
5.44205
4.70468
3.19142
2.65873
2.54012
2.51727
2.72097
3.45113
3.14328
2.64615
2.63445
1.48500
1.81662
1.43092
2.12140
2.44173
1.74998
2.16353
2.96758
3.06823
3.24187
2.75708
2.03305
2.55797
2.52737
2.56312
2.54275
3.12915
2.34045
1.91732
2.01180
2.42983
2.67400
2.74002
2.75520
7.84583
15.65868
18.02773
5.61632
1.83145
2.31108
1.85405
1.87935
2.21602
2.15007
1.89685
1.86113
1.21868
2.94758
4.14650
2.08637
1.71765
1.73208
2.24438
1.21472
1.61222
1.56587
1.06897
1.71285
1.71810
1.72727
2.35883
1.70230
1.72302
1.74773
1.49690
1.00240
0.98592
1.39018
1.63823
1.69053
2.09007
2.05883
1.72145
1.57542
1.05958
1.05603
1.04562
1.13865
1.71978
1.72842
1.73422
1.73843
1.79563
3.04667
2.33212
1.73518
1.82188
1.15572
2.14920
2.28455
2.52132
2.76897
2.49193
2.55765
2.24143
1.81028
1.31435
1.05677
1.46610
4.88707
6.85287
2.76672
4.28502
4.76920
6.23005
2.36008
1.05918
1.07890
2.15360
2.25685
2.25957
2.02765
1.75237
1.08282
1.64510
2.64870
3.19527
5.20108
7.11660
4.77070
4.68420
3.14342
2.30883
3.44758
4.16253
11.05185
4.16142
3.81420
4.50165
6.08475
4.07607
4.94085
7.29452
7.43458
9.91448
5.13542
2.34193
2.13718
3.51817
1.53460
1.98317
1.83037
7.43530
5.86307
4.90617
3.81708
3.33930
1.77517
1.75640
3.46742
2.73492
1.23240
2.98538
2.53065
1.65427
3.73877
3.00303
2.06945
3.35555
2.50392
1.84090
3.18155
2.51915
1.38588
3.12663
3.70588
2.33048
2.42710
3.51362
1.63860
1.64032
4.27627
2.15473
2.31067
4.73480
2.62380
1.66685
3.74405
2.19902
1.88320
2.87358
4.37162
2.33877
2.12260
4.02765
1.91457
1.65943
2.46392
3.43383
1.65858
2.10923
3.84890
3.34720
1.66272
1.66712
3.84398
2.11037
2.11392
2.33033
4.30993
2.90675
1.74457
1.67052
2.84527
3.19820
2.32067
2.33182
2.78508
3.95925
1.65783
1.65997
1.65852
3.14407
2.65467
2.26322
2.33988
2.23425
1.66320
1.67577
3.15353
2.83620
2.31827
2.33053
2.34245
2.13347
3.81888
1.99605
1.68022
2.22493
2.32010
3.12480
4.02542
2.11347
1.66398
1.65212
1.64860
1.64480
1.65578
1.97568
2.33600
2.35540
2.18023
1.69202
1.70445
1.83702
2.35165
2.35390
2.35737
2.36285
2.53772
2.89693
1.85697
1.71675
1.73388
2.35550
2.44443
2.54475
3.07148
3.55368
6.10060
5.75398
5.59323
4.85338
4.67433
4.97170
5.40195
5.42562
