2.54562
1.85284
0.67040
0.67428
0.79466
0.79535
0.79654
0.80017
0.80091
2.34825
4.01770
4.02722
4.02444
0.85005
0.67346
0.67050
0.67097
0.76109
0.79472
0.79830
0.80104
0.80391
0.79096
0.67432
0.67550
0.67416
0.66696
0.66179
0.66084
0.66132
0.69796
0.78921
0.78782
0.74859
0.69330
0.69597
0.63654
0.57539
0.58819
0.59224
0.60046
0.61478
0.63325
0.65512
0.76761
0.94965
1.69003
1.77554
3.93025
5.39069
1.25143
1.48201
1.43518
1.31618
1.40815
1.55166
1.65852
1.81876
2.04962
2.09852
2.11434
2.04540
1.69784
1.35817
1.38901
1.41333
1.45225
1.48513
1.51963
1.57533
1.69749
1.81567
1.67715
1.34133
1.56004
1.80038
1.76667
2.10969
1.94701
1.67363
1.75363
1.58704
1.62204
1.63474
2.96350
3.84823
4.17524
4.07104
4.15245
4.59500
8.84276
7.39036
4.58058
4.81518
5.08045
4.87369
5.16382
5.20718
5.17578
5.28496
5.18058
5.22194
5.25881
5.49948
5.86272
6.08526
15.46306
16.31094
9.38678
4.80819
4.15423
5.52151
5.54739
5.58894
5.69670
5.86018
5.62178
6.02712
10.99358
10.65437
6.88800
2.47812
3.30743
3.37027
3.45205
3.58136
4.03550
3.65663
3.48841
3.45852
3.44398
3.45387
3.52603
3.62600
3.58695
3.53990
3.44126
3.37923
3.35416
3.24026
4.99473
5.79146
7.42646
9.35209
8.16565
8.04224
8.06835
3.07679
2.90087
2.84742
2.84875
2.77609
2.40339
2.38202
2.37049
2.38712
2.23495
2.25610
3.05660
3.70467
4.56620
4.94469
2.33566
2.39930
4.43084
7.70568
7.78115
7.72638
4.70263
4.35781
4.48713
2.39674
1.01334
1.62470
1.30940
2.09390
2.32243
2.02845
3.00623
6.63844
11.64412
5.43127
0.87436
1.01781
1.09486
0.74749
0.64922
0.57854
0.58072
0.58709
0.58728
0.58291
0.57967
0.58117
0.58165
0.68412
0.70750
0.70855
0.70539
0.58019
0.58514
0.58595
0.58651
0.61426
0.58474
0.58061
0.58079
0.62658
0.70834
0.70879
0.71296
0.64142
0.58163
0.58600
0.58656
0.58331
0.58135
0.58162
0.58261
0.58265
0.69740
0.70738
0.71122
0.71194
0.60277
1.59032
3.96847
3.96502
2.11850
0.70704
0.84683
0.84678
0.90454
0.97594
0.97677
0.98007
0.91270
0.85094
0.84840
0.84819
0.84819
0.84598
0.84627
0.84625
0.84698
0.97090
0.97457
0.97998
0.97862
0.84748
0.84693
0.84629
0.84971
0.72179
0.58277
0.58014
0.57969
0.64412
0.70773
0.71034
0.71690
0.64931
0.58511
0.58669
0.58465
0.58666
0.58995
0.59271
0.59392
0.70059
1.19058
2.17850
2.17606
2.18556
6.64940
2.70420
3.07984
3.66404
3.70184
3.72036
3.72545
3.75398
3.79913
3.52234
4.25400
3.69530
4.33756
4.22068
