5.16225
5.16832
10.68980
5.50942
4.97887
5.13718
6.09398
5.76642
4.99305
4.52937
4.58918
3.93358
4.53502
4.78748
4.69197
4.48200
4.36193
5.40333
4.92887
4.59700
4.65720
4.21505
3.91325
4.81673
4.71042
3.94932
4.08117
4.63273
4.29452
4.92532
5.01912
4.87302
4.25725
4.62907
4.85763
4.29422
3.48080
4.27460
4.24418
3.89407
6.64602
8.25430
5.24933
7.03505
4.85580
4.29160
3.72470
3.62125
4.11288
3.61205
3.18870
4.31720
3.48520
3.55348
4.15900
4.36170
3.32593
3.64955
3.90247
3.52152
3.37965
3.77543
4.81875
4.41887
4.55177
5.48163
5.62112
5.63453
6.04488
5.09352
4.32453
4.47097
5.90903
4.81877
4.62135
5.26747
4.95140
5.06727
5.57098
6.56508
4.90918
4.41505
5.06265
4.65397
4.49995
6.12252
5.08193
4.39093
4.69293
5.72352
5.72585
5.30717
5.34512
4.97237
4.67308
5.34990
6.70717
5.21833
5.38320
5.03613
4.65480
5.87975
5.97117
4.95568
4.63265
4.98762
4.58627
4.83635
4.92072
4.93712
4.32155
4.41545
6.38800
5.53128
4.88318
5.16680
11.44870
7.00582
8.15522
6.64795
11.44882
4.28232
4.28977
5.08310
5.20943
4.87873
4.87740
5.34658
4.72897
4.64502
4.59050
5.03328
4.78877
4.30025
4.28207
5.56248
5.49148
4.04827
4.09402
4.84730
4.03602
3.73982
3.81400
4.51098
3.61857
3.24128
3.75742
4.41697
4.08017
4.36557
6.35007
11.52892
10.95500
9.83817
9.49570
4.14103
3.08568
3.07388
3.58057
2.99567
2.74413
3.63667
4.21128
4.14095
3.31047
3.15493
4.20800
3.35560
4.64543
4.54195
6.43910
11.81578
8.58110
6.08585
5.41550
6.01765
6.35932
5.29198
3.57185
6.59537
7.77917
5.52138
5.13103
5.18872
3.25498
3.97527
9.43012
8.47063
2.89197
3.42418
6.16883
8.99458
3.65553
3.24782
4.07300
8.63000
5.12622
5.65650
7.81482
9.12127
3.42163
2.70028
3.27040
5.53243
8.51233
8.51123
8.78680
2.79953
2.80298
3.47933
3.61010
3.52307
2.49093
2.50070
3.20277
3.40917
2.49773
2.49700
2.63465
3.22840
3.42022
3.09928
3.09915
3.69925
2.81023
2.69538
2.90968
3.04942
2.97070
2.50608
2.49872
3.29702
3.46892
3.10592
3.16132
3.81990
3.74967
3.09385
2.49950
2.63090
3.21893
2.65858
2.68448
2.92215
3.22240
2.77227
2.49343
2.49770
3.52978
3.07292
2.49697
2.50037
3.04737
2.96212
3.06762
2.48473
2.97252
3.04487
2.48722
2.68002
3.29363
3.09307
2.48718
2.49120
2.82905
3.55178
2.66650
2.48185
2.80315
3.24040
2.64932
3.53213
3.18023
3.23558
2.52637
2.49400
2.98422
3.81635
3.06652
3.01713
3.49758
4.74173
4.55205
4.22630
3.80208
4.39848
3.83703
4.27175
