1.90595
1.89858
1.89833
1.89468
1.89735
1.90025
1.94288
1.96642
1.96832
1.96363
1.98895
2.06047
2.05697
2.06190
2.06950
3.77565
5.04067
6.71468
7.25817
6.08598
4.92860
6.85592
8.42620
6.65528
5.54022
5.53468
5.63050
5.54215
6.42377
5.58277
5.63345
5.66868
5.67848
5.67180
5.55195
5.53170
5.30283
5.05095
5.05550
5.02435
5.04728
5.03762
5.02690
5.08177
5.05728
5.07088
5.09420
5.08197
4.85447
4.92270
4.97448
5.21583
4.39615
4.40405
4.08000
4.09527
4.08600
4.08170
4.08440
4.08370
4.08315
4.07367
4.10775
4.16450
4.95508
2.38407
1.90252
1.14288
1.14227
1.14183
1.14228
1.14083
1.13950
1.13973
1.13693
1.13360
1.13078
1.12818
1.12780
1.13070
1.57892
2.82225
3.76975
3.77333
3.83248
3.90088
3.87173
3.65017
3.64558
3.74693
3.78872
3.81043
3.80992
3.78700
3.84338
3.95923
4.06317
4.06985
4.26152
4.25840
4.56765
4.99733
4.98818
4.11963
3.78255
3.79658
3.68080
3.53652
3.52053
3.52430
3.67100
3.74822
4.67022
4.81315
4.75537
5.00150
7.97985
6.00733
3.79503
3.66342
3.65925
3.62560
3.56768
5.41188
3.57513
6.47008
3.66738
3.53648
3.54963
3.63990
3.64838
3.64778
3.72502
3.77237
3.79392
3.87998
3.90593
3.92063
3.88445
3.73183
2.68930
2.56760
4.31915
5.39895
3.15678
1.78960
1.61612
1.21012
1.21190
1.20702
1.20800
1.21638
1.25378
1.73020
1.72913
1.73095
1.73798
1.72900
1.80572
1.81098
1.80230
1.42200
1.31457
1.29065
1.31297
1.69605
1.97573
1.70543
1.72177
3.79277
4.34287
3.89277
3.51252
3.41140
3.17240
3.26787
5.79737
3.56337
3.45642
3.49403
3.50467
3.50388
3.50942
3.51027
4.73032
7.29057
4.82753
2.99827
3.02138
3.03413
2.99105
2.88800
2.80577
2.50772
2.42595
2.43032
2.42998
2.43462
2.43672
2.43632
2.43820
2.44085
2.44177
2.44657
2.44808
2.44640
2.44458
2.44755
2.44913
2.44702
2.45045
2.53278
2.90048
2.93200
2.80467
2.39152
2.34920
2.35848
2.36150
2.35568
2.34735
2.35460
2.36610
2.36752
2.35485
2.34875
2.36245
2.36960
2.36972
2.35887
2.35658
2.36120
2.36957
2.36992
2.36495
2.54353
2.28255
1.01542
1.08310
2.24918
1.00067
1.39532
1.89323
1.03217
1.68342
1.64063
1.00093
1.51248
1.76888
1.00363
1.08938
2.11518
1.00340
1.00388
1.00370
1.00298
1.00258
1.00252
1.00282
1.00195
1.00273
1.00295
1.00338
1.00303
1.00275
1.00303
1.00217
1.00340
1.00282
1.00375
1.00248
0.99940
0.99942
0.99952
0.99965
0.99993
0.99962
0.99947
0.99977
0.99948
0.99920
1.02743
1.14853
1.14867
1.14768
1.14798
1.14732
1.14545
