1.36885
1.20445
1.19930
1.20288
1.20243
1.20508
1.20227
1.19907
1.20090
1.20205
1.20521
1.20449
1.19255
1.17952
1.20153
1.18399
1.16760
1.19109
1.18062
1.17791
1.18798
1.17224
1.20852
1.36693
1.24193
0.46527
0.33128
0.32837
0.33228
0.33179
0.33043
0.33330
0.33259
0.33606
0.32368
0.32223
0.33943
0.32780
0.31811
0.33486
0.32269
0.31880
0.33446
0.32050
0.31744
0.45678
0.44506
0.33080
0.33053
0.33218
0.33087
0.33018
0.32789
0.37932
0.46726
0.46814
0.46718
0.44942
0.47065
0.47410
0.31302
0.32514
0.33557
0.31488
0.32121
0.32952
0.30726
0.34706
0.50793
0.37509
0.32964
0.32888
0.32504
0.32302
0.32272
0.32492
0.32463
0.32670
0.32693
0.32639
0.30474
0.33272
0.33000
0.29937
0.32667
0.32391
0.29824
0.32253
0.31913
0.29383
0.36734
0.49872
0.34040
0.33075
0.42079
0.41850
0.42221
0.42304
0.42682
0.43019
0.43406
0.43756
0.44198
0.34997
0.32706
0.32814
0.30789
0.32183
0.32507
0.30171
0.32542
0.32494
0.30245
0.31813
0.48949
0.41104
0.32662
0.38455
0.45706
0.45823
0.46136
0.46295
0.46690
0.47649
0.32774
0.32612
0.30760
0.33278
0.32878
0.29801
0.31961
0.32371
0.30345
0.32050
0.32635
0.30113
0.33754
0.50147
0.35366
0.32430
0.32405
0.32366
0.32370
0.32403
0.32154
0.31979
0.30222
0.31316
0.36433
0.31401
0.30982
0.32814
0.32074
0.31013
0.42677
0.51083
0.33553
0.33865
0.34030
0.34378
0.32933
0.33684
0.33963
0.31691
0.34287
0.33743
0.32124
0.34556
0.33168
0.32903
0.52130
0.55590
0.52220
0.52622
0.41328
0.34855
0.34769
0.34937
0.34847
0.34782
0.34889
0.41635
0.50076
0.52004
0.51081
0.50917
0.41361
0.33854
0.33112
0.34852
0.33465
0.33513
0.49654
0.56424
0.52907
0.53450
0.43030
0.35012
0.35018
0.35078
0.35091
0.35117
0.35018
0.34487
0.32792
0.35035
0.68885
1.15905
1.18020
1.16137
1.16427
1.17754
1.16157
1.18877
1.35936
1.22257
1.18408
1.18529
1.18450
1.18637
1.18193
1.18398
1.18694
1.18619
1.18819
1.18010
1.16110
1.18487
1.17202
1.16590
1.18488
1.17093
1.17479
1.18459
1.16174
1.19980
1.36205
1.21704
1.29196
1.31517
1.31716
1.32210
1.33066
1.33452
0.82882
0.34504
0.34610
0.32778
0.33642
0.34520
0.32330
0.33676
0.34622
0.32292
0.33807
0.34403
0.31734
0.39285
0.52466
0.35029
0.34314
0.34389
0.34343
0.34352
0.34328
0.38178
0.34103
0.34123
0.33506
0.31861
0.34066
0.33853
0.31639
0.33987
0.33513
0.31406
0.34014
0.33620
0.31294
0.39158
0.51568
0.34106
0.33854
0.33988
0.34150
0.34095
0.34039
0.33991
