1.79040
1.78702
1.79450
1.81222
1.71235
1.12042
1.43988
3.96453
5.06365
4.13472
3.87642
5.75050
8.68818
5.19523
10.89615
12.40208
5.16682
5.70903
5.76427
5.29505
4.41147
4.52327
7.51248
4.66465
4.68850
4.77833
4.66120
4.04163
3.36613
3.30673
3.26302
3.26907
5.23685
7.38280
3.54342
3.72292
7.98458
12.72062
8.10382
14.41198
17.20555
13.87455
2.72990
1.83900
1.75522
1.70727
1.63868
1.67045
1.53615
1.58932
1.65298
1.19922
1.61270
1.82340
1.86417
1.88093
1.83900
1.85083
1.81462
1.81105
1.83340
1.90875
1.97627
6.19243
3.73820
2.14492
1.59088
1.65210
2.01117
1.91285
0.95167
1.27958
1.76700
1.65597
4.15488
1.60278
1.63048
1.65378
5.01705
2.19082
1.69208
1.72988
1.77263
0.98237
0.86568
0.91013
3.79123
3.81830
0.93417
0.80627
0.83373
1.54538
1.56127
1.60668
0.87052
1.81418
2.13795
2.36255
2.41430
2.11935
1.70352
1.85328
0.95932
1.21110
1.67643
1.75250
2.34603
1.38910
1.25763
1.39182
2.00322
1.87452
1.86427
1.87925
1.22965
1.36647
1.03462
1.39563
1.69377
1.68447
1.11668
0.96245
1.05685
1.73697
1.99687
2.45377
1.50978
1.81417
2.14320
2.87637
2.85177
2.72667
2.29260
2.24582
4.13837
2.67283
1.84350
1.84408
1.47507
1.08023
2.91918
6.91887
6.95670
7.07818
8.90777
2.24137
5.18590
3.17563
4.21958
3.93425
0.83798
0.90518
1.67262
1.76373
1.80625
1.47780
2.37465
0.83358
0.71028
1.16518
1.41885
1.58537
1.09050
0.62932
0.62437
0.83468
1.38130
1.39498
1.80197
1.84523
1.97180
1.98797
3.01857
2.99908
4.24780
5.80037
5.23473
4.61223
4.83958
3.21070
1.29517
1.25428
0.52892
0.53035
0.53693
1.07028
1.30250
1.32495
0.67603
0.53747
0.53925
0.92493
1.30563
1.32190
0.80485
0.53725
0.53400
0.80622
1.29842
1.30857
1.19872
0.53522
0.53533
0.53532
1.28615
1.31452
1.33582
0.54042
0.54415
0.55670
1.22130
1.31770
1.34210
0.60063
0.53857
0.54103
1.19105
1.31663
1.32770
0.68072
0.53743
0.55153
1.16478
1.30525
1.32007
0.77198
0.54203
0.54155
1.13498
1.31537
1.31782
0.82813
0.53657
0.55677
1.08112
1.30452
1.31403
1.09792
0.53647
0.53637
0.85245
1.30683
1.31167
1.32685
0.71315
0.55520
0.54187
1.29735
1.30975
1.31990
1.10188
0.54893
0.55092
1.00442
1.32220
1.34528
1.43057
0.80280
0.67123
0.70238
1.41763
1.42702
1.44522
1.45108
1.02907
0.84582
0.84732
2.11690
2.76838
3.96565
3.96967
2.92478
2.23180
2.11662
2.13400
1.32018
1.31400
1.68008
2.11203
2.13447
2.60438
2.12948
2.12367
2.13008
2.14318
2.15005
2.55662
3.51368
