2.07435
2.72105
2.40982
2.17838
2.53943
3.04100
2.76687
1.68922
1.63948
1.89088
2.19622
2.23038
1.66948
1.63742
1.94808
2.20015
2.22390
1.72878
1.64792
1.92223
2.20602
2.21612
1.84607
1.65145
1.84812
2.64717
2.22480
1.96458
1.72183
1.90672
2.28588
2.30318
1.91118
1.71008
1.80602
2.18243
2.72367
1.88782
1.62922
1.87672
2.17622
2.10563
1.63975
1.64745
2.08733
2.20183
1.93522
1.97467
2.34555
1.98338
1.23830
0.70355
0.66803
1.01330
1.21865
1.01052
0.66590
0.74578
1.20127
1.22352
0.70348
0.65530
1.00022
1.20535
0.99897
0.66768
0.74567
1.20405
1.23728
0.70243
0.67722
1.03318
1.22253
1.00223
0.68590
0.77892
1.23092
1.27848
0.69748
0.69542
1.05870
1.24363
1.00840
0.70013
0.79460
1.24477
1.28137
0.71288
0.71458
1.07320
1.26165
1.01532
0.72970
0.81685
1.27163
1.29147
0.73648
0.74137
1.10035
1.29275
1.03880
0.74562
0.82818
1.29440
1.32582
0.76912
0.76508
1.07558
1.30377
1.03705
0.70940
0.74772
1.23743
1.32428
0.75660
0.72315
1.03628
1.26845
1.04263
0.73667
0.74415
1.29343
1.32250
0.83017
0.79008
1.02587
1.32857
1.15058
0.78200
0.78263
1.41520
1.76113
1.27520
0.79823
0.99147
1.62632
1.38018
0.77992
0.78622
1.37992
1.79232
1.28233
1.01200
1.22132
1.54777
1.40472
1.00660
1.00650
1.47998
1.55742
1.11853
1.00428
1.20530
1.53642
1.39328
0.99337
0.99135
1.46280
1.53958
1.08773
0.97595
1.18462
1.51308
1.35655
0.96593
0.96350
1.44375
1.50010
1.02207
0.92368
1.15173
2.83837
1.90185
0.91183
0.91400
1.87032
3.21533
0.96827
1.10972
3.23268
1.49110
2.51480
2.71662
1.93982
4.53535
2.73313
3.62553
1.91798
2.97358
3.23970
1.69605
3.08302
1.13632
3.69522
1.59427
1.81667
2.44673
1.38285
3.65037
1.33557
1.32758
2.93155
1.46750
1.92312
2.60217
0.93483
1.32945
3.04177
1.74515
0.93632
1.04493
1.47588
1.42398
0.93440
0.93488
1.29182
1.55712
1.22532
0.94575
0.99157
1.48187
1.49705
0.93898
0.93862
1.22762
1.48922
1.27065
0.93753
0.93815
1.47225
1.50973
1.02028
0.93840
1.16043
1.49007
1.36568
0.93918
0.93843
1.39525
1.50137
1.13107
0.93887
1.08867
1.49155
1.46630
0.94095
0.94503
1.32787
1.50163
1.47370
0.95495
1.02403
1.49045
1.52267
0.96410
0.93920
1.27392
1.49802
1.30263
0.94000
0.97933
1.48883
1.50717
1.05247
0.93555
1.21497
1.49160
1.38835
0.93748
0.94045
1.46240
1.50158
1.16662
0.94273
1.13635
1.48933
1.49945
0.93495
0.93542
1.36573
1.49703
1.29110
0.93562
1.03008
1.49178
1.51315
1.08702
0.94013
