9.78618
9.33227
7.62747
7.72582
7.86298
8.34920
9.46142
9.43760
9.93628
10.23198
9.30183
8.38683
8.40043
9.22042
10.30600
10.32285
12.02517
11.59740
11.25573
10.43542
10.20913
8.44173
15.00167
8.96568
11.35788
12.38432
12.02592
20.59993
22.44840
21.82338
9.97965
9.13250
8.47177
6.68592
5.71935
5.39617
6.44170
6.61905
4.77433
6.22000
6.40038
6.33885
5.81807
5.13525
3.10950
3.11538
3.12393
3.85195
5.09370
5.10633
5.06957
4.87090
3.40342
2.98168
3.23758
4.83153
5.19470
6.87090
6.97412
6.34217
3.31350
4.52305
5.64835
6.82570
6.72637
6.91980
7.96350
6.03947
7.47452
10.69430
9.65558
8.27850
8.20513
7.36462
7.39835
9.27867
9.83468
6.70317
6.19737
7.78087
9.20188
9.25370
9.99428
9.67188
7.19260
5.40123
5.35520
5.73567
7.07020
7.12712
7.43012
6.52450
8.35795
9.56798
8.86298
8.64998
8.80333
6.81242
6.67132
8.68588
9.30837
7.40485
7.86487
7.86853
6.43728
5.83717
5.88632
6.95617
7.89138
7.88837
7.53035
6.31427
6.43695
6.71143
6.72865
6.75322
6.71805
5.46943
5.28807
7.18010
8.01097
7.99095
8.30555
7.79695
5.62593
7.79055
4.62922
5.02652
6.05582
9.04335
10.86433
12.38872
9.10340
10.83962
10.85632
10.88978
12.53232
11.81687
10.23787
10.84935
10.32915
11.48563
7.78805
7.74725
7.80010
8.53778
7.24013
12.16317
17.37927
12.41805
12.05855
12.22980
10.57557
11.77063
13.09110
14.00940
14.88812
15.15607
15.28563
13.54717
13.20133
7.95592
10.52855
12.10593
7.04527
7.90697
10.75107
6.69480
6.51030
6.31015
5.24862
5.41362
10.32623
9.48867
6.17100
6.16048
7.78668
7.62250
8.75827
8.50288
6.39022
5.43790
4.45568
4.01803
8.57042
8.38508
8.34025
5.40847
5.36805
5.37205
6.22925
8.78722
5.40663
6.04943
6.77877
6.80517
4.44077
4.33472
4.35933
4.21998
3.44375
2.94683
2.95022
2.95222
2.95107
2.94162
3.26058
6.43313
2.93462
2.93907
2.93958
3.36270
3.51612
3.89203
4.32648
4.34243
4.35775
4.07238
4.02403
4.07637
2.94927
2.94732
2.94083
2.93437
2.93222
2.92363
2.93235
5.03988
5.32225
3.24117
3.53140
3.52993
3.60442
4.30522
4.31360
4.33365
4.35782
4.37263
4.41103
3.82220
3.59148
3.58843
3.47808
3.68475
3.25462
3.67798
4.96573
4.97337
3.93220
3.40015
3.20098
3.42545
4.30648
4.31650
4.31502
4.32887
4.39017
3.95370
3.97913
4.03612
3.31093
3.18685
3.17815
3.17102
3.17840
3.21648
3.73125
3.75437
3.77190
3.77068
3.77688
3.76840
4.35248
4.54990
4.31708
4.12942
4.39472
4.63612
4.64630
6.19222
6.98610
9.37048
11.12515
10.58290
6.86582
6.08487
6.94640
9.52503
