5.08845
4.10847
4.13005
4.09835
4.93050
5.46113
6.49433
6.63088
6.58793
5.48417
5.10110
5.19268
6.29920
6.51933
6.55977
6.57995
6.15810
5.36103
5.38205
5.27575
5.82495
5.78975
5.83440
5.90995
4.83118
5.02172
5.20968
5.91713
6.57628
6.31563
5.82950
5.88207
6.67677
6.78562
5.69620
5.51865
5.67105
9.18892
9.65817
8.37310
8.32552
8.47923
7.11687
6.73250
7.76815
10.29148
5.61728
5.55975
5.79512
7.15857
14.89525
8.16732
5.01598
4.43628
5.48680
5.62065
5.44103
5.22340
4.21348
4.22982
4.21677
5.32533
5.48427
5.39670
5.44280
6.48147
5.89442
5.68458
5.68740
6.53818
7.13465
7.20832
7.90125
7.19458
5.22935
5.22937
5.45482
7.33703
8.03833
4.97263
4.39850
3.40418
3.42290
3.04218
3.54435
4.16158
4.20628
4.31960
2.69840
2.57138
2.30038
2.29223
3.50093
3.60170
3.59007
3.26922
2.34405
2.31055
2.36592
2.91168
3.58735
3.62800
3.67423
2.80130
2.37508
2.36450
2.35778
3.41125
3.53740
3.57513
3.66163
2.37438
2.33838
2.34178
2.44060
3.48877
3.49572
3.53175
3.59942
2.67527
2.31572
2.32755
2.33530
3.50852
3.50893
3.54367
3.59065
3.40845
2.35830
2.32552
2.31983
2.86935
3.46343
3.46938
3.74333
3.76492
3.28330
2.32777
2.30697
2.30933
3.32232
3.50022
4.54422
5.34293
5.24537
6.00795
5.88827
6.19750
9.40222
11.77788
5.71593
4.34257
4.29500
4.33398
5.25280
10.11740
7.48337
4.63947
3.92175
3.90970
3.89632
4.64378
5.01350
6.81227
8.98697
2.41702
2.77078
2.73548
2.40480
3.54378
3.60862
3.66618
3.13855
2.41275
2.38988
2.40767
3.07777
3.91237
4.65983
5.05010
7.17767
6.40698
1.65195
1.51750
1.88962
1.92627
1.98502
1.16672
0.71790
0.72067
0.71398
1.53073
1.90168
1.94620
1.87310
0.72815
0.71167
0.71543
0.94260
1.89208
1.92477
1.97472
1.29528
0.71893
0.72173
0.71963
1.54130
1.90980
1.95190
1.94492
0.73930
0.70912
0.71838
1.00668
1.90360
1.93490
1.98078
1.31642
0.72562
0.71393
0.71688
1.63225
1.91797
1.95753
1.93100
0.72997
0.71793
0.70958
1.11112
1.91162
1.93922
1.97907
1.30940
0.71318
0.71902
0.70888
1.73983
1.93142
1.96567
1.94998
0.72858
0.70870
0.71668
1.18625
1.92855
1.96653
1.99912
1.34960
0.71662
0.71687
0.72103
1.80135
1.93927
1.97852
2.01632
0.73442
0.71013
0.71867
1.27897
1.91808
1.95535
1.99477
1.42187
0.71830
0.70845
0.71292
1.88270
1.92248
1.96927
2.06900
0.81198
0.70202
0.70210
1.28672
1.90985
2.06915
4.96817
5.38235
8.46292
8.16493
7.66367
7.36623
5.33500
6.24170
11.15677
11.12028
7.24142
3.24488
