0.43691
0.38746
0.32800
0.40219
0.40634
0.38516
0.31445
0.34783
0.51982
0.65511
0.82770
0.52035
0.44520
0.53484
0.64939
0.65579
0.60327
0.88809
0.92498
0.66582
0.44660
0.44845
0.37409
0.42409
0.66407
0.51948
0.59589
0.45208
0.52691
0.50139
0.28904
0.34868
0.37926
0.38184
0.42194
0.47442
0.48281
0.33405
0.25972
0.25845
0.27167
0.33203
0.35214
0.51016
0.51680
0.46691
0.47338
0.48511
0.40851
0.55246
0.53191
0.50971
0.50584
0.50821
0.45979
0.41120
0.47289
0.47611
0.43491
0.39873
0.39978
0.40163
0.40840
0.40873
0.40744
0.40756
0.58453
0.57943
0.58976
0.49756
0.49518
0.47390
0.41408
0.42042
0.36772
0.37341
0.35003
0.42136
0.51017
0.49653
0.47176
0.47854
0.41926
0.46875
0.58073
0.60183
0.61069
0.69124
0.71530
0.67078
0.33502
0.35093
0.45452
0.40591
0.38275
0.38462
0.38117
0.39767
0.70325
0.47053
0.41854
0.45827
0.48901
0.49178
0.49505
0.49669
0.46812
0.37603
0.43730
0.46470
0.46183
0.37500
0.36933
0.36954
0.37314
0.38015
0.38328
0.52247
0.68912
0.58302
0.58749
0.52743
0.45529
0.44714
0.26190
0.24554
0.24542
0.24678
0.24707
0.28503
0.33766
0.33875
0.24793
0.24862
0.24884
0.24814
0.29408
0.36106
0.36445
0.37027
0.43740
0.46090
0.30967
0.25176
0.25343
0.25438
0.25303
0.25306
0.25367
0.25390
0.25545
0.34549
0.35221
0.30225
0.37123
0.37434
0.37975
0.38157
0.38384
0.29642
0.26240
0.27988
0.35253
0.35912
0.27202
0.26389
0.31097
0.58422
0.39018
0.66628
0.40269
0.77840
0.60840
1.16235
0.93103
0.93646
0.69020
0.62221
0.69034
0.52802
0.74214
0.49450
0.71884
0.78368
0.83866
0.78754
0.28600
0.27030
0.27013
0.33093
0.38110
0.38475
0.38934
0.39138
0.39373
0.36208
0.33443
0.27210
0.28583
0.27005
0.27110
0.27008
0.27023
0.27044
0.27017
0.35774
0.36569
0.42274
0.38476
0.39025
0.39064
0.39484
0.29065
0.27072
0.27072
0.28478
0.35980
0.36588
0.29323
0.27024
0.27009
0.27005
0.27001
0.26993
0.27748
0.38161
0.42885
0.48094
0.48010
0.39406
0.29648
0.27021
0.26974
0.27076
0.27169
0.27172
0.27135
0.34472
0.36285
0.32797
0.26997
0.26955
0.34875
0.38342
0.38810
0.38997
0.39146
0.39879
0.35931
0.36452
0.29591
0.26880
0.26880
0.26933
0.26889
0.26885
0.26818
0.26805
0.31831
0.36138
0.47076
0.38565
0.38917
0.39036
0.39222
0.35463
0.40809
0.42553
0.42203
0.68052
0.51362
0.47439
0.43098
0.43347
0.43752
0.44029
0.43554
0.44550
0.53960
0.58831
0.64424
0.65320
0.57467
0.55946
0.47527
0.44678
0.44284
0.45249
