4.87918
5.46130
6.38343
5.93505
5.48830
6.29852
4.89197
5.19382
5.08552
5.11513
4.65985
5.20082
4.98158
5.61988
6.46485
5.97518
5.75565
5.37355
5.36037
5.43307
5.93618
5.87045
8.38617
8.37055
10.47052
9.56007
10.06412
9.66247
10.98797
14.49118
16.52888
13.10040
13.85880
13.63168
13.21162
12.69165
12.25712
11.80513
12.69410
11.20228
7.02622
7.00460
10.27600
10.43268
10.29097
10.13262
8.89392
8.47102
11.64452
9.95323
9.64572
9.70902
9.50900
8.88908
10.03380
12.48308
15.10868
11.10823
11.30282
10.62845
14.72410
17.47635
24.81772
24.21470
29.70018
31.34500
33.84642
13.38768
7.96823
7.16927
7.98825
6.37757
5.49712
5.01297
5.26853
5.95345
5.79952
6.05075
6.75283
7.35088
5.85645
5.41985
4.78607
4.77192
5.55835
5.45463
7.16342
7.56428
9.23970
9.56367
7.89820
5.67983
4.87472
5.14907
5.85232
3.71185
3.96365
3.86932
4.81802
6.77477
7.80427
5.77353
6.45283
5.12293
4.06115
3.84142
3.40863
3.75367
4.46857
4.19933
4.15483
4.01937
3.91772
4.42570
2.79502
3.45443
3.71103
4.20907
3.34777
2.59052
4.07605
5.32802
5.53907
5.18615
3.96515
3.59130
2.62375
2.78473
2.81583
1.94408
1.61948
1.71963
3.06772
5.37090
3.97463
3.51635
2.30870
2.28288
2.49448
2.12010
2.27807
2.94565
1.90198
3.66738
3.52672
3.83430
3.09388
2.48872
3.40690
3.09552
2.50180
3.07103
3.16412
4.50200
5.35055
4.36340
4.80962
2.46407
4.10437
5.29277
7.47752
7.91507
7.61432
8.62103
7.95723
8.48015
9.22470
14.50527
15.16342
7.79865
6.29680
7.87515
8.15303
8.39960
8.42840
8.19705
7.37562
7.92175
9.79165
9.23750
7.54640
6.90462
4.58062
5.01198
3.69425
2.35050
3.90702
4.82865
4.33960
4.41900
4.12475
6.18013
5.85455
7.40075
6.84662
6.30157
5.01908
4.56502
5.91790
6.32755
4.61305
5.30758
2.13877
2.66735
2.56338
2.18308
2.13342
1.63732
2.16895
2.54067
3.00478
3.36742
4.26750
3.16622
2.31915
2.34240
1.83097
1.88417
2.46662
2.27747
4.71248
3.65135
3.28972
2.89210
1.97568
2.16587
2.16950
2.16750
1.71748
2.69047
1.81377
3.47637
4.38033
3.90870
3.07670
1.99748
2.07268
2.86740
2.75893
2.75650
2.36388
2.79353
3.00963
3.30922
3.57195
2.79507
2.77003
2.12180
1.68470
1.88815
2.62078
2.77260
3.48528
3.70520
3.48160
5.05060
4.54418
8.10435
8.12338
8.23550
4.21542
6.79998
7.97917
9.27967
10.27743
8.70380
7.91995
7.71683
2.92965
2.94497
2.39280
2.40327
3.00768
3.98528
3.52382
3.15353
3.05428
2.52247
2.10750
2.16095
2.09123
3.38863
2.64428
2.69967
3.45752
3.62302
3.99478
3.32237
