2.65232
2.67407
3.15802
3.58000
3.32395
3.02612
2.61543
2.61405
2.61107
2.61172
2.60950
2.61625
2.62565
2.95532
3.25833
3.31237
3.35822
2.93868
2.87020
2.87900
2.91708
2.96595
2.62853
2.33083
2.73150
3.82967
3.01850
3.23897
1.57223
1.07347
1.07053
1.06277
1.05190
1.05502
1.05135
1.05303
1.31917
1.69262
1.68937
1.70182
1.54125
1.06735
1.06450
1.06505
1.06198
1.06513
1.06605
1.06653
1.26887
1.70562
2.08363
1.71975
1.73200
1.55477
1.08072
1.08293
1.12067
1.22498
1.22922
1.24707
1.25318
1.25648
1.25912
1.40135
1.95702
2.48532
2.96475
3.07118
3.50625
2.77965
2.65720
2.28442
2.23345
2.16805
2.17535
2.19743
2.18615
2.72157
2.80447
2.92550
2.89468
2.92683
2.27892
2.36678
2.24925
2.29532
2.21933
2.21963
2.22507
2.73353
3.20367
3.23463
3.15928
3.33052
2.58358
2.33263
3.05590
2.80538
2.42970
2.28097
2.51710
2.94063
3.22958
3.46330
3.69438
3.03467
2.62003
3.07800
2.05408
2.42777
4.70257
2.90177
3.15873
4.72025
2.87375
2.82337
3.98307
1.60367
1.71168
1.73718
1.72963
1.73460
1.81078
1.75433
1.80490
2.29712
2.28178
2.22755
2.25310
1.94118
1.58547
1.58563
1.66703
1.39025
1.14988
1.21225
1.57793
1.71433
1.73908
1.75353
1.71467
1.15987
1.16163
1.10643
2.18515
3.61128
1.99685
1.20627
1.36813
1.78393
1.55488
1.34858
1.84122
2.07592
4.22867
4.04433
1.90045
1.20450
1.20167
1.55450
1.64913
3.06483
3.30670
3.37227
3.58852
2.81040
2.77702
2.56045
5.61087
4.14712
5.63588
5.37912
1.79053
1.43843
1.72195
1.41353
3.01035
3.84355
1.46235
0.94483
0.95468
0.95537
1.86318
3.01950
2.84507
3.24922
1.23580
1.56083
3.47437
4.02747
3.42187
3.24542
2.64977
3.47020
1.59503
0.94575
0.94618
0.94698
1.01610
1.56640
1.57563
1.60082
2.12165
3.40462
1.97835
0.95482
0.95388
0.95415
0.95307
0.95052
1.17128
1.56820
2.33433
3.79863
2.61865
0.95272
0.96050
0.95807
0.94938
0.95105
0.94800
0.94942
2.52135
3.97550
2.86488
1.28770
0.94967
0.95637
0.95798
0.95415
0.95185
0.95125
0.94932
0.96515
1.57180
1.57953
1.59852
1.04905
0.95035
0.94843
0.95132
0.95582
0.95617
0.95397
0.94985
1.25690
1.57283
1.58157
1.55667
1.05365
1.07625
1.07557
1.08260
1.08018
1.07262
1.07252
1.07415
1.53707
1.70047
1.70812
1.72515
1.16777
1.07422
1.07573
1.08225
1.08052
1.07683
1.07722
1.07802
1.33267
1.70487
1.71458
1.72705
1.85088
2.21803
2.22387
2.22220
2.22048
2.22438
2.22192
2.24480
2.54130
2.93603
3.07155
2.94643
2.87762
2.35303
2.12887
