120.83495
120.16819
119.06575
118.09809
92.17953
39.46441
39.57452
39.60799
39.74435
39.83883
40.11963
39.99130
41.80090
41.28258
40.18177
40.45853
40.63127
40.08953
39.90375
39.47391
39.37686
39.52134
39.60010
39.79906
40.96020
40.99776
39.21114
39.41181
39.90164
39.93401
39.72054
39.76883
39.87080
39.85258
40.01813
40.03635
41.18753
41.45669
40.06963
40.23405
40.39940
40.37157
40.22522
40.05492
40.01870
40.04157
39.72749
39.55187
40.62462
41.17913
39.64779
39.78164
40.19906
40.05234
40.38953
40.07502
39.98799
40.13003
40.16421
40.32699
41.91341
39.90488
39.97154
40.06291
39.97020
39.97565
1142.82298
563.38341
365.38498
39.58027
55.95957
77.66950
78.64271
76.90602
77.51298
77.12716
76.87130
79.68753
120.30391
174.73709
172.53940
169.84629
155.09043
121.08167
123.64823
120.78348
120.47883
120.59719
120.60214
120.78043
167.34134
172.30699
166.55629
166.86689
168.46722
171.74495
173.47341
176.32766
172.62856
171.00732
183.47742
175.53880
174.50579
176.25863
175.88298
184.35729
231.31090
222.38916
239.47241
240.77328
226.69967
1784.74786
1060.58819
787.38361
854.10110
765.68308
876.30913
236.42181
1286.59151
268.56866
278.79378
282.00953
219.97806
177.51391
160.47395
161.82441
162.98161
162.19003
163.81033
290.77666
332.82488
280.08920
969.51759
1136.78926
1253.54318
1248.46849
1246.03094
1233.58421
1185.12746
349.92184
342.49214
337.45619
279.69388
958.97719
1231.06729
1233.57368
1230.11023
852.39846
356.66749
275.71184
121.24709
566.40699
441.24786
370.89582
118.63960
118.74057
120.09314
119.82381
118.87301
143.76813
160.95913
161.27548
144.20033
138.41254
138.60204
1085.47880
154.93993
62.98331
63.25930
62.47756
60.54679
60.12916
59.73569
59.58408
58.52518
56.51505
54.98441
53.64007
52.26137
51.17913
51.11753
47.89803
45.17569
45.09425
45.10860
45.07110
44.87686
44.60161
44.49064
44.39676
44.40258
44.43124
45.13157
45.94682
44.15130
44.03037
43.98502
44.20930
44.20030
44.11896
44.02087
44.02819
43.99003
44.07318
44.74067
46.14622
44.35769
44.25177
44.16893
44.08906
44.05950
44.15351
44.21448
44.11070
44.12579
43.97358
44.43886
46.06488
43.91973
43.99589
43.98087
43.80809
43.85247
43.94308
44.00318
44.09355
44.15880
44.23217
44.26880
46.18431
43.92187
43.86171
43.94468
44.11853
44.08870
43.85950
43.76177
43.71659
43.86251
43.91542
43.82933
46.18358
43.74435
43.84987
43.78415
43.74094
43.76408
43.68137
43.58766
43.55137
43.51809
43.58301
43.49428
45.69776
43.56769
43.23284
50.90849
45.67264
43.30906
43.25204
43.07876
43.22926
135.40408
188.76482
188.34629
193.91365
191.91120
187.93595
151.03050
129.24348
126.75448
128.04271
127.42488
127.15538
125.76291
118.33689
118.27773
120.09649
118.94087
118.30147
118.30886
118.44569
118.15983
118.68130
118.86839
118.71174
119.22846
119.05438
118.56227
119.33515
120.03870
119.01475
119.48716
118.77211
118.64348
118.27237
117.98455
118.29478
118.12498
117.92893
118.32177
119.05552
118.97502
117.01719
116.80799
117.40365
117.43498
117.23037
118.47492
118.73993
118.60114
118.48572
119.14475
119.37769
120.02344
119.00993
118.31057
119.24258
118.99421
118.72438
118.04763
118.25602
117.99615
117.68749
117.70903
118.46756
119.10940
118.27739
117.95602
118.82201
118.94525
117.49508
118.18732
117.93281
118.41037
118.60221
118.47756
119.05518
119.72880
118.45849
118.86478
118.48913
118.77502
118.19348
117.40264
117.26211
117.16916
117.17669
117.85418
119.03070
120.16853
117.89294
117.85629
118.89736
118.69067
118.52023
118.62268
118.18505
118.62963
118.70599
118.87351
119.76726
121.47227
124.23776
189.54037
190.21716
190.57452
190.40448
190.03602
171.55612
161.23194
161.67261
162.01619
162.04050
164.68137
161.34368
165.62164
169.09030
146.85876
139.05074
162.67361
143.00910
139.03254
138.72291
203.03672
206.21910
209.86970
204.59318
204.79100
205.71455
207.84227
200.97475
198.32973
197.46311
193.81816
190.15873
187.97281
188.38769
194.19174
190.58833
138.39013
119.54391
159.19117
153.01997
119.58910
118.75639
118.97860
119.21639
118.47759
94.80920
41.86773
41.68535
41.46344
41.84114
41.38666
41.27532
41.39943
41.36348
41.33030
41.19161
41.67990
41.23853
41.24425
41.29823
41.40498
41.31635
41.19047
41.23355
41.39425
41.33880
41.03906
40.96462
40.95488
41.05110
41.32127
41.20632
41.03070
41.06552
41.08876
41.26291
41.33187
41.49472
41.53408
41.56077
41.65368
41.63334
41.48184
41.79314
41.94522
42.05686
41.88448
41.83749
41.87294
41.99013
41.80612
41.72809
41.78652
41.77187
41.83054
41.70074
41.71886
41.57060
41.57518
41.75906
41.74552
41.74880
41.71027
41.60749
41.61291
41.70037
41.72676
41.58960
41.37405
41.49599
41.42545
41.39472
41.48428
41.74261
41.73321
41.74819
41.59545
41.66863
41.71512
41.76893
41.75585
41.65866
41.62177
41.85849
41.85512
41.91569
41.81923
41.90599
41.98341
42.02488
41.92314
41.85712
41.91682
41.90054
41.83227
41.70910
41.70980
41.70120
41.85495
41.83462
41.90873
41.86334
41.80284
41.68137
41.72020
41.82271
41.92863
41.74385
41.64077
41.96331
42.04719
41.80990
41.79876
41.74124
142.64605
219.71331
213.64231
214.69107
213.39181
214.68632
214.63174
215.13545
202.04421
188.40080
191.36097
218.67421
189.74993
183.12722
120.11047
119.85010
119.75077
119.08726
118.51348
119.20612
132.40645
151.18532
150.83893
125.31632
119.79003
119.52535
119.98023
119.47498
127.73485
74.43816
46.32254
46.56722
41.29455
41.93023
41.55120
41.52418
41.50127
41.58625
41.66890
41.72803
41.72980
41.90107
41.82090
41.88157
41.74652
41.86482
41.77498
41.80421
41.77625
41.83783
42.00846
42.24739
42.27000
42.25074
42.10488
42.11739
41.87977
41.63441
41.76873
41.76458
41.90140
41.67100
41.71906
41.59104
41.59181
41.53856
41.51793
41.48408
41.50746
41.49736
41.38355
41.19552
41.22729
41.28806
41.34328
41.43712
41.47405
41.40365
41.36625
41.34649
41.38174
41.47803
41.65321
41.49542
41.45181
41.28338
41.14074
41.18886
41.73217
41.51753
41.80284
41.49619
41.78555
41.72672
41.64973
41.57348
41.55652
41.56033
41.75960
41.67201
41.58067
41.71946
41.87920
41.96007
41.90415
41.66107
41.66823
41.66301
41.69087
41.70458
41.62037
41.71609
41.63358
41.48050
41.47699
41.61144
41.61151
41.62388
41.44585
41.31555
41.56037
41.55278
41.80990
41.89605
41.66351
41.69836
41.67719
41.52542
41.54358
53.23221
127.09197
141.08652
164.50301
154.93682
159.31552
132.98739
130.08950
145.60264
191.80214
224.56930
228.25120
237.96465
232.98191
225.11779
227.66428
222.61883
225.56465
225.77712
209.60890
194.79154
192.31803
192.85913
188.93077
160.96194
161.18699
135.53783
122.86823
122.36365
122.72492
122.59431
122.68940
122.69773
122.58388
120.39358
120.22411
120.69799
120.69090
120.61689
120.35575
120.23555
120.49482
96.63421
40.87211
41.05274
40.93398
40.72344
40.88010
40.92445
40.83227
41.21201
41.05331
41.21522
41.42157
41.55030
41.54776
41.47987
41.45990
41.33716
41.51702
41.38395
41.38589
41.32803
41.37525
41.05753
40.79271
40.72796
41.07816
41.13890
40.99796
41.13458
41.12027
41.18605
41.29719
41.48595
41.62950
41.72194
41.59355
41.48709
41.57181
41.81525
41.93699
41.93716
41.72120
41.51020
41.56264
41.57281
41.65659
41.74729
41.68468
41.67702
41.78254
41.88826
41.67609
41.60097
41.83164
42.04110
41.99893
41.99197
41.91957
42.05084
42.03114
42.03395
42.02037
41.94321
42.01495
41.93602
41.77933
41.81960
41.88227
42.04418
42.06441
42.00756
42.07973
42.15565
41.90187
41.78311
41.92064
41.94970
41.69886
41.69923
41.68722
41.58074
41.57545
41.45227
52.17716
97.55288
132.47017
127.71368
122.46605
122.76585
123.12997
123.19224
122.87622
122.70589
121.59579
171.32833
186.10395
207.89709
204.55438
188.52378
190.34187
199.38087
211.09311
142.46301
140.22207
142.39615
127.30348
117.21488
42.07043
42.23090
44.13415
42.59338
42.17866
42.25866
42.29602
42.51438
42.50619
42.66174
42.54592
42.61030
42.77254
42.79916
44.34281
43.50441
42.72157
42.58739
42.28351
42.67298
43.06217
42.52910
42.29880
42.33662
42.16789
42.18067
43.54943
43.00361
42.17247
42.46659
42.38294
42.22538
42.19365
42.37274
42.39161
42.02097
41.87953
42.18468
43.50033
43.17421
42.19833
42.53522
42.26555
42.69682
42.25816
42.28936
42.20281
42.32866
42.49796
42.09003
43.29512
43.13967
42.11341
42.59856
42.49846
42.33592
42.06127
42.22023
42.43666
42.03174
42.05314
42.41435
45.67669
43.37462
54.86003
63.17963
71.98314
75.75495
80.47846
56.38833
42.23839
42.49873
42.37268
61.12826
72.21525
69.62271
69.24445
67.00913
71.07592
68.57140
59.90321
62.86000
66.60642
64.32913
78.98274
78.40127
87.77351
49.20254
41.83388
62.29856
67.74227
42.63441
57.44351
53.39107
41.59304
63.50672
59.57709
41.99231
42.26518
43.53699
41.72187
82.22689
82.44863
119.96836
122.05127
114.74679
112.60030
109.25880
108.03338
109.88595
113.34816
114.18217
120.35151
119.24779
118.99060
118.79000
117.23699
119.13839
117.78776
118.50833
118.88742
119.23753
119.24676
119.49211
121.11110
118.72284
118.76916
118.99702
118.83324
103.76585
37.85766
37.85341
37.83445
37.69973
37.66716
37.68659
37.76903
37.95686
38.14391
38.17535
38.14090
38.06826
37.91779
38.02696
38.16983
38.37217
38.03542
38.01027
38.07311
38.45227
38.49234
38.43923
38.33712
38.25378
38.30699
38.29579
38.20418
38.16726
38.24097
38.30468
38.63094
38.70906
38.80880
38.80308
38.89973
38.81609
38.73866
38.94729
38.78726
38.79933
38.76224
38.79007
39.02304
39.00983
39.06217
39.05067
38.96254
39.05686
39.00301
38.92753
38.87538
38.71669
38.73579
38.84987
38.83960
38.96271
38.84816
38.85201
39.03769
39.05117
39.01592
38.81395
38.71525
38.77766
38.79137
38.85953
38.90582
39.02676
39.20472
39.10171
39.23371
39.16234
38.94284
38.91000
38.71194
38.71736
38.83284
38.79418
38.67050
38.69171
38.92124
38.96726
38.91161
38.90722
39.00033
38.97910
38.92753
38.81157
38.88592
38.86458
38.66753
38.54783
38.54207
38.87749
38.82271
38.79375
38.74545
38.66482
38.60482
38.56341
38.56120
38.67027
38.64579
38.60097
38.60926
38.48140
38.29579
38.23187
38.28575
38.40883
38.36766
38.53191
38.69221
38.44054
38.38910
38.44438
38.55863
38.43759
38.29589
38.55097
41.17455
40.76508
40.61615
39.34144
38.88127
38.92652
38.79003
38.79281
38.91699
38.90334
38.74528
136.11291
178.83967
179.11528
186.29020
180.79575
187.82488
186.14495
184.89408
186.47522
187.15676
183.00274
191.55110
185.58411
180.51358
182.96358
137.24843
120.37896
119.62896
119.25569
119.30100
119.24990
119.14472
118.47512
119.08545
119.43736
52.11435
38.32816
40.17130
39.11425
38.64746
38.60100
38.71144
38.91893
38.59970
38.68458
38.69826
38.67997
38.69154
38.77201
40.17716
39.46060
38.90920
38.54365
38.70030
38.66308
39.04020
39.37682
39.22843
39.06856
39.09411
39.20418
40.54893
40.19378
39.32736
39.05779
38.89304
39.23104
39.09398
39.06950
38.95268
38.88478
39.01742
38.98452
40.12702
40.20973
39.08853
39.13736
39.01020
39.03515
39.05241
39.01478
38.96559
38.98401
38.89007
39.00425
40.06769
40.47431
39.02291
39.09856
39.20361
39.12813
39.17766
39.23692
39.03538
39.22679
69.67094
108.72161
109.79010
110.12635
99.47311
96.87435
97.42987
97.48468
97.77475
97.60880
98.00478
98.51468
95.67214
70.20512
71.04331
72.09167
70.82321
70.88338
70.98990
71.22930
70.82545
71.09278
66.30465
55.22304
55.36217
55.38140
55.57746
56.98880
55.12194
55.37930
55.47542
55.38508
55.14903
55.29973
55.38314
54.70341
52.96642
51.79515
50.76495
51.19953
47.91528
47.00993
46.67579
43.28130
42.25742
42.28187
42.58779
42.62776
42.59709
42.61097
42.51431
44.62478
42.21348
42.45231
42.43829
42.44314
42.25806
42.19518
42.17799
42.25515
42.01341
41.93595
43.69080
120.11689
122.95378
121.83425
121.48783
121.11846
121.13870
120.97455
120.12468
120.37247
119.80452
119.30458
119.16870
121.43298
119.42605
119.15067
68.64629
39.24555
39.07268
38.75632
38.74458
38.63682
38.52013
38.65946
39.16916
40.84318
39.37074
38.74485
38.69893
38.72605
38.84077
38.94903
38.98736
38.78572
38.71592
38.70007
38.87375
40.91017
38.66702
38.73157
38.97933
39.01666
38.96706
38.90361
38.80886
38.89923
38.90455
38.83846
38.96441
41.10706
38.62224
38.56622
38.70197
38.93702
39.06201
39.05351
39.07886
39.09144
39.07067
39.04194
39.03799
41.23769
39.40906
39.11405
39.16140
38.83054
38.81117
38.83943
38.89458
38.88020
38.87753
38.95124
38.95060
40.81094
39.46110
38.92589
38.90328
38.85084
38.78074
38.96970
39.07281
39.06839
39.00953
38.89679
39.00649
40.78140
39.66030
39.04569
39.00284
39.02067
38.99281
39.15946
39.22930
39.14472
38.94435
38.91739
38.87107
40.62157
40.03227
39.14217
39.15278
39.16669
39.17619
39.11518
39.06281
38.95405
38.93284
38.86602
38.84649
40.15753
39.96970
38.94712
38.93672
39.05522
39.06381
38.92676
38.93395
38.88418
38.89067
38.87569
38.99217
40.15261
40.20528
38.83415
38.86709
38.84696
38.95445
39.08485
38.93037
38.79301
38.87425
38.74154
38.71829
39.73020
40.02779
38.62013
38.44682
38.49338
38.61716
38.73114
38.63719
38.49338
38.66264
38.64826
38.55395
39.20381
42.05569
79.06197
116.85970
116.48087
116.87759
117.16950
118.66870
119.32465
119.37308
119.94960
119.50482
120.33565
120.98495
118.90953
118.31291
118.16970
118.37819
117.85224
118.25415
118.64311
117.68455
118.36572
118.05515
118.66856
120.11488
117.57485
117.51829
117.59569
124.53177
125.24639
118.82967
116.88719
116.83900
116.48090
116.93472
182.16926
191.90849
191.93843
192.04923
192.50318
191.80746
184.04943
220.17766
237.35839
321.22294
380.32699
917.53796
1317.92903
1203.38405
1230.30054
1287.54060
1282.44217
1288.01341
1281.70589
440.75565
392.57686
378.23278
328.20997
897.02763
1284.92522
1286.62569
1284.05381
535.16525
396.85803
246.89763
404.96291
522.85799
565.49047
286.38532
198.57338
195.37565
185.73184
917.03796
457.70572
174.12940
131.36482
127.37492
603.97957
813.11803
784.85241
336.15371
605.47331
478.53274
41.75498
41.70278
41.97559
42.07886
42.00217
41.92177
42.38923
43.98271
42.20973
42.23291
41.93462
41.94375
41.91134
41.97548
81.18696
757.76900
3190.85217
3390.23237
3503.53605
3372.82916
2960.01759
3388.08652
2861.56896
2820.81839
1882.68047
1856.09635
535.08060
66.80154
41.87973
41.95371
41.72806
43.94706
41.74104
41.62736
41.68472
41.84555
41.92478
41.82679
41.75773
41.86793
41.86365
42.05064
41.87532
43.87943
41.91916
41.89987
42.14191
41.95793
41.89886
41.86642
41.84649
41.72786
41.85094
41.73886
41.72749
43.68819
42.10157
41.89950
42.00609
42.10940
41.88625
41.79221
41.86753
41.74117
41.61579
41.62987
41.55388
43.29020
42.00431
41.43615
41.58712
41.56866
41.45692
41.38077
41.57455
41.35130
41.40940
41.65344
41.58856
43.31321
42.26197
41.63662
41.60876
41.51706
41.58739
41.55532
41.63913
41.65512
41.62575
41.72445
41.67649
43.38769
80.16559
166.40281
165.57003
1636.11445
2618.92746
1831.94221
2100.43635
1727.65475
1557.82505
714.08341
721.02973
543.99003
42.55177
41.37154
41.52860
41.67756
41.80157
41.77609
41.84599
41.85943
41.56110
41.45375
41.40074
42.52475
42.67087
41.52749
41.42130
41.52987
41.58023
41.67823
41.71375
41.66542
41.60104
41.55194
41.49960
42.45923
42.86906
41.55993
41.68712
41.62518
41.68090
41.54565
41.45609
41.41528
41.34431
41.36140
41.61886
42.44498
43.24033
41.80936
41.79829
41.92753
41.83555
41.86525
41.70130
41.72355
41.76378
41.64990
41.73579
44.09970
41.81505
41.77816
41.68067
41.70849
41.51672
41.48244
41.68729
41.79900
41.73495
41.68371
41.70759
43.96077
41.92321
41.62508
41.65819
41.71642
41.62562
41.58860
41.60562
41.66609
41.80100
41.80221
41.49515
43.49502
41.59856
41.21278
41.18699
41.38856
41.47411
41.34829
41.39398
41.33271
41.33950
41.39773
41.42565
43.39565
42.01943
41.44445
41.45662
41.39070
41.40742
41.40478
41.41555
41.30130
41.17753
41.04779
40.26254
46.10753
76.76127
67.00990
55.91268
41.27538
41.22100
41.47629
41.55940
979.95428
3109.20204
2821.14656
2799.73331
2804.03418
2789.71900
2705.17134
2645.29047
2787.54786
2357.32833
1991.35883
1719.31261
676.43729
678.08666
679.02401
179.73247
109.32709
105.10679
95.70264
92.21669
91.88425
91.90776
91.91676
92.86926
93.63645
91.61448
83.18763
74.08552
73.08689
73.55602
72.12809
72.52401
112.91943
204.32910
198.72669
193.74120
188.27127
183.89385
180.55421
177.23431
174.74863
172.37385
163.15923
162.10686
162.91060
161.15254
160.08753
158.79846
204.85087
816.22936
160.69625
160.60351
162.40428
184.84823
224.04766
220.78441
216.36171
208.21809
174.74672
161.55368
163.36261
163.44344
1714.91435
1200.87595
1597.48191
1020.34010
978.22264
975.86227
981.23258
1022.46137
118.21124
118.31980
117.63391
117.84247
117.72171
121.14241
127.92130
128.79615
126.07244
127.51659
126.48893
124.56669
124.23304
123.41030
195.69472
227.44472
227.89880
357.30579
386.11983
271.60365
842.23391
1064.26388
1122.48247
1151.02191
1149.39856
1149.33682
454.07843
255.90943
221.91000
219.07224
578.17094
1202.44385
1221.11455
1169.35776
333.04251
327.55856
134.55087
424.41010
439.19445
508.11542
134.49151
119.15492
118.33669
118.93268
119.35666
119.67054
121.54816
118.88742
119.00699
118.73796
118.64258
153.47706
169.37625
170.48087
171.22823
171.45324
170.82104
172.06518
174.91097
172.02288
170.39977
167.92227
169.20037
169.91843
169.30261
170.89301
170.95013
173.25428
172.56090
171.12806
239.57043
1228.03702
184.45528
183.72351
180.93204
185.03140
180.16569
90.18839
40.84127
40.75197
40.79836
40.92378
42.76037
40.66732
40.64254
40.36545
40.38569
40.66455
40.88819
40.94110
40.67418
40.63237
40.75706
40.65070
42.86087
40.61595
40.72712
40.98054
40.92077
40.79732
42.28987
46.79211
40.97689
40.96716
40.99896
41.05107
43.22465
41.36696
41.15097
41.15940
41.03893
40.99679
40.93050
41.09334
41.17191
41.06876
41.14013
40.95686
43.01033
41.31331
40.97779
40.94716
41.04880
41.20893
41.26187
41.24067
41.22575
41.21886
41.23987
41.10555
42.64866
41.30087
40.70311
40.73659
40.90100
41.01742
41.16003
41.15890
41.26254
41.22502
41.17913
41.07395
42.70756
41.84281
41.23398
41.23274
41.13385
41.14455
41.08973
40.88672
40.93946
41.00923
40.96860
41.02853
42.66876
41.96528
41.00545
41.17739
41.17070
41.16883
41.15913
41.06736
40.97117
41.03579
41.01552
41.09057
42.28508
41.96368
40.68067
40.66779
40.68492
40.57866
40.52375
40.76194
40.96769
40.93120
40.86649
40.59950
41.68756
41.75355
40.47060
40.41913
40.62739
40.66244
40.64171
40.59970
40.62341
40.59913
131.75030
194.74348
191.57478
141.08037
120.18107
120.77294
120.23860
119.81064
119.16532
118.92485
119.56462
141.35625
182.61301
183.28488
183.29080
187.97983
184.38615
143.56211
117.56221
117.40910
118.30639
126.52130
124.22819
118.36983
117.62358
93.01344
41.19124
42.59351
40.90645
40.89913
40.80445
40.77716
40.81987
40.86619
40.84064
40.85027
40.67502
40.71214
41.04047
42.61184
40.72732
40.53605
40.70615
40.86194
40.82298
40.58047
40.53652
40.84766
41.05893
40.82779
41.25120
43.49140
41.30746
41.51689
41.31957
41.28679
68.22268
99.53184
97.57441
100.22465
103.15508
99.48512
101.73819
105.12468
102.57615
98.00251
103.15431
103.20010
96.83839
86.93548
83.68880
80.84559
78.04930
75.21632
48.44174
41.09953
39.13375
38.89371
38.99381
38.79415
38.81144
38.78090
38.63110
38.39278
38.43060
38.54418
38.44047
40.45030
38.95789
38.61632
38.53211
38.63020
38.80294
38.62468
38.72050
38.61860
38.79706
38.52502
38.53411
40.13742
39.09237
38.55452
38.56147
38.52789
38.53839
38.49763
38.64569
38.74124
38.84732
38.87656
38.76294
42.94288
90.14231
78.16140
77.46993
77.31913
78.06328
78.04488
78.77615
48.20642
39.04117
39.12609
39.09930
40.46742
39.78860
38.82639
60.92391
217.46365
220.61114
214.76652
204.51244
203.16890
203.39572
202.88736
203.10475
203.89171
198.09900
189.66686
183.75649
179.83164
177.13027
174.66271
173.33538
171.20070
225.02756
208.68900
235.57933
262.52883
262.48147
261.44321
253.69863
255.39936
255.46237
229.88699
219.36201
219.67538
216.72562
174.64217
176.36087
181.07706
173.54080
163.91585
164.67662
190.13997
126.35254
119.45030
119.69077
118.69452
119.52833
180.22900
187.04104
298.51776
342.33702
260.04706
913.69097
1200.06689
1200.83258
1248.55789
1245.10428
1247.66161
1191.07559
314.54552
305.83258
291.72900
238.20676
900.98967
1206.69933
1203.09000
1202.02013
645.08184
322.17174
210.16686
221.86756
533.35003
437.57535
292.14498
119.10659
119.44428
121.19301
119.11334
119.26241
81.81816
41.66294
41.46823
41.24000
41.47512
41.61010
41.73635
41.88746
41.87776
43.81656
41.62318
41.68495
41.73515
41.90873
41.93916
41.91030
41.78104
41.80358
41.68729
41.72585
41.77000
44.09505
41.35154
41.43569
41.42047
41.36806
41.35455
41.49793
41.44090
41.15475
41.16732
41.20699
41.34980
43.57324
41.73726
41.56538
41.54602
41.53478
41.49860
41.43569
41.35194
41.43331
41.43361
41.36933
41.47950
43.56080
42.07532
41.62883
41.55609
41.49672
41.45281
41.34823
41.33706
41.40324
41.26783
41.31659
41.43796
43.24515
41.95197
41.24094
41.08217
41.01244
41.18258
41.31268
41.39448
41.26264
41.26525
41.30528
41.34264
42.91783
42.05987
41.20385
41.35849
42.40742
42.36227
41.79288
41.20953
41.15709
41.16154
41.26538
41.43876
42.83254
42.20906
41.40920
41.38783
41.30916
41.36977
41.38221
41.26475
41.30030
41.26542
44.93662
107.80144
122.95913
121.80314
120.58488
120.75351
120.81916
120.11689
120.26572
131.38017
186.71622
1222.52361
334.36893
181.79589
183.61532
123.39478
117.22204
117.19074
122.87863
125.61946
123.88411
124.51120
124.07097
124.45920
124.72759
120.56893
55.08472
40.04023
38.53890
38.45274
38.59304
38.67642
38.57127
38.48846
38.54154
38.44094
38.56358
38.95595
39.60094
40.67933
38.80074
75.31535
163.03308
161.30809
165.09635
165.79398
173.04652
210.58448
200.97224
740.91211
1125.97234
389.52615
175.80692
824.46298
1172.29803
1171.25177
292.43381
260.40177
72.09933
310.30853
432.23886
424.11144
335.06358
428.00522
318.75625
38.75181
38.71839
38.76278
39.06682
38.68565
38.84883
38.65860
39.12127
38.45254
38.62950
40.88415
38.52702
38.38803
38.76548
38.81237
39.03391
39.05997
39.15157
39.14181
39.16980
38.84682
38.92495
41.16890
39.19264
39.07716
39.18087
39.20157
38.73057
39.12348
39.15699
38.86753
38.59669
38.71378
38.65993
40.72739
39.12338
38.89900
38.81154
38.82739
38.94645
38.85913
38.91595
38.77809
38.81234
38.96967
39.04849
40.97452
39.48331
38.89234
38.84906
38.91207
38.95866
38.92157
38.77886
38.57147
38.61435
38.81742
38.83254
40.32455
39.49378
38.77070
38.73813
38.70836
38.73957
38.70301
38.67294
38.69418
38.55268
38.58860
38.56311
40.14355
39.22485
38.37926
38.39117
38.58127
38.70140
38.67963
38.52043
38.70217
38.76783
38.76839
38.69682
39.99786
39.54793
124.41562
179.42214
181.05110
180.60207
183.01151
170.08482
117.62759
117.28569
117.37656
117.20023
118.91619
118.83916
117.13619
117.46331
122.26893
117.78863
118.35117
117.89512
117.64274
117.87207
118.00495
118.23023
119.54836
119.82475
118.14161
118.22542
118.73953
118.90569
119.23391
118.87552
118.62833
118.61221
118.90067
118.87107
118.13789
43.07151
38.13559
38.30040
38.36522
38.40181
38.24766
38.31769
38.36224
38.45970
38.39786
38.42415
38.39288
38.43161
38.39609
38.39468
38.36502
37.92465
37.98696
38.06060
38.22629
38.18786
38.10645
37.86033
37.87462
37.88177
38.06993
38.14920
38.34880
38.53629
38.54492
38.44405
38.50940
38.67090
38.72314
38.64528
38.59829
38.56773
38.41866
38.46060
38.50000
38.57217
38.41923
38.33629
38.20047
38.13696
38.32197
38.44331
38.50388
38.53746
38.51411
38.51990
38.52288
38.50020
38.47973
38.39020
38.46258
38.69726
38.76946
38.77736
38.78381
38.71151
38.66104
38.63786
38.61398
38.49284
38.55171
38.64271
38.53033
38.57211
38.61301
38.71565
38.71789
38.58488
38.53405
38.56338
38.51488
38.59766
38.57946
38.57696
38.51829
38.62963
38.53595
38.63943
38.58050
38.46492
38.25950
38.16462
38.16070
38.17987
38.43298
38.41632
38.25829
38.22699
38.16592
38.09625
38.30344
38.23742
38.30298
38.23552
38.01910
37.93030
38.07552
84.17027
131.29719
127.94281
119.56973
119.29355
119.39709
119.55843
119.78766
119.20829
118.76806
117.84983
115.98649
118.16632
118.78753
119.61983
119.06696
117.95642
118.04355
118.76281
118.78187
118.31866
117.46104
116.88274
117.00441
117.26087
116.83793
86.26766
39.68803
38.64241
38.47856
38.62284
38.46271
38.47642
38.47619
38.59763
38.69445
38.58866
38.51171
39.67047
39.98281
38.69324
38.84411
38.61953
38.52679
38.47692
38.53970
38.51880
38.74007
38.80856
38.80027
39.51064
40.30833
39.02793
39.03769
39.02057
38.72836
38.51736
38.41097
38.52324
38.82716
38.77201
38.74468
39.38502
40.19545
38.43381
38.42672
38.37987
38.47097
38.53418
38.65699
38.69515
38.78679
38.86000
38.72605
39.15732
40.60492
38.75365
38.69234
38.75482
38.71385
39.03341
38.87649
38.84977
38.87528
38.47013
38.62883
38.78452
40.54137
38.64853
38.91334
38.78990
38.60692
38.68612
38.83849
38.86174
38.68682
38.75174
38.82492
39.00960
41.08522
38.85288
38.97378
39.03318
39.04050
38.82940
38.90003
38.96341
39.10742
39.02980
39.27191
39.29826
41.42445
39.21535
39.01880
39.00625
39.04803
39.20609
38.99308
38.91177
38.96990
38.90338
38.81926
38.83074
40.86706
39.08502
38.88127
39.09548
39.01619
39.04003
39.04234
39.03977
39.00328
39.01906
39.18819
39.27060
41.03415
39.47090
38.97803
56.02201
110.83826
116.00294
112.82207
111.09418
110.95669
174.25080
185.95197
187.34421
190.19130
109.45592
97.60839
98.29468
98.01161
98.50846
98.60017
98.26171
98.68595
84.88926
74.92763
74.91753
76.24783
75.61351
75.01234
75.09204
75.27097
74.92130
75.09100
59.89017
59.75622
60.16064
60.43244
60.40301
61.55930
61.24060
60.20261
60.17378
60.06020
60.04900
86.01763
82.35177
81.48227
87.96184
89.90465
84.26224
55.25742
48.80214
48.22174
47.57923
41.21686
41.34485
41.40803
41.42706
41.47318
41.40639
41.37943
41.36649
41.45699
41.50197
41.50254
41.47602
41.47548
41.63589
41.54960
41.37836
41.20669
41.16508
41.25602
41.24027
41.40130
41.61391
41.56716
41.47910
41.36599
41.52144
41.45886
41.51007
41.57281
41.43532
42.31301
41.68428
41.46672
41.57378
41.67863
41.55495
41.47324
41.48535
41.49796
41.61120
41.53836
41.58321
41.57120
41.63013
41.66234
41.65231
41.54582
41.48060
41.45411
41.48398
41.55080
41.47592
41.55833
41.45020
41.35933
41.18983
41.13967
41.16870
41.39609
41.36753
41.39030
41.41060
41.44194
41.52465
41.45007
41.35254
41.46936
41.41074
41.36472
41.33776
41.45890
41.49472
41.49716
41.37662
41.22214
41.13796
41.27749
41.21488
41.10361
41.34719
41.26652
41.38676
41.48311
41.46074
41.32197
41.25930
41.37378
41.56047
41.41174
41.34639
41.27819
41.31595
41.48033
41.54368
107.78040
151.16622
256.70154
154.23883
332.54883
1068.43398
1132.32027
1186.14582
1186.45398
1182.55819
1181.53167
827.66144
257.36127
227.64599
268.25779
178.84512
1189.45110
1186.94957
1181.38415
1016.16642
274.22064
243.77853
54.49860
404.34709
374.57866
407.51963
43.43154
43.20803
43.16177
43.21030
43.13813
43.11903
43.08696
44.06632
44.25368
42.92555
42.75548
42.80773
42.89247
42.95144
43.04518
42.96983
43.03318
42.99656
42.97906
43.92408
44.41144
42.94488
43.00094
43.02341
43.05836
42.94632
43.07629
43.02990
42.89983
42.89783
42.87388
43.56391
44.67472
43.11391
43.06104
43.05084
42.99020
42.91936
43.00746
42.94957
42.93592
43.00575
42.87431
43.31512
44.74057
42.73261
42.65970
42.66100
42.77100
42.93973
42.89368
42.92605
42.87555
42.79455
42.91485
43.29957
44.96689
42.87023
42.87957
42.76676
42.70773
42.66803
42.54555
42.48679
42.43799
42.60545
42.68753
42.68926
44.69880
42.36348
86.97692
122.14191
121.23886
119.90863
121.17589
121.93826
121.68478
170.19926
185.84722
186.15753
187.36569
209.45435
223.57181
211.97388
222.26090
217.02258
215.68137
216.10809
224.02946
222.52043
215.82268
241.46726
184.65435
167.26936
162.93351
153.37398
85.79632
78.46722
78.62870
78.41970
77.83518
74.12000
70.43351
66.63796
65.22271
60.40311
57.92916
56.15448
51.44478
42.00448
42.04284
41.91485
41.93916
41.81050
41.71873
41.78789
43.64706
42.63120
86.55505
119.77492
123.94716
690.29659
787.09950
753.14398
213.58482
765.82395
280.83983
119.41274
120.92615
119.66224
118.68502
132.98381
166.81719
153.21017
253.36870
5215.93164
3692.89478
3687.36970
4097.11933
4060.70017
3517.78334
3735.57746
1725.66886
1807.41886
1733.57104
1673.57753
708.80241
717.36462
711.28799
459.35308
3160.70689
2877.66338
3400.02391
3130.30799
2912.75542
3263.08328
2815.89783
2466.58696
2524.37843
2558.26936
2288.31953
2367.10130
1602.64953
1649.93639
2217.62538
690.83776
689.84619
692.18254
695.06492
293.11328
2022.31676
1840.91732
1279.63997
1259.15528
1334.35334
1166.05679
707.05033
205.66799
61.87201
59.38759
57.11863
47.50070
43.91729
43.83428
44.83993
48.37097
739.86709
749.39873
731.43007
124.62652
738.64378
259.05843
44.10826
55.50548
67.72900
62.86856
64.31164
69.00418
68.22291
67.90391
68.11234
69.26873
67.67448
67.75107
68.36207
69.31739
70.18629
68.93980
66.94151
66.59268
71.48716
54.42358
91.83926
83.74555
127.82418
119.89843
119.35211
119.25324
119.73776
136.41348
128.98555
120.00886
118.92709
118.39689
116.70010
120.70896
118.57221
118.13612
117.91896
118.29375
118.24234
117.90829
118.30993
118.58656
118.32441
118.25197
118.38204
121.16455
118.14957
117.98980
118.30458
118.53314
118.74328
118.42819
118.72358
118.62679
119.28375
119.22241
169.49070
186.59676
183.68194
185.22264
185.62435
186.12615
188.76582
246.22726
258.98946
187.47612
556.28301
1086.75946
1150.05401
1218.44729
1248.53642
1240.76692
1234.55221
350.42913
341.34572
304.64786
208.20589
835.64920
1179.01308
1179.85863
1171.47007
396.89194
263.35973
98.19609
267.41679
379.02559
438.03177
131.30893
41.33361
41.45268
41.48960
41.42639
41.51886
43.36010
42.70452
43.02488
42.27087
42.10445
41.98371
41.94776
42.03358
42.13749
42.09759
41.96017
41.90555
43.28508
42.96358
42.04234
42.03221
41.99094
41.88843
41.92401
41.86361
42.02923
41.97542
42.00726
41.86151
42.97793
42.59645
41.37726
41.44137
41.60973
41.75144
41.70023
41.67378
41.75652
41.80391
41.74589
41.72913
42.70181
43.05258
41.80090
41.81582
41.63719
41.58853
41.54157
41.53321
41.68365
41.63261
41.49368
41.65385
42.44194
43.23639
41.82010
41.63582
41.71716
41.81769
41.92110
41.95415
41.55304
41.54214
41.58194
41.78579
42.55696
43.55833
41.69344
44.52806
176.43388
184.13916
184.05455
184.43124
194.88813
194.87656
202.14866
218.11726
128.42719
122.80070
119.44174
119.41943
119.04538
118.94415
119.40040
119.33308
118.96321
118.91318
118.19950
117.99258
118.20726
120.04565
118.15876
118.53619
118.47408
118.69880
118.39154
118.10799
117.38763
117.38077
117.99361
118.11204
117.79177
120.48284
117.73117
117.33849
118.01472
117.53405
43.57716
38.88120
38.89201
39.21645
39.07515
39.08054
40.60579
39.86351
38.66786
38.80318
39.05866
39.00779
39.05599
39.08545
39.10605
39.15351
38.98973
39.14097
40.09452
40.03485
39.10913
38.84555
39.11385
39.28746
39.18154
39.34609
38.92920
38.87592
38.80271
38.79829
39.76515
40.60140
39.14043
39.12706
39.22020
39.20692
39.44682
39.43890
39.16515
39.18946
39.14579
39.24753
39.93900
40.85900
39.38522
39.41137
39.34525
99.41709
98.32679
98.58482
98.71933
98.56161
98.25314
98.19880
98.71227
91.27288
75.61090
75.93970
75.98823
76.19896
76.06642
76.17876
75.81990
75.99164
75.90151
64.21813
61.51114
63.02826
61.16264
61.00472
60.64378
60.93094
60.69555
60.79863
61.10569
60.99281
76.29151
101.48522
87.43431
91.49294
88.25341
52.27321
51.43405
50.44572
49.49485
1267.79555
3089.75341
2339.73936
2799.43258
1182.87813
1073.74699
703.53278
701.86763
701.95542
696.72926
693.07612
693.70779
703.02545
2139.84251
3028.03167
2603.92388
2320.73836
1797.37742
1931.05508
1044.12515
717.64957
1965.12318
2910.53057
2896.17776
657.36853
118.53425
118.32515
117.95532
117.76615
117.82023
120.18100
118.35629
117.69137
117.46127
117.18097
117.21361
117.42742
117.54482
118.01127
118.02615
118.27963
118.07375
120.19087
118.71642
117.81739
118.06548
118.44294
118.67452
119.57886
119.63716
118.98197
119.12816
119.25545
118.49886
120.88431
119.75659
118.96559
118.73779
118.60455
119.00876
119.25097
119.18525
119.07565
118.59940
118.96291
119.49431
121.29502
121.04886
119.99920
119.48247
119.15575
97.25913
37.92124
38.17171
38.27983
38.32458
38.51421
38.50070
38.56161
38.36625
38.40920
38.37211
38.32161
38.18987
38.21642
38.86980
38.61773
38.00853
38.03468
37.97311
38.17602
38.32258
38.21120
38.19110
38.19147
38.20913
38.15612
38.16849
38.19100
38.23084
38.23314
38.28742
38.31709
38.36284
38.17294
37.94823
37.96237
37.91381
38.15234
38.16331
38.23853
38.28341
38.23980
38.40237
38.45318
38.46642
38.42980
38.36639
38.49097
38.49338
38.42448
38.26415
38.17525
38.07452
38.05943
38.13943
38.29890
38.31488
38.24973
38.28033
38.22605
38.20184
38.14428
38.26040
38.39033
38.44712
38.34582
38.27421
38.27187
38.18739
38.21428
37.97271
38.03712
38.16020
38.23599
38.31833
38.18154
38.20318
38.09502
38.12100
38.09274
38.15110
37.83415
38.10047
38.10960
38.17839
38.12662
38.18846
38.19860
38.11338
38.07572
38.16468
38.30669
38.23528
38.03207
38.06234
38.08910
38.01351
38.13716
38.07930
38.01418
37.98090
37.83348
37.79472
130.11572
186.84940
188.83100
188.95037
191.82953
191.95308
182.64692
60.69254
38.19512
38.30398
37.97338
38.11946
38.11689
38.25749
40.80692
38.50258
38.52127
38.53431
38.49421
38.57839
38.61207
38.49361
38.26659
38.26438
38.61144
38.52298
40.74174
38.48615
38.43465
38.41482
38.36147
38.51067
38.53826
38.51361
38.58324
38.39542
38.53348
38.76074
40.82732
39.04458
38.87716
38.52428
38.38809
38.63301
38.83823
38.88043
39.08963
39.08742
39.06027
38.94084
40.97572
39.17943
38.56873
38.87532
39.31137
38.70090
38.64548
38.87839
38.61906
38.56716
38.65027
38.17569
39.87933
38.76184
38.17538
38.57686
38.62849
38.51676
38.61826
38.57559
38.61344
38.68478
38.71896
38.70973
40.04331
39.52117
39.04983
39.06736
38.87983
38.80799
38.77421
38.75993
38.63060
38.62227
38.82074
38.64746
40.04328
40.18963
39.15495
39.13679
38.88130
38.81314
38.67926
38.64963
38.63682
38.75482
38.94027
38.99268
40.03452
40.08505
38.69090
38.84605
38.71344
38.87204
38.81247
38.70946
38.52870
38.55759
38.60983
38.51589
39.60281
40.10930
38.60358
38.55114
38.50525
38.43943
38.41876
38.47993
38.42241
38.60388
38.60712
39.04666
40.08241
38.48833
38.43853
38.41679
38.46629
38.50120
38.59134
38.54803
38.53819
38.55753
39.29448
39.89686
38.59639
38.46201
38.33950
38.40448
38.32823
38.17020
38.19264
38.12876
38.27716
39.40425
39.38268
38.28589
38.30585
38.23077
38.41381
38.46324
38.29097
88.87522
119.12839
117.96140
165.31418
174.45933
173.04428
177.30368
177.34726
175.45635
174.19385
172.44856
167.75756
174.27893
170.39605
175.77462
128.17157
62.34569
62.39361
59.36007
51.75873
51.83378
51.63137
51.88595
51.75676
51.74535
51.83448
51.85936
51.92037
51.81756
51.61174
50.83890
49.72890
45.89445
44.40676
44.23662
42.39950
40.58318
40.56829
40.83264
41.20609
41.37495
41.26231
40.97314
40.78462
40.53816
40.14151
40.11599
40.08294
40.05766
40.01227
39.96425
40.10003
40.10742
39.90980
39.59438
39.60756
39.77251
40.00241
39.92264
39.71488
39.69090
39.75759
39.84452
39.73562
39.80910
39.73943
39.67274
39.37043
39.37124
39.54977
39.69789
39.78227
39.68508
39.67084
39.68662
39.66793
39.76234
39.85672
39.63625
39.64753
39.70040
39.74241
39.67124
39.60759
39.50381
39.56184
39.50773
39.33217
39.27355
39.31773
39.69565
39.76017
39.85726
39.64207
39.53649
39.52100
39.47773
39.46365
39.75866
39.79599
175.62485
185.79452
188.83043
189.67197
188.47104
191.19552
188.01662
187.86569
199.93579
213.23512
125.73375
119.59311
120.05853
120.54913
121.19191
121.13030
120.52375
120.01846
119.75338
121.24328
118.75114
169.34033
276.93268
336.60779
853.85271
867.59023
813.07729
786.39134
876.17137
897.97689
567.60060
253.59080
227.96940
186.77030
263.00217
464.49421
1115.26926
681.71679
263.32843
131.87946
246.64344
434.12114
414.80920
350.91298
420.52746
164.28763
38.70936
38.72074
38.60716
38.57682
38.59525
39.92528
38.89967
38.40766
38.91084
38.57100
38.36599
38.29562
38.55395
38.66482
38.65495
38.81338
40.61880
39.21191
38.87823
38.92906
38.75000
38.76114
38.54866
38.57120
38.74227
38.59930
38.63431
40.73197
38.64224
38.59575
38.68783
38.58428
38.44264
38.41699
38.47134
38.63679
38.75793
38.82154
40.79120
38.61428
38.74181
38.96264
38.89712
38.81003
39.15886
38.68365
38.50839
38.61756
38.99833
40.61786
38.93839
38.96736
39.06013
39.15826
39.04916
39.08284
39.36900
38.97666
38.98983
39.88365
40.11054
38.63722
38.67221
38.95067
39.09622
39.04569
39.13565
39.25672
39.27411
39.20137
40.32779
39.84117
39.09886
39.00910
38.82906
38.83943
38.89903
39.03642
39.12181
39.16274
39.21649
41.05047
39.41381
39.17117
38.93662
38.54582
38.60910
38.74231
38.89167
38.89438
38.76211
38.63709
39.32040
40.40612
38.71916
38.56452
38.56067
38.48508
38.65324
38.84268
38.83164
38.82987
38.92595
39.67632
40.16793
38.84769
38.66418
38.62171
38.60950
38.57331
38.69077
38.67324
38.66933
38.72689
39.84368
40.14134
38.63990
38.71729
38.82465
38.74970
38.81191
38.83308
39.00913
39.14645
38.99234
40.32047
39.52385
38.96050
39.04388
39.13227
38.85977
38.76766
38.94866
39.10488
39.08505
38.88595
40.89094
39.06017
39.02512
38.99656
38.92522
38.80181
38.66542
38.79371
38.56656
38.63793
38.50120
40.65157
38.62201
38.91870
38.95876
38.88405
38.64064
38.41950
38.40997
38.52856
38.60087
39.14746
40.50839
38.83237
38.81809
38.82612
38.90552
38.83000
38.76836
38.71334
38.71682
38.68087
39.48953
39.85950
38.37967
38.41064
38.58813
38.59923
38.75659
38.44247
38.36642
38.30448
38.37542
39.56408
39.49171
38.23532
39.03391
38.14936
38.34020
38.34866
38.50030
68.08582
122.31114
147.51906
177.29682
180.39572
171.84151
172.64408
174.86147
176.99512
171.04779
173.23512
171.70916
168.52023
174.51645
172.36706
197.83421
233.23391
236.96686
234.62622
226.39505
217.42033
236.00221
235.71358
174.06515
157.87589
157.93207
162.06652
40.88833
40.96348
41.03639
41.26619
41.08873
41.06181
41.15696
41.18231
41.28880
41.55602
41.57425
41.60281
41.58204
41.48672
41.59478
41.74164
41.81428
41.66846
41.50033
41.60418
41.88234
41.95726
41.92967
41.98411
41.97278
41.58401
41.57776
41.62856
41.79926
41.78913
41.94023
41.95191
41.84247
41.84161
41.95060
41.98632
41.91826
42.15358
42.18221
42.25706
42.12649
42.23057
42.26860
42.10789
41.88144
41.68371
41.59247
41.70274
41.92418
41.87649
41.91957
41.87569
41.95258
42.14849
42.06793
42.04314
42.04007
41.88371
41.81421
41.69017
41.52462
41.50886
41.52893
41.58836
41.77846
41.78448
41.71702
41.72953
41.86204
41.84836
41.62796
41.59288
41.52602
41.69177
41.55428
41.56773
41.53716
41.72482
41.69759
41.65338
41.69712
41.53237
41.57579
41.66880
41.60853
41.62301
41.57756
41.48304
41.66191
41.61314
41.58548
41.55375
41.51819
41.46826
41.37652
41.48435
41.53197
41.59064
41.41669
41.46836
41.73375
41.77261
41.75278
41.65070
41.49201
41.54060
41.50943
41.71776
41.61732
41.69933
41.80104
41.68117
41.62130
41.63472
48.17057
52.48833
51.51328
49.34943
47.55020
48.00385
42.38990
42.06890
42.11003
42.11692
41.94896
41.92385
42.00498
41.96294
43.64247
43.76067
88.55508
55.51799
85.80154
86.66164
57.07686
41.96679
56.54860
469.48512
764.35274
744.30816
487.53171
543.83575
524.77582
42.12495
42.12130
42.29465
42.18960
42.03953
1344.86518
2739.91415
2379.76244
2459.01913
155.46234
38.61465
38.45803
38.44361
38.57003
38.50268
38.36769
38.44151
38.50308
38.45247
38.46736
38.42652
38.19094
38.12960
38.12789
38.11518
38.17826
38.25127
38.24498
38.29415
38.35692
38.48933
38.51923
38.44284
38.26385
38.27936
38.35157
38.35548
38.34104
38.27130
38.27184
38.18271
38.05833
38.02090
38.12147
38.00773
69.34157
192.70833
185.14033
1051.51431
590.40435
182.78472
184.57167
183.25054
188.21023
187.28883
186.30321
187.70007
186.52408
122.15221
118.49264
119.10505
117.41605
117.19538
116.97458
117.61799
120.90669
125.04398
90.87157
38.57207
38.52057
38.60569
39.32187
40.34448
38.40518
38.37702
38.34913
38.35127
38.71201
38.69472
38.49592
38.40365
38.58174
38.56124
39.01582
40.65308
38.56201
38.39408
38.33602
38.40980
38.35936
38.27783
38.23137
38.16054
38.04100
38.22538
38.55244
40.64217
38.45987
38.32017
38.28843
38.33060
38.38552
38.43575
38.41896
38.44940
38.79090
38.74452
38.76799
41.14321
38.92722
38.92773
38.78987
38.61625
38.58214
38.71799
38.84458
38.72913
38.53960
38.68147
38.68144
40.52251
38.86231
38.76555
38.65261
38.54967
39.12656
38.67783
38.64375
38.60130
38.62946
38.63605
38.52605
40.41368
38.67779
38.58940
38.77361
38.65849
38.70508
38.69719
38.58739
38.68137
38.68050
38.73211
38.82699
40.37890
39.07017
38.60194
38.69268
38.78127
38.95441
38.90090
38.82977
38.75565
38.84311
38.91395
38.91227
40.52324
39.60990
39.06227
38.71548
38.78054
38.74291
38.66288
39.18344
39.04739
38.59625
38.54084
38.50525
39.95856
39.61876
38.67077
38.68642
38.58582
38.67395
38.80167
38.71973
38.77000
38.69923
38.69933
38.64217
39.87756
39.92371
38.82268
38.84070
38.68097
38.68689
38.68886
38.51013
38.36448
38.33839
38.23736
38.16254
39.28602
39.79388
38.62970
38.49401
38.51037
38.32084
38.57635
38.56632
38.59622
38.73134
38.68993
38.57569
39.38348
39.87729
38.30271
53.19284
116.34846
118.42953
117.79114
118.79689
118.06271
118.69950
118.55873
118.42338
117.78545
117.73455
117.14057
116.63682
117.00699
116.98341
117.01334
117.03207
116.78261
119.03027
117.24472
117.56739
44.18060
38.43492
38.16806
38.17502
37.94860
38.37288
38.38495
38.68753
38.66043
38.39097
38.92064
38.73371
38.35294
38.43582
38.44973
38.44870
38.52274
38.53331
38.50060
37.93532
37.99140
38.05482
38.30525
38.26689
38.27676
38.45067
38.49027
38.50538
38.56836
38.52967
38.38829
38.44251
38.37341
38.39746
38.26341
38.17281
38.28087
38.32114
38.28127
38.23334
38.26766
38.39629
38.49224
38.44110
38.41756
38.37806
38.33997
38.30672
38.42706
38.25793
38.19809
38.26124
38.37308
38.55411
38.62605
38.64799
38.57388
38.57542
38.48137
38.53866
38.52107
38.47870
38.45555
38.42197
38.13866
38.14441
38.10612
38.27525
38.28027
38.31960
38.21227
38.08719
38.30826
38.32783
38.20204
38.18793
38.22040
38.22873
38.29067
38.19040
38.15873
38.13799
38.27130
38.29080
38.39127
38.44375
38.42371
38.38498
38.42783
38.31237
38.17033
38.22261
38.30010
38.37930
38.35843
38.27161
38.20826
38.32054
38.54224
38.52860
38.49318
38.42311
38.23585
38.25799
38.29411
38.50883
38.35154
38.37746
38.26629
37.90505
161.27508
184.70940
184.78231
189.70074
185.51244
186.05555
163.96214
127.41441
125.60060
126.66311
126.28144
125.56773
125.31696
123.74254
44.86221
39.71475
38.31672
38.47468
38.55311
38.63472
38.65405
38.67512
38.98716
38.83940
38.88498
38.86522
39.77508
40.48997
38.95338
38.71348
38.82689
38.60204
38.64508
38.70411
38.85328
38.74806
38.98512
39.00589
39.28883
40.71167
38.68706
38.62298
38.63194
38.61217
38.38686
38.33662
38.34555
38.54294
38.56833
38.55749
39.05264
40.49365
38.59472
38.56753
38.64167
38.60579
38.69512
38.61689
38.45047
38.34441
38.57458
38.56351
39.20365
40.22375
38.32923
38.50689
38.66301
38.78294
38.77585
38.81107
38.70799
38.58288
38.55281
38.28508
38.75388
40.31498
38.39863
38.39589
38.39134
38.56689
38.66284
38.75237
38.60321
38.63702
38.55940
38.55923
38.74154
40.77023
38.72278
38.61933
38.51314
38.70301
38.63358
38.68632
38.61117
38.52074
38.46348
38.43104
38.49482
40.86478
38.46729
38.55268
38.45475
38.40836
38.42599
38.52431
38.60873
38.67763
38.84719
38.82104
38.83796
40.94157
38.80726
38.85662
38.87117
38.90304
38.76227
38.68398
38.62144
38.89722
38.97261
38.81849
38.85214
40.93274
39.30953
38.88803
38.80799
38.92829
39.00231
38.90926
39.04903
38.82425
38.75930
38.56204
38.54328
38.39753
38.34548
38.35916
38.25140
38.35251
38.45395
38.57247
40.11742
38.80736
38.37813
38.52528
38.31064
38.25943
38.54846
38.63739
38.54799
84.73910
118.40087
116.70649
118.95592
119.38174
118.80110
118.67134
118.56254
118.48789
117.81425
116.70957
78.15217
38.48642
38.36622
38.62535
38.65284
38.74679
38.81799
38.52548
38.63853
38.55254
38.57679
38.57391
38.43194
38.41773
38.31110
38.65836
38.74385
38.78435
38.64174
38.65692
38.49348
38.42906
38.51793
38.47669
38.51087
38.67324
38.65599
38.41612
38.37870
38.43431
38.59023
38.62214
38.58431
38.72164
38.69435
38.75371
38.74010
38.87114
38.91722
38.79431
38.54977
38.54689
38.63237
38.47612
38.63462
38.74746
38.74458
38.60047
38.60304
38.77706
38.62378
38.55331
38.55943
38.49080
38.72562
38.69398
38.51635
38.47756
38.49860
38.40047
38.42990
38.52759
38.51672
38.47117
38.53488
38.49057
38.55692
38.62679
38.65321
38.63184
38.39789
38.31274
38.06104
38.12946
38.25689
38.73632
38.63599
38.39749
38.26876
512.29645
1925.29114
2895.67662
2837.44064
3080.97846
3274.30003
3306.71502
2682.56706
1587.74793
1116.49047
701.22555
700.94037
697.56809
697.50010
695.72428
695.14980
693.13435
525.74635
57.19896
72.23227
630.85880
3188.28492
2864.64468
2603.38110
2735.31669
2738.29766
2577.63030
2486.91104
700.50147
726.73559
1130.45512
2268.62662
1836.60595
2057.35535
758.58652
738.09057
722.00552
160.80619
122.02482
151.76839
155.37906
152.37699
191.87472
361.97940
272.57525
456.12789
1193.23445
1238.91669
1299.37268
1271.71893
1235.61033
1226.07933
508.24338
336.64642
308.36107
293.96244
689.16288
1228.35876
1219.26311
1201.80525
868.32502
336.36134
269.50960
119.59639
536.17716
429.91318
382.51579
118.51130
118.20739
118.22311
120.54157
118.10114
117.97040
117.71816
117.67472
117.83793
120.14903
118.54047
118.24896
118.14672
117.18495
117.68344
118.06592
117.41967
117.15953
117.28355
117.30502
117.55114
119.88147
118.53448
117.46344
117.72599
117.59856
117.80184
117.95043
117.69839
117.48676
110.29659
40.67314
41.03672
42.65963
40.86231
40.80120
40.82127
40.89087
41.01087
41.02194
40.89565
40.86826
40.87732
40.81749
41.00027
43.06876
40.99502
40.92967
40.96813
40.99779
41.00338
40.98204
40.91191
40.80064
40.75274
40.75609
40.87843
43.22659
41.02050
41.06987
41.02582
40.84488
40.70458
40.74686
40.77793
40.81401
40.78656
40.59171
40.48207
42.64773
40.68321
40.57304
40.72552
40.74796
40.72074
40.71528
40.56676
40.71385
40.71204
40.60488
40.61288
42.55023
40.90431
40.58669
40.64278
40.62819
40.52672
40.63411
40.54706
40.61913
40.68197
40.73455
40.80582
42.56512
41.07425
40.47278
40.58064
40.59732
40.34130
40.32742
40.25247
40.07033
40.32157
40.35421
40.37130
42.02679
41.05278
40.33863
40.35033
40.43963
73.08846
185.91548
189.62157
194.26659
194.00946
195.73589
192.08084
193.61181
158.18672
126.21789
127.17779
126.56258
127.24324
126.83151
126.90602
123.19013
118.31689
118.57823
118.94518
119.96375
119.44756
118.26870
117.99137
117.93234
118.04234
118.51910
119.17448
118.72525
118.38147
118.58719
143.74140
144.49766
144.50545
152.10612
159.55525
156.01575
149.65388
140.23967
140.07756
139.55261
139.43054
140.16656
141.86097
139.97582
140.25672
140.27207
140.09535
139.76151
139.65505
140.09582
140.36184
140.12157
140.68729
166.17957
201.65903
198.94649
206.94799
216.01184
206.32421
193.43676
117.54826
79.84060
79.91676
79.97498
80.20709
77.65569
105.32910
147.87676
144.87609
141.89518
140.21823
138.55428
137.38064
130.15465
126.18013
124.92047
124.18773
120.26321
122.40090
120.77946
119.44301
119.39415
119.63876
119.36020
119.23739
119.26555
119.34161
118.84080
119.10963
120.40077
122.45652
120.43635
136.20214
156.25318
157.35254
148.85365
119.96441
153.89171
191.04582
185.98973
179.34020
179.02398
186.58535
179.20040
183.43642
197.31759
182.86890
183.77548
184.23712
182.80110
183.19565
183.11977
183.22274
182.75946
189.60321
188.69488
174.05251
171.10766
164.55622
194.05431
189.58137
189.71896
189.15097
254.75475
2639.06579
942.55883
693.10819
784.12706
1831.28799
1850.79161
1645.57592
1850.22893
1809.99247
1325.03177
120.33829
120.95017
121.00261
144.79084
186.68244
189.46829
181.59324
178.78739
191.61666
193.50766
194.46107
190.03465
194.70418
195.85418
195.01114
192.55967
145.88144
124.80682
121.17421
120.63645
120.15699
119.56023
119.38910
119.77642
119.39431
119.27284
119.31786
119.20007
119.96612
120.47201
118.33900
118.57953
118.37157
118.67465
118.50776
118.24856
117.17873
117.87040
118.07589
124.55161
234.09425
184.13194
200.00890
1078.27398
1049.88478
1157.25140
1152.26177
1149.27338
1144.63716
986.05863
257.35258
235.08184
244.37545
155.88946
1006.24023
1152.41960
1149.00973
1147.04151
638.34562
271.01040
164.88856
109.94147
476.86960
365.39341
239.37846
42.50632
40.68043
40.60605
40.54900
40.59241
40.86237
40.87873
40.77405
40.77559
40.78030
40.77712
41.14639
42.86435
40.76177
40.82676
40.77796
40.78003
40.71037
40.72722
40.61739
40.72746
40.73482
40.67920
40.96207
43.25040
40.79849
40.79462
40.77980
40.84579
40.83849
40.79324
40.92284
40.96682
41.00117
41.10686
41.04635
43.24836
41.00773
40.72923
40.73699
40.82716
40.78916
40.89652
40.75120
40.84094
40.90144
40.81003
40.85753
42.91662
41.27130
41.01983
40.99913
40.99629
40.92796
40.82338
40.85505
40.53609
40.58157
40.72395
40.65806
42.59819
41.25692
40.78535
40.70803
40.66147
40.57896
40.56482
40.65936
40.43602
40.43425
40.43441
40.49298
42.33411
41.26960
40.88281
178.03452
183.67585
187.19378
907.16000
186.19498
189.56773
184.95953
184.52398
187.49973
187.67863
183.35833
188.23301
190.68217
309.19599
859.94224
721.71508
474.43799
322.02181
525.89241
108.88873
38.07077
39.67462
39.17502
38.28719
38.33010
38.35074
38.25191
38.13231
38.27545
38.39502
38.26090
38.23251
38.10023
39.27047
39.32716
38.16448
38.10398
38.23221
38.37773
38.54793
38.61047
38.54007
38.46458
38.55769
38.43702
39.32779
39.78462
38.47649
38.51622
38.43465
38.77980
38.63435
38.41281
38.71030
38.53669
38.84515
38.67281
39.19505
39.89167
38.75258
38.43468
38.42167
38.20950
38.59769
38.78803
38.81926
38.37963
38.35595
38.28144
38.87826
39.98331
38.15860
38.20261
38.22615
38.16739
38.10585
38.03528
38.05278
37.93087
38.00639
38.07863
38.36258
39.82124
37.97428
38.13087
38.16595
38.19980
38.20207
38.10084
38.18140
38.21987
38.06953
