23.06504
21.17722
21.02532
20.98701
21.05063
21.02532
21.02532
21.05063
21.01250
21.03797
20.79747
20.91139
22.53165
19.83544
19.90000
20.35443
21.08861
21.02532
20.98750
20.24359
20.21250
20.25316
20.43038
20.65823
22.89873
20.13924
20.53165
20.96250
21.01266
21.01266
21.00000
21.02532
21.00000
21.00000
21.01266
21.05063
23.31250
20.62025
20.63291
20.88462
21.10959
21.05405
21.09333
21.04110
21.05333
21.05405
21.01351
21.00000
22.82278
20.53165
20.36709
21.02667
21.05405
21.01351
21.04000
21.00000
21.04054
21.08108
21.02703
21.01351
22.62025
20.72152
20.39241
21.01333
21.04054
21.02703
21.03846
21.00000
20.32500
20.31646
23.68354
47.75641
49.68000
47.60811
48.13514
47.81081
48.25676
49.82432
47.52632
50.84810
53.48101
49.38462
46.15190
23.60759
23.56962
23.13924
22.11392
22.23750
22.30380
22.11392
37.64557
54.64557
50.30380
47.86842
49.07595
49.02532
51.48101
52.68354
52.70886
49.30000
55.45570
54.58228
51.92405
53.01266
56.27500
55.93671
89.31646
96.05063
101.79747
108.15190
103.00000
87.70886
91.13924
91.86076
99.94937
99.40506
99.85000
92.87342
95.06410
95.21519
98.21519
115.11392
59.64557
43.71250
43.81013
43.97468
44.08750
44.22785
44.56962
43.87013
58.03896
55.87179
48.19231
56.63158
54.96000
54.82432
55.72973
54.78378
55.14865
50.56410
49.92405
50.01266
50.85897
53.78481
55.53846
56.46753
51.65789
50.73684
47.96154
45.17722
21.84810
22.41772
22.62500
22.92405
21.18987
21.27848
21.88608
23.41250
21.02532
27.94937
44.08861
43.92405
38.51250
32.17722
32.10127
33.67532
37.41558
37.15190
36.93750
38.54430
35.93671
35.75949
35.15190
35.02532
34.50633
32.60759
30.69620
29.38750
28.26582
27.24051
26.97468
27.15190
23.01266
22.97500
23.27848
23.73418
23.73418
23.53165
23.44304
23.28750
23.25316
23.26582
23.37975
25.88608
22.91139
22.68750
22.68354
23.29114
23.40506
23.17722
23.11392
23.07595
23.20253
23.18987
23.20000
25.75949
23.48101
23.08861
23.00000
22.65823
22.68750
22.79747
23.12658
23.19231
23.30380
23.29114
23.21250
25.50000
23.71250
23.16456
23.13924
22.59494
22.62025
22.89873
23.13924
23.15000
23.24051
23.34177
23.26582
25.27848
23.89873
23.18750
23.15385
23.22785
23.26582
22.91139
22.81250
22.73418
22.93671
23.13924
23.12500
25.11392
24.16456
23.15190
23.26582
23.22785
23.32500
23.11392
22.68354
22.53165
22.94937
23.25316
23.17500
24.89873
24.50633
23.24051
23.30380
23.16250
23.24051
23.39241
23.00000
22.22785
34.84615
71.00000
71.56410
72.78481
73.84810
70.08861
55.82278
20.67500
20.25316
20.77215
20.81013
20.72152
20.82278
20.97500
20.59494
21.32911
21.62025
20.13924
20.89873
20.87500
20.87342
20.92405
20.93671
20.98734
20.88608
20.96250
20.79747
20.01266
22.12821
20.14103
20.81013
21.00000
20.98750
20.93671
20.98734
20.98734
20.96250
21.00000
20.86076
21.21519
22.83544
20.92405
20.21250
20.02532
20.06329
20.54430
20.89873
20.93750
20.93671
20.92405
20.88608
20.81013
23.08750
20.97468
21.00000
21.00000
20.77215
20.00000
20.00000
20.18571
20.88608
20.94937
20.98734
20.97500
23.07595
21.10127
20.98750
20.97468
20.96203
20.41772
20.00000
20.00000
20.64557
20.92500
20.93671
20.96203
22.74684
21.22785
20.96203
21.00000
20.98750
21.00000
20.97468
20.70886
20.11392
20.20253
20.18987
20.98750
22.73418
21.46835
20.92405
20.98750
20.97468
21.00000
20.94937
20.42500
20.00000
20.01266
20.75949
21.00000
22.63750
21.59494
43.40506
61.84810
61.96203
61.98734
61.98750
58.55696
43.18987
43.34177
43.75949
44.18987
45.75949
45.25000
44.10127
50.82278
41.67089
32.83544
34.64557
45.44304
32.62025
32.67500
55.81013
79.86842
82.64557
81.06250
79.97468
82.55696
81.68354
81.39241
77.81013
77.68750
77.17722
72.22785
71.36709
71.15190
74.21519
72.17500
70.66667
0.00000
0.00000
0.00000
0.00000
0.00000
0.00000
0.00000
0.00000
0.00000
0.00000
0.00000
0.00000
0.00000
0.00000
0.00000
0.00000
0.00000
0.00000
55.62821
22.20253
36.67089
41.46835
29.20253
21.18987
21.70886
21.92405
22.35443
22.06579
22.02500
22.01266
22.01266
22.00000
22.02532
22.01266
22.06329
22.03750
21.75949
21.37975
21.63291
21.67089
22.01250
22.00000
22.01266
22.02532
22.02532
22.02532
22.02532
22.00000
22.01266
21.77500
21.25316
21.36709
21.51899
22.00000
22.00000
22.00000
22.02532
22.00000
22.00000
22.01266
22.00000
22.00000
22.01266
21.26582
21.06250
21.30380
22.01266
21.98734
22.01266
22.00000
22.00000
22.01266
22.01266
22.01266
22.00000
22.00000
21.40506
21.15190
21.31646
21.95000
22.01266
22.01266
22.00000
22.02532
22.00000
21.95833
22.00000
21.98734
22.00000
22.01266
21.59494
21.16176
20.92405
20.66250
20.62025
21.35443
22.00000
22.00000
21.83544
21.13924
21.15000
21.37975
21.36709
21.32500
21.30380
21.44304
22.01266
22.06329
22.01266
22.00000
22.01266
22.01266
22.01266
22.00000
22.00000
22.01266
22.00000
22.01250
21.29114
21.26582
21.31646
21.72152
22.01266
22.00000
22.01266
22.01266
22.00000
22.00000
22.03797
21.67089
21.63291
21.45570
22.00000
22.03797
22.00000
22.02532
22.02532
60.97403
91.42857
86.30380
84.94805
85.76250
85.51899
86.96203
86.27848
75.13924
71.75949
75.66250
86.62025
71.64935
60.50000
21.96203
21.98734
22.00000
21.12658
21.05063
21.25316
31.33750
39.03797
38.84810
22.01250
22.00000
22.00000
22.00000
22.01266
22.01266
34.10256
21.03947
21.17722
21.76923
21.98649
22.00000
21.98649
22.00000
22.00000
22.00000
22.01351
22.01351
22.04000
22.00000
22.00000
21.37179
21.31646
21.57500
21.81579
22.00000
22.00000
22.02703
22.01333
22.02703
22.00000
22.01333
22.00000
22.01351
21.21519
21.15000
21.38462
22.01351
22.00000
22.00000
21.97333
22.01351
22.00000
22.01333
22.01351
22.01351
22.02667
22.00000
21.13924
21.18987
21.18750
22.00000
21.98667
22.00000
22.01351
22.00000
22.01351
22.00000
22.02667
22.04054
22.02703
21.85526
21.16456
21.22500
21.66234
22.05405
22.04054
22.01333
22.02703
22.05405
22.02667
22.01351
22.01351
22.02667
22.02703
22.01351
21.15190
21.13924
21.30000
22.02703
22.01351
22.00000
22.00000
22.00000
22.00000
22.02703
22.04054
22.01351
22.02703
21.53947
21.15000
21.26582
21.96053
22.04054
22.00000
21.98667
22.05405
22.05405
22.08108
22.04054
22.04054
22.00000
22.02703
21.94595
21.33750
21.31646
21.51899
22.01266
33.17722
41.05000
36.31646
38.06329
22.03797
22.06329
34.07500
71.12658
89.18987
91.24051
98.59494
93.75949
88.85000
90.13924
88.83544
86.86250
89.25316
75.59494
70.41772
67.91139
70.47500
60.50633
42.56962
41.56962
27.67532
24.97468
24.97468
25.00000
24.98734
25.00000
24.97468
24.77215
22.74684
22.86250
22.74684
21.94937
22.00000
22.00000
22.49367
22.66250
22.56962
22.29114
22.36709
22.26250
22.16456
22.25316
22.37975
22.33750
21.79747
21.70886
21.62025
21.88608
22.17722
22.08861
22.07595
22.12500
22.06329
22.07595
22.08861
22.16456
22.03750
22.08861
21.62025
21.70886
21.63291
22.06250
22.03797
22.07595
22.05063
22.07595
22.11392
22.12658
22.15000
22.06329
22.02532
22.03797
21.40506
21.57500
21.65823
22.02532
22.07595
22.00000
22.00000
22.00000
22.00000
22.00000
22.00000
22.00000
22.00000
22.00000
22.01250
21.05063
21.16456
21.25316
21.96203
22.01250
21.98734
22.00000
22.00000
22.00000
22.00000
22.00000
22.00000
21.97468
21.39241
21.10127
21.21519
21.87500
22.00000
22.00000
22.00000
22.01266
22.00000
22.00000
22.02532
22.00000
22.00000
22.00000
21.79747
21.25316
21.13924
21.48101
22.00000
22.00000
22.00000
22.00000
22.01250
22.02532
22.00000
22.02532
22.00000
22.02500
22.00000
21.24051
21.24051
21.26582
22.00000
21.98750
22.00000
22.00000
22.01250
22.02532
22.00000
22.00000
22.02532
22.03797
22.00000
21.12500
21.31646
21.50633
22.03797
22.02532
22.00000
22.01250
22.02532
22.06329
22.02667
22.00000
22.54430
25.00000
24.44156
23.71429
21.88608
22.08861
22.08861
22.15190
22.39241
22.06329
22.16250
22.27848
65.32051
69.93243
87.85897
77.10127
71.65823
71.24051
79.53750
76.79747
34.13924
33.05063
36.02532
22.50633
30.58974
22.16216
22.20000
24.82432
22.22667
21.62025
21.65000
21.85897
22.32432
22.25676
22.29730
22.36000
22.35135
22.32432
22.32000
24.71622
22.83784
22.10526
21.81013
21.90000
22.17949
22.45946
22.27027
22.16000
22.05405
22.20270
22.14667
24.43243
23.13514
22.61333
22.54054
22.70270
21.83544
21.86076
21.93671
22.16000
22.20000
22.13514
22.13514
24.20000
23.17568
22.39189
22.45333
22.52703
22.24000
22.46575
21.90000
21.91139
21.96203
22.29730
22.13333
23.94521
23.28000
22.31081
22.43243
22.50667
22.36486
22.34247
22.34667
22.32000
21.91139
21.96203
22.15190
23.78667
23.45333
34.00000
39.51351
43.29333
46.97297
49.04054
30.54667
22.33784
22.43243
22.16883
38.10127
44.35000
42.13158
42.86667
41.09459
43.64000
40.68919
36.21622
39.02667
40.31081
39.82432
48.56000
50.58667
52.40506
25.08861
21.91139
39.01282
39.66216
22.21622
35.08108
28.52000
22.34667
41.49333
31.50667
22.41892
22.75000
23.37975
24.18987
51.71429
54.24324
75.90667
73.62162
70.33784
66.54054
66.93243
64.98649
65.42105
68.75676
69.98630
70.00000
0.00000
0.00000
0.00000
0.00000
0.00000
0.00000
0.00000
0.00000
0.00000
0.00000
0.00000
0.00000
0.00000
0.00000
0.00000
0.00000
0.00000
0.00000
0.00000
0.00000
0.00000
0.00000
23.54386
21.15190
21.06329
21.10127
20.48052
20.60256
20.63291
21.02532
21.10000
21.12658
21.08861
21.10127
23.93671
21.05063
21.03797
21.03797
21.16456
21.10000
20.94937
20.96203
20.92405
20.97468
20.00000
20.00000
20.00000
20.70886
20.93671
20.96203
20.97500
20.98734
20.97468
20.94937
20.92405
20.93671
19.30380
19.00000
19.10127
20.89873
20.96203
20.97500
20.54430
20.00000
20.00000
19.98734
20.00000
20.00000
19.98734
20.12658
20.91139
20.87500
20.93671
20.89873
21.00000
20.97500
20.96203
20.96203
20.87342
20.93671
20.00000
20.00000
20.01266
20.72152
20.97468
20.94937
20.97468
20.97468
20.98734
21.00000
20.96250
20.02532
20.00000
20.34177
20.92405
20.83544
20.76250
20.72152
20.84810
20.91139
20.89873
20.81013
20.86250
20.55696
20.00000
20.00000
20.72152
20.87342
20.80000
20.87342
20.78481
20.93671
20.88608
20.88608
20.72152
20.83750
20.91139
20.62025
20.00000
20.00000
20.50000
20.89873
20.89873
20.97468
20.97468
21.00000
20.97500
20.87342
20.92405
20.93671
20.33750
20.00000
20.16456
20.87342
20.92405
20.91250
20.92405
20.91139
20.88608
20.86076
20.93671
20.97468
20.91250
20.84615
20.77500
20.63291
20.00000
20.00000
20.43038
20.89873
20.75949
20.91139
20.98734
20.93671
20.91139
20.94872
20.95946
20.20513
20.00000
20.41772
23.55000
23.36709
23.08861
21.72152
20.98734
20.98750
21.00000
21.02532
21.01266
21.00000
20.58228
51.02532
66.77500
67.58228
71.53165
68.10127
72.79747
71.29114
68.78481
69.83750
69.83544
67.32911
71.40506
69.44304
63.88608
66.65000
40.44304
21.63291
20.92405
21.00000
20.98734
21.00000
20.96203
20.98701
20.92405
20.97468
20.98684
20.37662
21.67089
21.21250
20.78667
20.97333
20.97297
20.98649
21.00000
21.00000
20.98649
21.04000
21.00000
20.98649
22.16000
22.16216
20.94595
20.28205
20.01266
19.98734
20.75000
20.98649
20.98649
20.97297
20.97333
20.93243
22.04054
22.26667
20.98649
20.61842
20.00000
20.02532
20.72368
21.00000
20.94595
20.97297
20.96000
20.94595
21.77027
22.46667
20.98649
20.98649
20.94667
21.00000
20.94595
20.48052
20.00000
20.02532
20.53247
20.91892
21.56757
22.44000
20.90541
20.90541
20.92000
20.91892
20.85135
20.73333
19.98734
20.00000
33.50000
68.10811
68.60811
70.18667
63.17568
60.10390
60.48000
60.47297
60.74324
60.57333
60.97297
61.01351
61.08000
43.35065
43.11392
44.84810
43.29870
43.54054
43.71622
43.66216
43.80000
43.72973
42.25676
32.56000
32.59459
32.54054
32.37662
34.10127
31.98734
32.35065
32.72000
32.63514
32.54054
32.56757
32.56757
32.06667
30.33784
28.86486
27.84000
29.17568
26.20270
24.81250
24.36709
22.84810
22.34667
22.32432
22.58108
22.64000
22.60811
22.75676
22.68000
24.70270
22.98649
22.72000
22.71622
22.75676
22.42857
22.00000
21.96203
22.24359
22.89333
22.90541
22.88000
24.67949
23.17722
22.93671
22.15385
21.00000
20.73418
20.25316
20.29114
20.67089
20.98750
21.01266
21.02532
22.89873
21.81013
21.00000
21.01266
21.00000
21.00000
21.00000
20.86076
20.06329
20.06250
20.25316
21.02532
22.69620
21.87500
21.00000
21.00000
21.00000
21.00000
21.00000
20.98750
21.00000
21.00000
21.00000
21.00000
21.98750
21.28205
20.01250
20.44304
20.97468
21.01250
20.98734
20.97468
21.00000
20.98734
20.98734
20.98734
22.08861
21.46835
20.00000
20.10127
20.98734
20.98734
21.00000
21.00000
20.94937
20.97500
20.97468
20.94937
22.01266
22.36709
20.96203
20.98750
20.78481
20.00000
20.00000
20.16456
20.98734
20.97500
20.97468
21.00000
21.75949
22.40000
21.00000
20.98734
20.92405
20.97468
20.20253
20.03797
20.01266
21.01250
21.00000
20.97468
21.59494
22.60759
20.98734
20.97468
20.98734
20.98750
20.93671
21.00000
21.00000
20.51899
20.02532
20.01266
21.03750
22.83333
20.98750
21.00000
20.97468
20.97468
20.97468
20.98734
20.94937
20.98750
20.82051
20.00000
20.26582
22.91139
20.98734
20.98734
21.00000
21.00000
21.00000
21.00000
21.00000
21.00000
21.00000
21.00000
21.06329
23.43836
20.69737
20.05000
20.02532
20.39744
20.93243
21.00000
21.00000
21.00000
20.98649
20.98667
20.98649
23.37838
21.20000
20.38961
20.07595
20.12658
21.00000
21.00000
21.00000
21.01351
21.00000
20.98667
20.98718
23.05063
21.29114
21.00000
21.00000
20.01333
20.10811
20.20000
21.01266
21.06329
21.00000
21.03750
21.01266
23.16456
21.65823
21.05063
21.01266
21.02500
20.98734
20.20253
20.38750
20.30380
20.97468
21.02532
21.01266
22.88608
21.97500
21.06329
21.00000
20.98734
20.92405
20.72152
20.05128
20.00000
20.44304
20.93671
39.51899
68.87342
68.82278
68.72500
68.68354
68.43038
63.83544
72.66250
106.78481
106.32911
114.57895
104.97368
104.75325
108.49367
92.64935
93.56962
97.40541
94.81081
92.80000
90.26316
86.84810
87.36709
83.77922
76.12987
78.83544
81.23684
80.90411
80.92000
78.02500
75.88750
78.64557
81.96154
81.27848
79.25000
77.40506
77.56962
74.62500
45.37975
26.20779
42.84810
42.56962
24.78750
25.00000
25.38667
23.20000
22.50649
22.17722
22.53165
21.78481
21.83750
22.01282
22.22973
22.25676
22.10667
22.14865
24.12000
23.25676
22.54054
22.36486
22.24324
22.22973
22.52703
22.29333
21.73418
21.60759
29.44304
33.90000
23.76923
22.52564
21.17949
21.55128
30.52632
43.03947
34.77632
39.68354
21.94937
21.96203
21.97468
22.00000
23.01266
22.93750
21.97468
22.00000
22.34211
22.63514
22.75676
22.76000
22.81081
22.87838
22.64865
22.94667
23.89189
23.96000
22.78378
22.91892
22.88000
22.90541
22.85135
22.79730
22.35065
21.98734
22.00000
21.98734
22.88608
23.50000
22.50000
22.45946
22.52703
22.46667
22.51351
22.59459
22.70667
22.70270
22.58108
22.60000
23.25676
24.36000
22.58108
22.63514
22.49333
21.87179
21.93671
21.97468
21.91139
21.94937
22.52000
22.48000
22.94595
24.38667
22.28378
22.50000
22.29730
22.45333
22.33784
22.41892
22.54667
22.66216
22.60811
22.65789
23.01351
24.10390
21.51899
21.50633
30.50000
48.39241
48.00000
46.68831
38.24359
22.11688
22.16667
22.12500
22.27848
24.72152
22.02532
22.01266
22.06250
22.02532
22.01266
22.01266
22.03797
22.00000
21.01266
21.17500
21.13924
23.96203
21.54430
22.03797
22.00000
22.00000
22.00000
22.00000
22.00000
22.00000
22.01266
22.00000
22.00000
24.30000
22.26582
22.02532
22.00000
21.98734
21.69620
21.17500
21.26582
21.06329
21.12658
21.79747
22.01266
24.27500
22.45570
22.00000
22.01266
22.00000
22.00000
22.00000
22.00000
22.00000
22.00000
22.00000
21.97468
24.21519
22.53165
21.63750
21.12658
21.24051
21.20253
21.16456
21.98750
22.00000
22.02564
22.00000
22.01266
24.11392
22.77215
22.00000
22.00000
22.00000
22.00000
22.00000
22.00000
22.00000
22.05063
22.01266
21.68354
22.86076
22.07500
21.12658
21.25316
22.01266
22.00000
22.00000
22.01250
22.01266
22.00000
22.00000
22.01266
23.65823
23.29114
22.02532
22.02532
22.00000
22.03797
22.02532
22.00000
21.75000
21.30380
21.26582
21.15385
22.61538
46.30380
41.15190
38.51899
21.98734
22.01250
22.01266
22.03797
22.01266
22.06757
22.04000
22.01333
23.18667
23.80000
36.02667
67.71795
67.75325
68.00000
68.00000
68.06494
68.95946
68.85526
69.00000
68.94667
69.63514
68.35135
61.66216
58.02703
58.04054
58.18919
58.28378
58.68000
58.98649
58.52703
53.84000
48.60274
46.52632
47.24051
45.12658
45.36709
45.53750
45.36709
43.58228
40.22785
37.13924
34.70886
33.18987
31.56250
30.54430
30.87342
23.12658
22.01266
22.00000
21.75000
21.34615
20.98701
20.94805
21.07595
20.89873
20.89873
21.18987
27.02532
61.30000
49.84000
51.81013
49.27848
33.45570
21.25316
21.73750
21.97468
22.38462
22.16883
21.66667
24.06250
21.67089
20.92308
21.12658
21.66234
21.88608
21.83544
21.91250
21.92405
21.98734
22.68354
27.94937
30.26250
27.01266
27.89873
28.37975
26.15190
26.07595
25.92500
51.75949
73.49367
70.22785
73.13750
72.30380
56.05063
26.57692
28.75641
29.88312
27.98684
27.85333
27.76316
25.17949
23.13924
23.13924
24.00000
24.13750
28.05333
28.18919
28.06757
26.84810
23.98734
22.98718
23.85000
24.44304
24.26582
23.24051
22.95000
22.67949
22.90000
22.21519
21.84810
24.08861
22.06250
21.64557
21.70886
21.79747
36.07595
51.32911
52.86250
53.32911
53.26582
53.81013
53.44304
55.87342
54.10000
51.07692
51.74684
51.27273
51.92405
51.28750
52.46835
53.59494
52.48750
54.65823
50.92405
56.34177
53.64000
58.70886
63.26582
55.05882
64.05063
62.29114
36.06250
21.98734
22.01266
22.00000
22.03846
23.78750
22.83544
22.00000
22.02532
21.98734
22.02532
22.00000
22.02532
21.67089
21.12658
21.12658
21.32911
22.84810
22.31250
21.92405
22.01266
22.02532
22.00000
22.02532
22.02500
22.00000
22.01266
22.00000
21.98734
23.44304
23.31250
22.00000
22.01266
21.86076
21.05063
21.23750
21.26582
21.51282
21.51250
22.00000
22.00000
22.97468
23.21250
21.98718
22.00000
21.92405
21.88608
22.00000
21.96203
21.98734
21.96203
21.95000
21.82278
22.12658
22.25316
20.98734
21.00000
21.01250
21.89873
21.98734
21.97468
21.96203
21.96203
21.96250
21.92405
22.56962
23.46835
21.96203
21.93671
21.93671
21.98734
21.97468
21.60000
21.00000
21.00000
21.00000
21.00000
22.37500
23.68354
21.96203
21.97468
21.97468
22.00000
22.00000
22.00000
22.00000
21.98750
21.96203
22.00000
22.30380
23.86076
21.31646
21.00000
20.75000
20.03797
20.05063
20.26582
21.98734
21.98750
21.98734
21.03797
21.12658
23.73418
21.01266
21.01250
21.02532
21.00000
21.06329
21.27848
21.98734
21.96203
32.22785
71.32911
70.43590
57.83117
22.05063
22.00000
21.98734
22.00000
22.00000
22.00000
22.00000
21.87342
65.39744
69.94737
66.84416
74.17568
71.48684
61.20253
21.94937
21.92405
21.98734
21.74359
21.67949
21.88608
21.16250
21.06329
21.17722
23.51250
22.47368
22.02703
22.05333
22.04054
22.08108
22.10667
22.05405
22.06757
22.04000
22.04054
22.01351
24.00000
22.72973
22.02703
22.00000
21.98649
22.00000
21.88158
21.25316
21.36709
21.45570
21.43038
21.80263
23.91892
23.08000
22.16216
22.05405
22.04000
23.27027
65.97297
63.36000
63.01351
66.40541
64.09333
64.77027
67.39189
67.62667
62.93590
64.37975
66.34177
63.56962
57.32911
54.67568
52.02667
52.06757
50.25333
38.88000
22.40000
22.37333
21.00000
21.00000
21.01333
21.00000
21.00000
21.01333
20.49351
20.11392
20.17722
20.12658
21.35000
22.44000
21.00000
21.00000
21.00000
20.98667
21.00000
21.00000
21.00000
21.01351
20.70667
20.01250
21.05063
21.94937
20.83117
21.00000
21.01351
21.00000
21.00000
21.00000
21.00000
21.01351
21.01351
21.00000
21.52000
44.13924
48.26250
44.91139
44.45570
45.90909
46.36486
46.74324
37.71622
21.00000
21.00000
21.02667
21.58108
23.32432
21.01333
21.01351
41.14103
58.93671
56.36709
49.70886
46.59494
46.98750
47.05063
47.11392
47.55696
48.87342
42.84810
39.56250
36.48101
34.15190
32.45570
31.07595
29.70000
49.53165
52.68354
52.12658
97.68354
95.88608
93.98750
89.31646
87.92405
89.07595
81.81013
65.46053
65.33766
65.35443
65.92405
64.01266
68.05063
68.56962
57.89873
57.81250
70.14103
47.82278
22.10000
22.16456
22.32911
22.15190
41.87342
64.27848
60.41558
63.67105
58.84416
59.54430
68.66667
66.62162
67.01333
66.73973
69.16000
55.61333
24.52632
22.98750
22.75949
22.88608
23.53846
29.43243
27.26316
26.70130
25.85897
22.45570
22.64557
22.02532
23.74684
23.68750
23.78481
22.25316
22.29114
24.22785
23.10000
22.35443
22.29114
22.44304
22.26582
21.82278
21.91139
21.96250
22.05063
22.29114
22.43038
24.11250
23.28205
22.33750
22.53165
22.21519
22.22785
22.36250
22.32911
22.40506
22.24051
22.11392
22.13924
23.72152
22.49367
21.07595
21.26582
21.46250
21.83544
22.01266
22.00000
22.00000
22.00000
22.01266
22.00000
23.35443
23.36709
22.00000
22.00000
22.01266
22.00000
22.00000
21.43038
21.12658
21.17500
21.22785
21.86076
23.15190
23.57500
22.01266
22.00000
22.00000
22.00000
22.00000
22.00000
22.02500
22.01266
22.02532
22.02532
23.01266
23.92405
21.43750
21.22785
21.21519
21.34177
21.97468
22.02532
22.01250
22.06329
22.03797
22.02532
22.78481
24.06329
22.01250
22.01266
22.02532
22.05063
22.07595
21.89873
21.24051
21.42500
21.41772
21.77215
22.50633
24.20253
22.03797
22.06329
22.00000
22.10127
22.01250
22.03797
22.03797
22.03797
22.06329
22.08861
22.12658
23.78481
21.71250
21.65823
21.74359
22.00000
21.97500
22.00000
58.48718
70.14474
71.28947
69.40260
68.91139
45.79747
20.77215
21.00000
21.00000
21.00000
20.84810
20.84810
20.54430
20.11392
20.08861
20.03846
20.03846
22.90789
21.10667
20.98649
21.00000
20.96000
21.00000
21.00000
21.00000
20.98649
20.98667
21.01316
21.11392
23.48101
21.50000
21.03846
21.05128
21.01250
21.01266
20.65385
20.02632
20.36709
20.71795
21.37975
24.50000
25.61538
21.79747
22.13924
26.00000
26.00000
23.50000
21.35443
21.07595
20.73418
22.12658
21.89873
21.35443
23.87342
22.96203
21.13333
20.97297
21.00000
20.98649
20.95946
21.00000
20.98649
21.00000
21.00000
21.00000
22.54054
21.88000
21.00000
21.00000
21.00000
21.00000
21.01351
20.70130
20.20253
20.17722
20.15190
20.13750
21.67089
22.06757
21.00000
21.01351
21.01333
20.91892
20.90541
20.86667
20.97297
20.46753
19.97468
20.01266
21.11392
21.74026
20.86486
20.93243
20.90541
20.94667
20.89189
20.91892
20.94667
20.95946
20.97297
20.94595
21.86667
22.24324
20.97333
20.97297
20.97297
20.98649
20.97260
20.94667
20.58667
20.00000
19.98734
20.01266
20.68354
22.06329
20.98667
20.91892
20.93243
20.97333
20.98649
20.93243
20.97333
20.97297
20.98649
21.00000
20.69620
21.37975
19.05063
19.12658
20.53947
20.95946
20.96000
20.49351
20.00000
20.00000
20.05063
20.03797
20.51899
22.26582
33.64557
66.60759
66.83544
67.33750
68.71795
67.40506
32.27500
21.00000
21.00000
21.00000
21.23750
23.55696
21.05063
20.98734
20.98734
20.25316
20.05000
20.21519
20.21519
20.12658
20.91139
21.01266
20.98734
23.73418
21.08750
21.02532
21.00000
21.01266
20.98750
21.02532
21.00000
21.00000
21.01250
21.06329
20.87342
20.79487
20.42308
20.00000
20.00000
20.00000
19.98734
20.64557
20.97468
20.93671
20.92405
20.94937
20.80000
20.96203
20.92405
20.84810
20.81013
20.50633
20.47500
20.29114
20.44304
20.39241
20.16456
20.21519
19.75949
19.81250
19.92405
19.88608
19.98734
20.30380
20.24051
20.21250
20.26582
20.27848
20.34177
20.26582
20.20253
20.22785
20.29114
20.29114
20.22785
20.21519
20.30380
20.27848
20.16250
19.58228
19.91139
19.93750
19.98718
20.18750
20.26582
20.35443
20.30380
20.42500
20.41772
20.42308
20.23750
20.26582
20.40506
20.50633
20.40984
20.32911
20.24051
20.20253
20.21519
20.17500
19.90566
19.97500
19.97468
19.93671
20.22785
20.36709
20.51899
20.56250
20.50633
20.37975
20.39241
20.32911
20.50633
20.51250
20.41772
20.40506
20.31646
20.21519
20.32500
20.41772
20.26582
19.86076
19.79747
19.91139
19.91139
20.46250
20.56962
20.68354
20.47500
20.29114
20.32911
20.39241
20.42500
20.62025
20.65823
20.46835
20.30380
20.33750
21.51899
23.12821
22.97403
21.77215
20.01266
20.00000
20.00000
20.35000
21.00000
20.96203
20.98734
20.75325
20.67949
20.89873
21.41250
22.68354
20.98734
20.92405
20.92500
20.94937
20.96203
20.00000
20.01266
20.02500
20.12658
20.56962
21.15190
22.94595
21.00000
20.98649
21.00000
20.93243
20.97333
20.98649
20.93243
20.92000
20.87838
20.85135
20.97333
23.00000
20.93243
20.86667
20.87838
20.00000
20.01250
20.01266
20.01266
20.37179
20.93243
20.91892
20.97333
23.14865
21.08108
20.96000
21.01351
20.97297
21.00000
20.95946
20.93243
20.98667
20.97297
20.97297
20.98667
22.35065
20.26582
20.00000
20.00000
20.13924
20.97333
20.94595
20.95946
20.96000
20.98649
20.97297
21.00000
22.74324
21.36486
20.98667
20.98649
20.98667
20.98649
21.00000
20.98667
21.00000
20.02532
20.01266
20.00000
21.77215
20.82278
20.89189
20.87838
20.97333
20.95946
20.98649
20.98667
20.97297
21.00000
21.00000
20.95946
22.36486
21.69333
20.98649
21.00000
20.97333
20.36364
20.01266
20.00000
20.01266
20.02532
20.89474
20.95946
22.25676
21.88000
21.00000
21.00000
21.00000
20.98649
20.98649
20.97333
20.98649
20.98649
20.97297
20.98667
22.20270
22.04054
20.17722
20.02532
20.07595
20.02500
20.03797
20.89189
21.00000
20.98649
21.00000
21.00000
22.06757
22.21622
20.98667
20.94667
60.34615
70.17722
68.51250
66.77215
66.29114
90.10127
126.88608
125.41772
126.50633
96.51250
60.54430
60.63291
60.83544
60.98734
61.00000
61.03797
61.08861
57.84810
43.94937
43.97500
44.65823
45.63291
44.00000
44.10127
44.03797
43.11392
43.17500
36.32911
32.02532
32.05063
32.87500
33.00000
33.36709
34.92405
32.96250
33.01266
33.00000
33.00000
41.64557
50.81013
47.94937
52.72500
54.67089
51.05063
39.48101
25.20513
25.00000
24.87500
22.30380
21.31646
22.00000
22.00000
22.00000
22.00000
21.98734
22.00000
22.00000
22.00000
22.00000
22.01266
22.00000
21.98734
22.00000
21.98734
21.63291
21.00000
21.00000
20.98750
21.01266
21.59494
21.94937
21.91250
21.91139
21.88608
21.97468
21.91139
21.93671
21.92500
21.69231
21.78750
21.92405
21.88608
21.92405
21.86076
21.16456
20.98734
21.00000
21.00000
21.12658
21.87342
21.86076
21.74684
21.77500
21.75949
21.74684
21.87342
21.81013
21.77215
21.92500
21.81013
21.84810
21.75949
21.73750
21.37975
20.98734
20.97468
21.00000
20.98734
21.80000
21.88608
21.82278
21.82278
21.82500
21.82278
21.74684
21.87342
21.89873
21.74684
21.86076
21.80000
21.86076
21.79747
21.65823
20.98734
21.00000
21.00000
20.98734
21.50000
21.82278
21.55696
21.87342
21.88750
21.83544
21.92405
21.88608
21.81013
21.88750
21.94937
21.84810
21.87500
21.92405
21.72152
21.15190
20.91139
20.98734
21.00000
21.03797
21.79747
21.71250
21.87342
21.97468
67.44872
71.31169
73.01266
71.50633
71.96203
70.40000
70.73418
71.07595
69.22785
68.72000
96.06329
66.88608
21.97468
22.08861
24.68354
24.44304
22.01282
22.05405
22.04054
22.01333
22.06757
22.01351
22.10667
22.01351
21.59740
21.43038
23.67089
21.73418
20.97500
20.60759
20.60759
21.61039
22.02703
22.02703
21.75000
21.25316
21.17722
21.25316
23.40506
22.00000
21.58750
21.44304
21.49367
22.02632
22.02703
22.04054
22.10667
22.04054
22.04054
22.00000
23.98649
22.82432
22.02703
22.01333
22.04054
22.01351
22.00000
21.13924
21.32911
21.34177
21.31250
21.46835
23.90541
23.09459
22.01351
22.12000
22.05405
22.02703
22.02667
22.04054
22.06667
22.05405
22.04054
22.09333
23.67568
22.50000
21.16250
21.32911
21.54430
22.00000
22.25333
22.10811
22.12162
22.12000
22.10811
22.08108
23.42667
23.33784
22.02703
22.20000
22.06757
22.02703
22.05333
21.98684
21.37975
21.44304
21.37500
21.55696
23.25333
23.60811
22.13514
22.08108
22.12162
22.08108
22.05405
22.05405
22.14865
22.13333
22.12162
22.10811
23.10667
24.05405
21.43038
21.34177
21.40506
21.47500
21.93421
22.18667
22.16216
22.21622
22.05333
22.02703
22.78378
24.13333
22.13514
22.45946
22.41333
22.40541
22.41892
22.05333
21.63291
21.65823
21.60759
21.67500
22.30667
24.26667
22.00000
22.00000
22.01333
22.06757
22.16216
22.13333
22.18919
22.22973
22.13333
60.01266
128.32911
128.52500
129.02632
117.08000
124.86842
124.82278
113.37179
105.74684
104.11392
104.96203
105.89873
107.23077
102.43038
99.30380
111.15000
112.77215
111.32895
88.59494
79.05063
48.31646
31.34177
29.93506
28.44304
27.20253
27.24051
27.10000
28.01266
29.12658
27.31646
27.13924
26.73750
26.88608
26.79747
26.94937
27.50633
27.81013
27.83750
27.91139
31.94937
98.25316
94.00000
98.77215
98.98734
97.03797
96.94937
97.78481
97.11392
95.88608
99.10127
96.35000
83.58228
102.42105
111.40000
132.65333
122.24324
119.64000
106.25641
93.63291
62.56962
62.29114
61.93750
59.22785
57.70886
55.41772
52.75949
52.88608
52.30380
53.98750
51.96203
51.92405
50.79747
50.91139
52.32911
51.45570
50.28750
51.82278
47.81013
48.36709
45.74684
46.44304
45.38750
44.22785
41.01266
43.44304
44.37975
40.32911
42.25316
44.32500
42.10127
40.77215
43.18987
42.60759
44.67500
42.58228
41.13924
40.63291
44.13924
40.74684
43.35000
46.05063
41.54430
43.41772
38.51899
40.72500
41.01266
43.24051
42.27848
42.50633
42.28750
42.96203
42.46835
45.74684
44.67089
41.98734
45.45570
44.56962
44.75949
43.74684
44.81250
43.60759
41.53165
44.08861
42.18987
42.55696
45.30000
42.98734
43.65823
43.18987
43.16456
42.16456
44.33750
42.83544
50.24051
92.06329
87.91250
87.98734
87.58228
89.92405
87.01282
86.41558
86.02632
86.36364
88.73077
86.88750
87.63291
86.10127
85.08861
91.22785
72.65823
42.43750
41.43038
42.67089
43.45570
43.49367
43.11392
42.47500
40.25316
57.01266
77.20253
116.93671
88.36709
43.53165
44.97436
43.02532
42.15190
44.08861
42.08861
41.34177
39.18987
47.36250
48.73418
52.49367
54.56962
45.83544
45.11392
50.91250
49.35443
49.49367
47.83544
53.93590
60.02703
60.17568
59.37333
54.75676
51.20270
44.96000
41.03797
37.97500
35.46835
33.76623
32.50667
30.78378
23.51351
23.01333
22.60811
23.62162
24.95946
23.37838
23.51351
23.46667
23.33784
22.65385
22.70886
22.18750
22.51282
23.02667
23.04054
23.33784
25.21333
22.85135
23.48649
22.90667
22.89189
23.39189
23.42667
23.67568
23.05195
22.55696
21.92405
23.06329
25.93421
23.16216
23.56757
23.69333
23.79730
23.39189
23.50667
23.10811
23.33784
23.33333
23.33784
23.15584
24.77215
22.51899
22.51899
23.30263
23.16216
22.81081
23.38667
22.83784
23.17568
22.90667
22.72973
23.12329
25.80000
23.91892
22.50000
22.53165
22.22785
22.98734
22.85333
23.29730
23.12162
23.58108
22.94667
22.90541
25.13514
23.53333
23.32432
23.36486
22.89333
23.32000
22.27848
22.66250
22.10256
23.00000
23.32000
23.29730
25.27027
23.69333
23.43243
23.24324
23.16000
22.87838
22.98667
23.54054
22.72973
34.50000
53.26582
58.01266
60.70886
52.46835
51.20253
52.06329
60.12500
58.06329
95.73418
98.64557
101.31646
98.46250
101.40506
102.37975
97.26582
98.48101
101.34177
69.43750
65.06329
64.17722
66.59494
65.45000
63.12658
25.06579
22.91250
27.18987
47.53165
48.49367
52.10000
49.98734
48.65823
50.64557
49.77500
40.84810
22.36709
24.13924
21.65823
21.35443
22.25316
22.91139
23.10127
22.82278
22.27500
22.00000
22.62025
22.70000
22.66667
24.46835
22.97500
23.02532
23.07595
23.26250
23.18987
22.98734
23.12658
22.78481
22.94937
22.92500
22.89873
24.74684
24.34177
23.47826
23.28788
22.58442
23.22078
22.54430
24.11392
27.90789
28.58667
28.45946
28.93243
29.94595
29.27027
26.72368
24.48750
24.13924
24.53165
23.82278
28.62667
28.22667
28.11538
26.55696
23.44304
24.53846
24.50000
24.56962
24.55696
24.58228
22.86076
23.58228
23.08861
23.01266
22.92405
22.97500
23.12658
24.58228
24.30380
22.82500
22.41772
22.32911
22.45570
22.37975
23.28750
23.46835
22.62025
22.96203
22.77215
24.25316
24.27848
22.85000
22.91139
23.16456
22.78481
22.75949
23.10127
22.50633
22.15190
22.06250
22.37975
23.40506
24.49367
22.91250
23.00000
22.84810
23.13924
22.92405
23.10127
23.03797
23.03797
22.83750
23.03797
23.77215
24.36709
22.45570
22.64557
22.34177
22.45570
23.30380
22.75949
23.37500
23.35443
23.12658
23.30380
23.54430
25.35443
23.07595
22.96250
23.12658
23.24051
22.98734
22.59494
22.18987
22.74684
22.32500
23.45570
23.64557
25.62025
23.30769
23.24675
23.05000
23.21519
23.12162
22.29114
22.56962
22.25316
60.62500
70.05063
71.60759
73.12658
87.25316
96.10127
88.98750
94.63291
91.93671
90.62500
90.73418
96.82278
95.70886
91.03797
104.73077
63.50000
53.43038
48.01266
46.22785
46.24051
46.62025
46.56250
46.73077
47.02703
43.45946
40.74324
37.79487
37.30000
33.43038
31.64557
30.78378
27.87838
22.46667
23.21918
23.13514
23.18667
21.89744
22.35443
22.15190
24.02532
23.27273
23.03947
22.98684
22.83333
23.35526
23.07792
23.31646
22.63750
22.55696
22.87342
22.79747
24.26582
23.32911
22.33750
31.30380
53.10127
43.75949
42.49367
24.36250
23.31169
23.02532
54.01266
56.32911
38.41772
29.87342
27.79747
27.67089
43.93506
49.42857
50.11392
61.68354
55.42500
34.02532
24.71622
24.06410
24.92308
24.57143
23.19231
23.44156
23.02564
22.82051
31.81013
22.10256
22.60526
23.63514
23.12000
23.21053
74.25333
68.12658
64.60759
64.55696
65.26582
67.91250
72.10127
117.94872
109.10256
108.10256
82.32051
82.20513
83.48750
40.94937
33.79747
32.46835
31.35443
25.51899
23.18750
22.49367
22.60759
22.60759
23.54430
24.20253
24.97468
25.87342
23.72152
23.44156
23.43421
36.10811
46.70270
41.00000
44.47297
48.94595
47.74667
46.84000
46.15190
48.64557
47.67089
46.82051
48.31081
50.51351
48.04000
47.70270
47.38462
47.10127
50.11392
32.97468
56.48750
46.91139
38.81013
22.11688
22.10127
22.13924
22.37500
34.46835
27.80000
22.59494
22.91139
22.05063
21.26250
23.31646
20.79747
21.05063
21.08750
20.89873
20.73418
20.16456
20.33750
20.27848
20.92405
21.01266
20.77215
23.44304
21.00000
20.64557
20.92500
20.89873
20.92405
20.74684
20.87342
20.65000
21.20253
20.10127
53.16456
62.86076
60.82278
61.66250
61.84810
61.49367
61.92405
62.05063
62.24051
61.98750
64.44872
57.42667
50.25333
51.75676
53.65789
49.55696
50.74359
72.60000
72.02564
50.03750
29.55696
26.21053
27.77027
27.95946
27.72000
25.43590
23.60759
22.30380
23.38750
23.69620
23.77215
21.49367
21.12658
21.16250
21.98734
22.11392
22.21519
24.10127
23.10127
22.18987
22.17500
22.11392
22.03797
22.12658
22.18987
22.08861
21.84810
21.24051
21.29114
23.16456
23.02532
22.16456
22.25316
22.13750
22.32911
22.12658
22.20253
22.21519
22.40000
22.26582
22.30380
23.58228
22.40506
21.32500
21.22785
21.68354
22.21519
22.00000
22.20513
22.10127
22.13750
22.05063
22.10127
23.31646
23.56962
22.27500
22.26582
21.67089
21.32911
21.37975
21.48101
22.16250
22.37975
22.13924
22.23750
23.46835
23.69620
22.40506
22.34177
22.05000
22.29114
22.08861
22.13924
21.21519
21.18987
21.24051
21.81818
23.17568
23.96203
22.18987
21.96203
67.73077
67.75325
67.25333
65.71053
68.97436
69.37975
75.38750
82.81013
21.26582
22.74684
20.49367
20.73418
20.89873
20.45570
20.70000
20.83544
21.56962
21.32911
20.58228
20.53165
20.62500
22.75949
21.51899
21.07595
21.01266
21.17722
21.18750
21.35443
21.12658
20.19231
20.71250
21.34177
21.47436
23.62500
21.25316
21.32911
21.44304
20.97500
21.30769
21.13514
21.27027
21.06250
21.05063
21.34177
21.29114
22.52500
20.15190
20.15190
20.40506
21.01266
21.36250
21.21519
21.00000
21.33333
21.08000
20.98684
20.02532
22.27848
19.46250
19.18987
19.46835
21.14865
21.02667
21.09459
20.16456
20.08861
20.13924
20.13924
20.30000
22.30380
20.58228
20.61842
20.70270
21.06579
21.01316
21.14865
20.87838
20.92000
21.00000
20.81333
20.15000
21.93671
20.49367
20.31646
20.95946
33.28947
69.17949
60.77333
60.39189
60.89333
60.74324
61.05405
60.07595
62.27848
45.70886
43.76923
44.16216
44.20270
43.98649
44.09459
44.09333
44.06757
44.09459
41.24000
32.83784
34.48649
33.78667
33.00000
32.35897
32.20253
32.03797
32.31250
32.93243
33.01351
33.04054
61.13333
52.91892
54.16000
53.95946
40.32432
27.27027
26.54667
26.16000
25.29114
23.58442
20.88608
20.79221
21.20513
21.43038
22.22785
22.37975
21.12500
21.21519
21.07595
21.18987
21.03797
21.32911
21.05263
20.21250
20.71429
20.71053
21.43590
22.59211
21.10127
20.77215
20.89873
21.11392
21.07692
21.08861
21.10127
21.05063
21.12658
21.21519
22.01266
22.88750
20.98734
21.10127
20.26250
20.10127
20.22785
20.07595
21.16456
21.05000
21.11392
20.96203
21.72152
22.96203
20.94937
21.10000
20.98734
20.92405
20.88608
20.97468
20.60000
21.18987
19.96203
20.22785
20.68750
22.08861
20.97468
21.12658
21.10127
21.00000
21.07595
21.02532
20.94937
20.74684
20.75949
21.03750
21.51899
23.36709
21.08861
20.51899
19.79747
19.69620
19.90000
20.12658
20.17722
20.28750
20.46835
20.35443
20.48101
20.62025
20.44304
20.43750
20.35443
20.44304
20.31646
20.27848
20.32500
19.77215
19.56962
19.65823
19.58228
20.30000
20.29114
20.27848
20.24051
20.29114
20.27848
20.27848
20.30000
20.53165
20.30380
20.53165
20.27848
20.21519
20.46250
19.53165
19.44304
19.39241
19.62025
20.18987
20.25000
20.35443
20.22785
20.30380
20.18987
20.41772
20.36250
20.15190
20.29114
20.32911
20.40506
20.56962
20.06329
19.77500
19.81013
19.87342
20.18987
20.39241
20.45570
20.43750
20.25316
20.27848
20.30380
20.16456
20.29114
20.61250
20.21519
20.32911
20.22785
20.64557
20.36709
19.98734
19.60000
19.79747
19.67089
20.24051
20.31646
20.33750
20.34177
20.24051
20.20253
20.24051
19.92405
19.84810
19.98750
20.20253
20.43038
20.40506
20.41772
20.42500
20.26582
20.30380
20.53165
20.31646
20.37500
20.20253
20.27848
20.41772
20.36709
20.60759
20.48101
20.38750
20.43421
19.55696
40.03797
72.75000
72.51316
68.94872
70.97468
67.42500
68.15190
39.30769
20.25333
20.54054
20.10390
20.00000
20.12500
20.63158
22.32000
22.14865
21.04054
21.16000
21.22973
21.06757
20.94667
20.78378
20.71622
20.72000
20.72973
20.67568
21.78667
22.08108
20.89041
20.91892
19.98718
20.11392
20.07595
20.01266
20.80263
21.05333
21.05405
21.05405
22.09459
22.49333
21.18919
20.62338
20.34177
20.34177
20.88158
20.84000
21.13699
20.75676
21.17333
21.10811
21.48649
22.90667
20.78378
20.89189
20.64000
20.67568
21.00000
20.90667
20.85135
20.75676
21.17333
20.97333
20.59494
22.07595
20.18750
20.41026
20.90541
20.90667
21.00000
20.78667
20.94595
20.98667
21.05405
21.17568
20.50000
22.35443
20.50633
21.05405
20.93333
21.31081
20.78378
21.18667
21.06757
21.00000
21.36000
20.94595
21.17568
23.14667
21.35135
21.06757
21.16216
21.05333
21.12162
20.82895
20.22785
20.00000
20.15000
20.67949
21.31081
23.24324
21.08000
20.74324
20.63514
20.60000
20.87838
20.93243
20.69333
20.18987
20.05063
19.93671
21.00000
22.78378
21.37333
20.89189
21.05405
21.04054
20.89189
21.04054
20.93151
20.76471
20.85135
20.94667
21.01351
22.79730
21.52000
20.89189
20.20513
20.29114
20.31646
20.03797
20.74026
21.05405
20.81081
20.86667
20.66216
22.37838
21.53333
20.68919
20.64865
20.88000
21.02703
20.86486
20.36364
20.05063
19.92405
20.35443
20.48684
22.36486
21.77027
20.89333
21.31081
21.27027
21.18667
21.09459
20.33784
20.48000
20.54430
20.77215
20.70886
51.92405
63.98718
58.87342
63.54430
66.42500
61.30380
62.16456
62.80769
60.17949
58.55128
62.69231
59.88462
62.55696
58.83333
45.24359
45.52564
45.89873
39.97436
34.29487
34.44872
33.62025
33.75000
33.64557
33.73418
34.25641
34.24359
34.08861
34.08974
34.43590
33.69231
31.80769
30.24359
29.48101
28.37975
25.01282
24.32911
23.61538
22.88608
21.55696
21.88608
21.91250
22.22785
23.03846
22.47436
22.56410
22.65385
22.84615
23.05128
22.07595
22.88462
23.17949
22.05063
23.21795
22.48718
22.65823
22.47436
22.01266
21.58228
21.74684
21.69620
22.29114
22.33333
22.47436
22.41026
22.22785
22.79487
22.67949
22.46154
22.32051
22.91026
22.17722
21.70886
21.58750
21.67089
22.12658
22.47436
22.26923
22.19481
21.98734
22.69620
22.01282
22.64557
22.78205
22.29487
22.23077
22.56962
22.88462
21.70886
22.47436
22.27848
21.63291
21.75949
22.30380
21.21250
20.36709
21.13924
21.21519
22.43590
22.64103
22.25641
21.67089
21.97500
21.65823
21.82500
21.68354
21.92405
21.81013
27.87342
74.05263
71.14286
72.91139
72.73077
70.64103
73.29114
73.25641
70.80769
72.17949
87.56410
90.46154
20.68750
20.86076
21.13924
21.41772
21.56410
21.93671
21.80769
21.72152
21.87179
22.23077
24.25641
22.01282
21.56410
21.01351
21.05063
22.78205
23.91139
23.68354
24.02532
23.94937
24.26582
24.92405
25.86250
21.29114
21.24051
21.50633
21.10000
21.58228
23.30380
25.58974
23.10390
21.21250
20.40506
20.74684
25.05063
22.41250
21.82051
22.43750
22.39241
21.24359
20.92405
20.93590
20.70513
21.30769
21.03797
20.33333
22.71250
20.21519
20.32911
20.87179
21.00000
20.91026
21.03797
20.78205
20.97436
20.92405
21.12821
20.93590
23.02564
21.11392
20.32911
20.27500
20.20253
20.67089
20.88462
21.10256
20.83333
21.17722
20.70513
21.12821
23.06410
21.24359
20.70513
21.03797
20.70513
20.83333
20.17722
20.22785
20.27500
20.54430
20.91026
21.14103
22.96154
21.60759
21.10127
20.92405
21.24359
20.90909
20.87179
21.01266
21.05128
20.18750
20.15190
20.07595
22.50633
21.83544
21.16667
20.92308
20.98718
21.16456
20.98718
21.05128
20.96203
21.02532
20.91026
20.89744
22.06329
20.84810
20.24051
20.12658
20.74684
20.91139
20.97436
20.84810
20.94872
21.37179
20.93671
21.10256
22.30769
22.14103
20.91026
20.98734
20.15190
20.29114
20.26250
20.52564
20.91026
21.12821
21.12821
20.98718
22.06579
22.27848
20.92308
21.15385
21.16667
0.00000
0.00000
0.00000
0.00000
0.00000
0.00000
0.00000
0.00000
0.00000
0.00000
0.00000
0.00000
0.00000
0.00000
0.00000
0.00000
0.00000
0.00000
0.00000
0.00000
0.00000
0.00000
0.00000
0.00000
0.00000
0.00000
0.00000
0.00000
0.00000
0.00000
0.00000
0.00000
0.00000
0.00000
0.00000
0.00000
0.00000
0.00000
0.00000
0.00000
0.00000
0.00000
0.00000
0.00000
0.00000
0.00000
0.00000
0.00000
0.00000
0.00000
0.00000
0.00000
0.00000
0.00000
0.00000
0.00000
0.00000
0.00000
0.00000
0.00000
0.00000
0.00000
0.00000
0.00000
0.00000
0.00000
0.00000
0.00000
0.00000
0.00000
0.00000
0.00000
0.00000
0.00000
0.00000
0.00000
0.00000
0.00000
0.00000
0.00000
0.00000
0.00000
0.00000
0.00000
0.00000
0.00000
0.00000
0.00000
0.00000
0.00000
0.00000
0.00000
0.00000
0.00000
0.00000
0.00000
0.00000
0.00000
0.00000
0.00000
0.00000
0.00000
0.00000
0.00000
0.00000
0.00000
0.00000
0.00000
0.00000
0.00000
0.00000
0.00000
0.00000
0.00000
0.00000
0.00000
0.00000
0.00000
0.00000
0.00000
0.00000
0.00000
0.00000
0.00000
0.00000
0.00000
0.00000
0.00000
0.00000
0.00000
0.00000
0.00000
0.00000
0.00000
0.00000
0.00000
0.00000
0.00000
0.00000
0.00000
0.00000
0.00000
0.00000
0.00000
0.00000
0.00000
0.00000
0.00000
0.00000
0.00000
0.00000
0.00000
0.00000
0.00000
0.00000
0.00000
0.00000
0.00000
0.00000
0.00000
0.00000
0.00000
0.00000
0.00000
0.00000
0.00000
0.00000
0.00000
0.00000
0.00000
0.00000
0.00000
0.00000
0.00000
0.00000
0.00000
0.00000
0.00000
0.00000
0.00000
0.00000
0.00000
0.00000
0.00000
0.00000
0.00000
0.00000
0.00000
0.00000
0.00000
0.00000
0.00000
0.00000
0.00000
0.00000
0.00000
0.00000
0.00000
0.00000
0.00000
0.00000
0.00000
0.00000
0.00000
0.00000
0.00000
0.00000
0.00000
0.00000
0.00000
0.00000
0.00000
0.00000
0.00000
0.00000
0.00000
0.00000
0.00000
0.00000
0.00000
0.00000
0.00000
0.00000
0.00000
0.00000
0.00000
0.00000
0.00000
0.00000
0.00000
0.00000
0.00000
0.00000
0.00000
0.00000
0.00000
0.00000
0.00000
0.00000
0.00000
0.00000
0.00000
0.00000
0.00000
0.00000
0.00000
0.00000
0.00000
0.00000
0.00000
0.00000
0.00000
0.00000
0.00000
0.00000
0.00000
0.00000
0.00000
0.00000
0.00000
0.00000
0.00000
0.00000
0.00000
0.00000
0.00000
0.00000
0.00000
0.00000
0.00000
0.00000
0.00000
0.00000
0.00000
0.00000
0.00000
0.00000
0.00000
0.00000
0.00000
0.00000
0.00000
0.00000
0.00000
0.00000
0.00000
0.00000
0.00000
0.00000
0.00000
0.00000
0.00000
0.00000
0.00000
0.00000
0.00000
0.00000
0.00000
0.00000
0.00000
0.00000
0.00000
0.00000
0.00000
0.00000
0.00000
0.00000
0.00000
0.00000
0.00000
0.00000
0.00000
0.00000
0.00000
0.00000
0.00000
0.00000
0.00000
0.00000
0.00000
0.00000
0.00000
0.00000
0.00000
0.00000
0.00000
0.00000
0.00000
0.00000
0.00000
0.00000
0.00000
0.00000
0.00000
0.00000
0.00000
0.00000
0.00000
0.00000
0.00000
0.00000
0.00000
0.00000
0.00000
0.00000
0.00000
0.00000
0.00000
0.00000
0.00000
0.00000
0.00000
0.00000
0.00000
0.00000
0.00000
0.00000
0.00000
0.00000
0.00000
0.00000
0.00000
0.00000
0.00000
0.00000
0.00000
0.00000
0.00000
0.00000
0.00000
0.00000
0.00000
0.00000
0.00000
0.00000
0.00000
0.00000
0.00000
0.00000
0.00000
0.00000
0.00000
0.00000
0.00000
0.00000
0.00000
0.00000
0.00000
0.00000
0.00000
0.00000
0.00000
0.00000
0.00000
0.00000
0.00000
0.00000
0.00000
0.00000
0.00000
0.00000
0.00000
0.00000
0.00000
0.00000
0.00000
0.00000
0.00000
0.00000
0.00000
0.00000
0.00000
0.00000
0.00000
0.00000
0.00000
0.00000
0.00000
0.00000
0.00000
0.00000
0.00000
0.00000
0.00000
0.00000
0.00000
0.00000
0.00000
0.00000
0.00000
0.00000
0.00000
0.00000
0.00000
0.00000
0.00000
0.00000
0.00000
0.00000
0.00000
0.00000
0.00000
0.00000
0.00000
0.00000
0.00000
0.00000
0.00000
0.00000
0.00000
0.00000
0.00000
0.00000
0.00000
0.00000
0.00000
0.00000
0.00000
0.00000
0.00000
0.00000
0.00000
0.00000
0.00000
0.00000
0.00000
0.00000
0.00000
0.00000
0.00000
0.00000
0.00000
0.00000
0.00000
0.00000
0.00000
0.00000
0.00000
0.00000
0.00000
0.00000
0.00000
0.00000
0.00000
0.00000
0.00000
0.00000
0.00000
0.00000
0.00000
0.00000
0.00000
0.00000
0.00000
0.00000
0.00000
0.00000
0.00000
0.00000
0.00000
0.00000
0.00000
0.00000
0.00000
0.00000
0.00000
0.00000
0.00000
0.00000
0.00000
0.00000
0.00000
0.00000
0.00000
0.00000
0.00000
0.00000
0.00000
0.00000
0.00000
0.00000
0.00000
0.00000
0.00000
0.00000
0.00000
0.00000
0.00000
0.00000
0.00000
0.00000
0.00000
0.00000
0.00000
0.00000
0.00000
0.00000
0.00000
0.00000
0.00000
0.00000
0.00000
0.00000
0.00000
0.00000
0.00000
0.00000
0.00000
0.00000
0.00000
0.00000
0.00000
0.00000
0.00000
0.00000
0.00000
0.00000
0.00000
0.00000
0.00000
0.00000
0.00000
0.00000
0.00000
0.00000
0.00000
0.00000
0.00000
0.00000
0.00000
0.00000
0.00000
0.00000
0.00000
0.00000
0.00000
0.00000
0.00000
0.00000
0.00000
0.00000
0.00000
0.00000
0.00000
0.00000
0.00000
0.00000
0.00000
0.00000
0.00000
0.00000
0.00000
0.00000
0.00000
0.00000
0.00000
0.00000
0.00000
0.00000
0.00000
0.00000
0.00000
0.00000
0.00000
0.00000
0.00000
0.00000
0.00000
0.00000
0.00000
0.00000
0.00000
0.00000
0.00000
0.00000
0.00000
0.00000
0.00000
0.00000
0.00000
0.00000
0.00000
0.00000
0.00000
0.00000
0.00000
0.00000
0.00000
0.00000
0.00000
0.00000
0.00000
0.00000
0.00000
0.00000
0.00000
0.00000
0.00000
0.00000
0.00000
0.00000
0.00000
0.00000
0.00000
0.00000
0.00000
0.00000
0.00000
0.00000
0.00000
0.00000
0.00000
0.00000
0.00000
0.00000
0.00000
0.00000
0.00000
0.00000
0.00000
0.00000
0.00000
0.00000
0.00000
0.00000
0.00000
0.00000
0.00000
0.00000
0.00000
0.00000
0.00000
0.00000
0.00000
0.00000
0.00000
0.00000
0.00000
0.00000
0.00000
0.00000
0.00000
0.00000
0.00000
0.00000
0.00000
0.00000
0.00000
0.00000
0.00000
0.00000
0.00000
0.00000
0.00000
0.00000
0.00000
0.00000
0.00000
0.00000
0.00000
0.00000
0.00000
0.00000
0.00000
0.00000
0.00000
0.00000
0.00000
0.00000
0.00000
0.00000
0.00000
0.00000
0.00000
0.00000
0.00000
0.00000
0.00000
0.00000
0.00000
0.00000
0.00000
0.00000
0.00000
0.00000
0.00000
0.00000
0.00000
0.00000
0.00000
0.00000
0.00000
0.00000
0.00000
0.00000
0.00000
0.00000
0.00000
0.00000
0.00000
0.00000
0.00000
0.00000
0.00000
0.00000
0.00000
0.00000
0.00000
0.00000
0.00000
0.00000
0.00000
0.00000
0.00000
0.00000
0.00000
0.00000
0.00000
0.00000
0.00000
0.00000
0.00000
0.00000
0.00000
0.00000
0.00000
0.00000
0.00000
0.00000
0.00000
0.00000
0.00000
0.00000
0.00000
0.00000
0.00000
0.00000
0.00000
0.00000
0.00000
0.00000
0.00000
0.00000
20.83333
20.83544
20.68354
20.81013
20.94937
20.90000
21.00000
20.88750
20.79747
21.79747
22.69620
20.86076
20.54430
20.12500
20.21519
20.31646
20.93671
20.68354
20.89873
20.92405
20.92405
21.36709
22.63291
20.52500
20.34177
20.13924
20.27848
20.64557
20.73750
20.84810
20.59494
20.69620
20.72152
21.00000
22.75949
20.46250
20.48101
20.53165
20.72152
20.32911
19.96203
20.02532
20.50633
20.53165
20.65823
21.15190
22.77500
20.63291
20.92405
20.84810
20.55696
20.58228
19.94937
20.11392
20.34177
20.40506
20.58228
20.50633
23.30380
20.55000
20.53165
20.69620
20.46835
20.46835
20.58228
20.50633
20.64557
19.98734
20.06250
19.17722
21.46835
19.46835
20.69620
20.86076
20.88608
19.86076
19.86076
19.98750
20.00000
20.18987
20.07595
20.06329
22.65823
21.30000
20.60759
20.81013
20.75949
20.87342
20.72152
20.67500
20.84810
20.73418
20.62025
20.54430
21.96203
20.65823
20.07595
20.40506
20.98750
20.72152
21.07595
21.11392
21.01266
21.01266
21.22785
20.72152
22.55000
21.54430
20.48101
20.12658
20.20253
20.49367
20.77500
20.60759
20.74684
20.63291
20.60759
50.77215
63.21519
64.28750
60.10127
58.94937
61.45570
63.82500
58.93671
62.62025
61.63291
59.21519
58.54430
61.87342
60.73418
70.93671
100.67089
99.52500
101.64557
96.81013
94.21519
82.66250
106.22785
99.86076
60.73418
48.01266
44.82278
51.08861
33.00000
21.72500
21.60759
22.06329
21.87342
21.07595
21.01266
21.24051
21.69620
22.02500
21.77215
22.15190
21.96203
21.96203
21.91139
22.05063
22.25316
22.01250
22.22785
21.64557
21.08861
21.06250
21.20253
22.05063
21.93671
22.17722
21.64557
22.02532
21.35000
21.46835
21.87342
21.89873
21.91139
22.02532
22.01266
21.28750
21.12121
21.15000
21.58228
22.06329
22.10127
22.17722
22.08861
21.93671
21.83333
21.78431
21.98413
21.78481
21.86076
21.78481
21.17500
21.21519
21.01266
21.39241
21.88750
21.69620
21.50633
21.77215
21.93671
21.90000
21.68354
21.88608
21.72152
21.72500
21.72152
21.21519
21.12658
20.89873
21.31646
21.68750
21.83544
21.62025
21.74684
21.70886
21.98750
21.86076
21.78481
21.91139
21.74684
21.68354
20.98734
21.05000
21.02532
21.77215
21.97468
21.73418
21.74684
21.72500
21.74684
21.69620
21.83544
22.05063
21.70886
22.08861
22.18987
22.05000
21.31646
21.29114
21.25316
22.00000
22.13924
22.06329
22.16456
22.30380
22.13924
22.29114
22.24051
21.72500
22.26582
21.44304
21.69620
21.46835
21.58974
22.02667
21.90909
21.64557
21.88608
21.98734
21.93750
22.45570
25.05333
24.94595
24.56000
22.17105
21.91026
21.17500
21.25316
21.43038
21.98701
22.18919
22.17568
22.05195
22.06667
22.45946
24.78378
35.25333
39.82432
40.18987
49.88608
50.37975
24.02667
28.05333
24.30769
22.40506
22.39241
22.63291
24.96250
22.77215
22.39474
22.32432
22.17333
22.37838
22.14865
21.64935
21.44304
21.55128
21.27848
22.06494
24.42667
22.53333
22.16216
22.21622
22.48000
22.04054
22.35135
22.25333
22.29730
22.06757
22.25333
21.61538
23.46250
22.03797
21.84211
22.12162
22.17333
22.35897
22.43243
22.09333
22.05405
22.12162
22.00000
22.08108
24.06757
22.85526
21.13924
21.27500
21.06329
21.79730
22.10811
22.44595
22.49333
22.17568
22.22973
21.93333
23.77027
23.28378
22.69333
22.54054
22.27027
21.83544
21.81013
21.79747
21.92208
22.31081
22.55405
22.88000
23.83784
23.48718
22.34667
22.58108
22.31081
22.36000
22.55844
22.27848
22.05063
32.64557
35.37975
22.03797
35.32911
36.90000
22.16456
21.70886
22.13924
22.00000
21.98734
22.58228
22.32911
22.07500
22.21519
21.78481
21.97468
22.50633
21.27500
22.51899
22.22785
22.00000
22.34177
22.37975
22.43038
22.38750
22.20253
22.02532
23.08861
24.20253
21.87500
21.37975
21.70886
21.39241
22.26582
22.15000
22.29114
22.36709
22.18987
22.24051
22.77215
24.12500
22.11392
22.18987
22.27848
22.13924
21.49367
21.24051
21.20253
21.59494
22.03797
22.45000
28.08861
52.69620
43.45000
41.94937
41.94937
46.33750
43.56962
41.70886
47.48101
58.55696
58.74684
53.89873
55.68750
69.07595
42.07595
22.37975
21.97468
21.84810
21.62025
21.63291
22.07595
22.07500
22.45570
22.40506
22.43038
24.98734
22.41772
22.61250
22.22785
22.29114
22.15190
22.24051
22.41772
22.37500
22.16456
22.36709
21.46835
23.81013
21.93671
21.83750
22.08861
22.05063
22.31646
22.34177
22.11392
22.08861
22.18750
22.18987
22.17722
24.40506
22.01266
21.37975
21.32911
21.78481
22.08750
22.11392
22.06329
22.36709
22.38750
22.21519
22.12658
24.31646
22.72152
22.39241
22.13924
22.15000
21.73418
21.17722
21.46250
21.53165
22.37975
22.40506
22.08861
24.22785
22.89873
22.36250
22.30380
22.24051
22.11392
22.10127
21.59494
21.51899
21.50633
22.08861
22.27848
23.96250
23.27848
22.32911
22.34177
22.27848
22.11392
22.25000
22.23077
22.20000
22.27848
22.24051
22.00000
23.03797
22.84810
21.62025
22.34177
22.32500
22.44304
22.27848
22.35443
22.24051
22.20253
22.11392
22.39241
23.15000
22.98718
21.65000
22.02532
22.32911
22.11392
22.47500
22.38462
22.16456
21.91250
22.08108
22.17568
23.18667
23.95946
22.07500
22.07595
21.89873
21.73418
21.21519
20.56410
19.92000
20.33750
20.35443
20.72152
21.45570
21.73418
20.36709
20.49367
20.74684
20.60000
20.59494
20.22785
20.22500
75.25974
80.35443
81.35443
82.10127
83.38750
81.80519
77.79747
71.24051
64.89873
59.44304
65.37500
79.35443
78.96203
86.20513
84.59494
85.65000
84.46835
73.86076
69.60000
65.65385
69.73750
76.65789
75.87838
73.31579
67.58750
66.02532
62.18987
59.58750
59.17722
55.07595
54.16456
51.92405
46.79747
47.11250
46.17722
54.48101
47.69620
26.18182
35.28571
44.47436
48.10256
43.79487
28.50633
21.57692
21.53247
46.28205
44.64103
44.85897
44.05063
44.29114
20.97468
21.13924
23.82278
22.01282
21.83784
22.01351
21.95238
22.12162
21.60811
21.88000
22.12162
21.72000
21.86486
22.14865
23.77922
21.25000
20.97468
21.36709
22.02703
21.78378
22.37838
22.25333
21.94595
21.25676
21.96000
22.12162
23.60811
22.30667
21.62162
21.10811
21.12821
21.02532
20.43038
21.11392
21.71622
22.02703
21.44000
22.16216
23.22667
44.06667
45.64000
53.56962
64.23750
48.52632
47.71429
53.03797
47.50667
39.34667
20.66667
20.90667
22.41892
21.97297
20.92000
20.78378
20.83784
20.57143
20.15190
20.11392
20.16456
20.93333
20.95946
21.02667
22.36486
21.85135
20.96000
20.94595
21.05333
21.04000
20.87838
20.86486
21.27027
20.41026
20.13924
20.00000
21.40506
23.98734
23.67500
23.63291
23.08861
22.21519
20.55000
20.43038
20.60759
20.63291
20.63750
20.67949
19.88158
20.28571
19.94937
20.26923
21.11688
46.28571
48.77215
48.25641
52.59211
39.11688
26.90667
27.21333
25.70513
26.13924
26.43038
22.03896
23.79747
24.67089
23.15190
25.42105
27.27027
27.27027
27.30667
24.55844
23.47436
22.86250
22.20253
23.82278
24.07595
24.13750
22.32911
20.73418
21.41772
21.21519
21.69620
22.37975
22.53750
22.37975
22.15190
22.56962
22.70886
23.97468
22.39241
21.53750
21.94937
22.27848
21.83544
21.78750
21.63291
21.07595
20.71250
20.87342
22.35443
23.78481
21.39241
21.70886
21.45570
22.05000
21.82278
21.58228
21.60000
21.89873
21.73418
21.70886
21.93671
23.53165
20.39241
21.20253
20.36250
21.20253
22.05063
22.59494
21.21519
21.45570
21.52500
21.94937
21.96203
24.17722
21.70886
21.65823
20.49367
21.18987
21.92405
21.63291
22.10000
21.77215
21.73418
21.27848
21.84810
23.88608
21.75949
21.93750
21.68354
22.00000
21.81013
21.85000
22.31646
21.11392
21.03750
21.18987
21.26582
23.56962
22.31646
22.16456
21.86076
21.93671
21.83544
21.65000
21.59494
21.97468
22.08861
20.43038
20.82278
22.59494
22.39241
21.62025
21.86667
21.65823
40.92405
69.83544
69.88608
70.72152
71.40506
68.54430
70.02532
72.08861
71.29114
68.87342
68.27848
70.36709
71.12658
69.45000
69.68354
63.78481
21.16456
20.98684
21.60759
23.45570
22.93671
21.96154
21.48684
21.31646
20.73418
20.94937
21.91139
21.55696
22.00000
21.66667
21.77922
23.26923
23.16250
21.41772
21.91139
21.11392
20.97333
20.97297
20.98649
20.97333
20.98649
20.15190
20.01266
21.27848
21.50633
20.98649
21.00000
21.00000
20.98649
20.95946
21.00000
20.98649
20.94595
21.00000
21.00000
21.13924
21.67089
20.01266
20.57895
20.97333
20.98649
20.98649
20.97333
20.97297
21.00000
20.98667
21.04054
21.74324
22.61333
21.00000
20.98667
20.97297
20.01282
20.01250
20.00000
20.30769
21.00000
20.98649
20.98667
21.45946
22.82432
20.96000
20.81081
20.95946
20.97333
20.98649
20.02532
20.05063
20.00000
20.81333
20.98667
21.25676
23.01351
21.01333
20.97297
20.97297
20.89189
20.95946
20.95946
20.94595
20.98667
21.00000
20.21795
20.11392
22.56250
20.25641
20.98649
20.98649
20.89189
20.90667
20.93243
21.00000
20.94595
20.95946
20.97297
20.74667
22.43038
20.08861
20.02532
20.94595
20.97333
20.97333
20.94737
20.97297
20.97297
20.98649
21.00000
20.94667
22.85135
21.17568
20.08861
20.01266
20.00000
20.47436
21.00000
20.98649
21.00000
20.97297
20.90541
20.91892
22.68919
21.31081
20.94667
20.95946
20.93243
20.91892
20.95946
68.77215
67.62500
67.68354
69.56962
69.69620
70.51899
67.54430
68.11392
66.51899
67.34177
67.46250
65.59494
67.50633
65.65000
67.71429
67.05333
66.19481
66.92405
61.35443
20.45000
20.89873
20.06329
19.98734
19.97500
19.94872
20.26582
20.84810
20.94937
21.47500
22.98734
21.88462
23.59459
24.80000
24.39474
24.30263
24.18667
24.85135
25.06579
22.01266
21.60759
20.98684
21.87179
26.35526
25.14865
25.17568
24.77027
21.20000
21.14667
20.15000
21.63291
22.15385
22.62500
21.01266
22.20253
22.59494
21.02532
21.00000
21.00000
21.00000
20.59494
20.08750
20.07595
20.08861
20.08861
20.37975
22.02532
22.72152
21.01266
21.00000
21.00000
21.00000
21.00000
21.00000
21.00000
20.50000
20.03797
20.01266
20.79747
22.22785
20.96203
21.00000
20.98734
21.02532
21.02532
21.00000
21.00000
20.96203
21.00000
21.00000
21.01250
22.43038
20.15190
20.03797
20.27848
21.00000
21.00000
21.00000
21.00000
21.00000
21.00000
21.00000
21.31646
23.11392
21.01266
21.01266
21.00000
20.37975
20.00000
20.10127
20.20253
20.37975
21.01266
21.01266
21.06329
23.40506
21.00000
21.00000
21.00000
21.00000
20.96203
21.00000
21.00000
21.00000
20.78481
20.08861
20.15190
22.83750
20.22785
20.87342
21.00000
21.01266
21.00000
21.00000
21.01266
21.00000
21.03797
21.00000
21.01266
23.35443
21.34177
20.91139
20.73750
20.03797
20.06329
20.13924
20.03797
20.77215
21.00000
21.00000
49.21519
69.29870
69.26582
69.72152
70.78481
68.64557
71.64557
70.31579
47.35443
20.82278
20.29487
20.00000
20.01266
22.00000
20.74684
20.50000
20.97297
21.00000
20.97333
20.98649
21.00000
20.97333
20.94595
20.97297
20.96000
22.45333
21.75676
20.95946
20.93333
19.97468
20.05063
20.13924
20.08750
20.57143
20.95946
21.00000
21.11392
22.67500
22.30380
21.06329
21.11392
21.20253
21.55696
21.29114
21.06667
21.00000
21.00000
20.69737
20.50633
21.65000
21.81013
20.48101
20.98684
21.00000
21.00000
21.02667
21.04054
21.02703
21.02667
21.10811
21.02703
22.21333
22.41892
21.01351
21.00000
21.00000
20.65789
20.17722
20.17500
20.36709
20.32911
20.94667
21.01351
21.92000
22.77027
21.00000
21.02667
21.02703
21.00000
21.00000
21.02703
21.00000
21.02667
21.01351
21.01351
21.64000
22.30380
20.20253
20.18750
20.16456
20.73684
21.00000
21.00000
21.00000
21.00000
21.00000
21.00000
21.47297
23.10667
21.00000
20.98649
21.00000
21.00000
21.00000
21.01333
20.16667
20.02532
20.06329
20.05063
20.64103
23.06667
20.97297
20.94595
21.00000
21.00000
20.98649
21.00000
20.97297
21.00000
20.98667
20.98649
21.08108
23.21622
20.98667
20.52632
20.01266
20.02532
20.01266
20.06250
20.98667
20.95946
20.98649
20.97297
20.98649
23.33784
21.17568
21.00000
21.00000
21.00000
21.00000
21.00000
21.00000
21.00000
20.73333
20.08750
20.20253
22.59494
20.54430
20.65789
21.00000
20.98649
20.98667
21.00000
21.00000
20.98667
21.00000
21.00000
21.00000
23.01351
21.54054
21.00000
21.00000
21.00000
20.24359
20.05000
20.08861
20.12658
20.46250
21.00000
21.01266
23.07595
21.88608
20.97500
20.96203
20.91139
20.86076
20.78481
20.92405
20.92405
20.94937
20.91250
20.97468
20.56962
20.00000
20.00000
20.00000
20.00000
20.75949
20.92405
20.88750
20.89744
20.75000
20.74684
20.81013
20.26582
20.43038
20.41250
20.45570
20.46835
20.63291
20.65823
20.56962
19.98750
19.94937
19.96203
19.97468
20.29114
20.46835
20.30380
20.37500
20.36709
20.49367
20.32911
20.36709
20.22785
20.22785
20.34177
20.41250
20.34177
20.32911
20.17722
19.83544
19.82278
19.94937
19.89873
20.03797
20.32911
20.29114
20.18750
20.29114
20.20253
20.32911
20.34177
20.20253
20.32911
20.26582
20.52500
20.59494
20.64557
20.53165
20.31646
19.98750
19.96203
20.00000
19.98718
20.57500
20.53165
20.38095
20.42857
20.49367
20.47500
20.50633
20.49367
20.29114
20.35443
20.65823
20.62025
20.51899
20.56962
20.36250
19.96203
19.98734
20.00000
19.98734
20.51250
20.26582
20.40506
20.53165
20.62025
20.68354
20.62500
20.62821
20.36250
20.43038
20.68354
20.77215
20.68354
20.68354
20.58750
20.24051
19.97468
19.98734
19.96203
20.12658
41.81013
71.21519
69.77922
71.76623
70.01266
67.78481
68.22785
69.61250
70.77215
70.48101
70.96203
71.48101
63.06329
20.00000
21.49367
21.31646
21.00000
20.93590
21.00000
20.94937
20.91139
20.55696
21.00000
20.97468
21.01250
20.98734
22.10127
22.12658
20.98750
20.05063
20.05063
20.02532
20.72500
21.00000
20.97468
20.92405
20.96203
21.00000
21.81013
22.38750
21.00000
20.96203
20.97468
20.97500
20.34615
20.00000
19.36709
19.10000
19.13924
20.41772
21.72152
22.58750
20.69620
20.00000
20.00000
20.01266
20.00000
20.00000
20.00000
20.39241
21.03797
20.98734
21.59494
22.91139
20.97500
21.00000
21.00000
20.98750
20.98734
20.98734
20.97468
20.94937
20.02532
20.05063
20.51899
22.77500
21.00000
21.01266
20.98734
21.00000
20.98734
20.96203
20.96250
21.00000
20.98734
20.98734
20.67089
22.56962
20.01266
20.34177
20.93671
20.92405
20.95000
21.00000
20.94937
20.97468
20.97468
20.98734
20.98734
23.32911
20.81013
20.02532
20.02500
20.03797
20.97468
20.98734
21.00000
20.97468
21.00000
20.96250
21.00000
23.01266
21.12658
20.96250
21.00000
20.34177
20.03797
20.05000
20.43038
20.94937
21.00000
20.95000
21.00000
22.94937
21.31646
21.00000
20.97468
20.97500
21.00000
20.98734
20.10127
20.01266
20.02500
20.72152
21.00000
22.86076
21.53165
21.00000
21.00000
21.02532
21.00000
21.00000
21.00000
20.98734
20.75949
20.05000
20.00000
21.93671
21.63750
20.98734
20.98734
20.98734
21.00000
20.98734
21.00000
20.98750
21.00000
21.00000
21.00000
22.32911
21.26250
20.07595
20.41772
21.01266
21.00000
21.03797
20.76923
20.94937
20.97468
21.00000
21.00000
20.81250
20.78481
20.17722
20.00000
20.00000
20.46835
20.79747
20.67500
20.83333
20.80000
20.97468
20.96203
20.97468
20.91139
20.78481
20.37975
19.98750
20.00000
20.24051
20.97468
21.00000
20.94937
20.83750
20.93671
20.98734
20.97468
21.00000
20.92500
20.84810
20.78481
20.55696
19.96203
19.92405
19.87500
20.25316
20.18987
20.22785
20.13924
20.13924
20.18750
20.31646
20.27848
20.25316
20.22785
20.12658
20.12500
19.86076
19.93671
19.97500
20.44304
20.32911
20.18987
20.35443
20.43750
20.49367
20.53165
20.56962
20.40506
20.28750
20.53165
20.56962
19.87342
19.98734
19.96203
20.36709
20.56962
20.66250
20.59494
20.56962
20.53165
20.48101
20.43038
20.48101
20.56250
20.44872
20.50000
19.59494
19.82278
19.89873
20.21519
20.21250
20.18987
20.08861
20.12500
20.25316
20.25316
20.31646
20.21519
20.16250
20.18987
20.27848
19.91139
19.94937
19.98734
20.21250
20.48101
20.53165
20.64557
20.81013
20.69620
20.67089
20.33750
20.35443
20.39241
20.48101
20.58228
20.08861
20.00000
20.00000
20.33750
20.51282
20.77500
20.63291
20.36709
20.34177
20.40506
20.63750
20.65823
20.49367
20.35443
20.16456
26.75000
69.78205
70.31169
70.78947
72.70886
69.22785
70.22500
39.53165
20.68354
20.67532
20.98734
20.97500
20.98734
21.00000
20.80769
22.26316
20.88750
20.00000
20.35897
21.00000
21.00000
20.98649
21.00000
21.00000
21.00000
21.00000
21.00000
22.44000
22.01351
21.00000
20.28205
20.07595
20.02532
20.64935
20.98649
21.00000
21.00000
20.98667
20.97297
22.18919
22.13333
20.95946
20.95946
21.00000
20.76000
20.00000
20.00000
20.12500
20.94595
20.97297
21.00000
21.95946
22.18919
20.93243
20.97297
21.00000
21.00000
20.98413
21.00000
20.25641
20.00000
20.01266
20.66234
21.82432
22.43243
20.88000
20.94595
20.98649
21.00000
20.95946
21.00000
20.98667
20.97297
20.85333
20.00000
20.75949
22.16250
20.98649
20.94595
20.90541
20.94667
21.00000
20.95946
20.98667
20.98649
20.97297
20.98649
21.33784
22.28571
20.01266
20.03750
20.38961
21.02703
20.98667
21.00000
21.00000
21.00000
20.98649
21.00000
21.25676
22.90541
20.98667
20.87838
20.00000
20.00000
20.00000
20.90541
20.97297
20.97333
21.00000
20.97297
21.01351
23.18919
20.97297
21.00000
21.00000
20.94595
20.23077
19.98734
20.00000
20.62338
21.00000
21.00000
20.97333
23.13514
21.10811
20.94667
20.95946
20.98649
20.98667
20.98649
20.69333
20.18987
20.10714
0.00000
0.00000
0.00000
0.00000
0.00000
0.00000
0.00000
0.00000
0.00000
0.00000
0.00000
0.00000
0.00000
0.00000
0.00000
0.00000
0.00000
0.00000
0.00000
0.00000
0.00000
0.00000
0.00000
0.00000
0.00000
0.00000
0.00000
0.00000
20.00000
20.11392
21.00000
21.00000
21.00000
20.97297
20.97297
21.00000
20.98649
20.97297
22.33333
21.75676
20.98649
20.33333
20.02532
20.10127
20.54545
21.00000
20.95946
20.96104
20.98734
21.00000
22.37500
22.08861
21.00000
21.00000
20.98734
20.79747
20.01266
20.03846
19.93506
20.55696
20.49367
20.48101
20.50633
20.47500
20.30380
20.31646
20.26582
20.30380
20.40506
20.39241
20.02532
19.94937
19.96250
20.30380
20.50633
20.40506
20.34177
20.43038
20.17500
20.32911
20.31646
20.26250
20.43038
20.44304
20.21519
19.87342
19.91139
20.00000
20.51899
20.45570
20.45570
20.45000
20.42308
20.68750
20.49367
20.59494
20.45570
20.32500
20.31646
20.08861
19.98734
19.97500
20.26582
20.51899
20.30380
20.41772
20.50000
20.36709
20.32911
20.30380
20.26582
20.37975
20.43038
20.31646
19.95000
19.98734
20.12658
20.46835
20.37975
20.45000
20.31646
20.35443
20.55696
20.46835
20.44304
20.63291
20.62500
20.55696
19.98734
19.96203
19.05063
18.98750
19.00000
20.60759
20.59494
20.39241
20.10127
19.92405
20.00000
19.96203
19.98734
20.01266
20.00000
20.50633
20.60000
20.59494
20.35443
20.30380
20.40000
20.50633
20.39241
20.55696
20.58228
20.56250
20.55128
20.40541
29.34177
68.83750
71.98684
71.38961
70.34568
71.26250
67.74684
42.53165
20.86250
20.43038
20.92405
20.83544
21.00000
20.98649
20.82667
21.59494
21.20253
20.02532
20.17722
20.98649
20.95946
20.93333
20.87838
20.93333
20.98649
20.98649
20.95946
22.08000
21.98649
20.92000
20.79730
20.03750
20.00000
20.00000
20.24051
20.95946
21.00000
21.00000
20.98667
21.98649
22.19178
20.98667
21.00000
20.95946
20.95946
20.97333
20.98649
21.01333
20.29487
20.01266
20.05063
21.03797
22.32468
20.98649
21.00000
20.98649
21.00000
21.00000
20.98649
21.00000
20.98667
20.95946
20.98649
21.58667
22.14865
20.20513
20.00000
20.01266
20.03797
20.76000
20.97297
20.98667
21.00000
20.94595
20.97297
21.40000
22.74324
20.94595
21.00000
20.97333
20.98649
20.97297
20.96000
20.24359
20.00000
20.01266
20.01250
20.75000
22.89333
20.97297
20.98649
20.98667
20.97297
21.00000
20.92000
20.95946
20.95946
20.98667
20.97297
21.00000
23.09333
20.33766
20.00000
20.00000
20.01250
20.31169
20.98667
20.91892
20.94595
20.97333
20.98649
20.97333
22.94667
21.09459
20.95946
20.93333
20.98649
20.97297
20.98667
20.22078
20.00000
20.00000
20.01266
20.50649
23.00000
21.27027
20.98649
20.93333
20.93243
20.93243
21.00000
20.98649
20.98649
20.97333
20.98630
20.97333
22.85135
21.05263
20.01250
20.02532
20.03797
20.11392
20.93750
20.96203
20.89873
20.88608
20.34177
20.30380
20.25000
22.65823
21.12658
21.00000
20.98734
21.00000
20.98734
20.94937
20.01250
20.00000
20.03797
20.03797
20.70886
22.72152
21.34177
21.00000
21.00000
21.00000
20.98734
20.98734
20.98734
21.01266
20.98750
21.00000
20.98734
22.72152
20.74684
20.02532
20.03750
20.02532
20.64557
20.98734
20.97500
21.00000
20.74324
21.00000
46.35526
62.64000
22.15190
21.68354
21.67089
20.90000
20.97333
20.93671
21.11688
21.50000
21.65385
21.63158
21.63291
22.88312
22.21053
21.07895
21.06667
21.34177
21.18750
21.13924
21.08861
21.03797
21.02500
20.73077
20.52500
21.94937
21.78481
20.78481
21.02532
21.02532
21.03750
21.05063
21.06329
21.05063
21.01266
21.00000
21.00000
22.26582
22.56250
21.00000
21.00000
20.91139
20.07595
20.22785
20.29114
20.30000
20.97468
21.00000
21.00000
22.07595
22.83544
21.00000
21.02564
21.00000
21.02500
21.01266
21.01266
21.00000
21.01266
21.00000
20.58228
20.97468
22.12658
20.43038
20.72152
21.00000
21.00000
21.00000
21.00000
21.00000
21.01266
21.00000
21.00000
21.67089
23.13924
21.00000
20.98734
21.00000
21.00000
20.20253
20.24051
20.18987
20.24051
20.87500
21.00000
21.41772
23.43750
21.01266
21.01266
21.00000
21.01266
21.01266
21.01266
21.02500
21.01266
21.01266
21.00000
20.45570
22.86076
20.32500
20.30380
21.00000
21.00000
21.01266
21.00000
21.00000
21.02532
21.00000
21.00000
21.01299
23.86667
33.16883
69.29487
67.63291
69.24051
69.40506
66.77215
69.50633
67.34177
69.27500
70.88608
66.53846
69.22500
66.87179
50.46835
20.53165
20.70886
20.43590
19.98684
20.05128
20.03846
20.57895
20.97403
20.92000
22.68421
21.20779
20.88158
20.85333
20.93421
20.81333
20.80519
20.86842
20.81579
20.91139
20.84810
20.92405
22.54430
21.52500
20.65823
20.93671
20.98718
21.00000
20.98649
20.31579
20.00000
20.01250
20.01266
20.30769
22.42667
21.69333
21.00000
20.97297
21.00000
20.98649
20.98649
20.98667
20.98649
21.00000
21.00000
21.00000
21.77215
21.06494
20.00000
20.00000
20.07595
20.02532
20.02532
20.67089
20.89873
20.92405
20.96250
20.98734
22.15190
21.97436
21.00000
20.12658
20.01266
20.03750
20.01266
20.89333
21.00000
20.98649
20.98667
21.00000
22.10959
22.21333
21.00000
20.96000
20.77632
20.01266
20.00000
20.01266
20.71429
20.95946
20.94595
20.98667
21.81081
22.51351
20.98667
20.98649
21.00000
21.00000
21.00000
20.28205
20.07595
20.05063
20.03797
20.60000
21.64557
22.69620
21.00000
20.98734
20.87500
20.60759
20.70886
20.70000
20.77215
20.73418
20.69620
20.75949
20.79747
20.82278
20.87342
20.85000
20.86076
20.87342
22.75949
21.26582
20.00000
20.01250
20.00000
20.00000
20.43038
20.98718
50.48101
129.20000
131.71795
128.51899
132.74684
127.92405
120.63291
115.93671
109.82278
106.25000
101.46250
101.81013
100.20253
100.56962
88.21519
60.96203
63.07895
58.26667
52.42857
49.29333
48.85135
48.81333
49.42667
49.34211
49.27848
47.22785
48.39241
45.32500
44.66250
43.08861
39.26923
37.46053
33.88312
26.37975
23.05063
23.25316
23.35443
27.70270
26.85897
26.93590
26.07895
23.97297
22.55263
22.22785
24.37975
23.79747
23.42500
22.25316
22.18987
22.22785
22.48750
22.27848
23.40506
23.98734
22.31646
21.75949
21.77215
21.93750
21.97468
22.31646
22.25316
22.12658
22.18987
22.32500
23.03797
23.84810
22.21519
22.21250
22.12658
22.26582
22.50633
22.39241
22.35443
22.25000
22.22785
22.37975
23.08861
23.79747
21.69620
21.60759
21.40000
21.63291
22.13924
22.24051
22.10127
22.08750
22.11392
22.05063
22.45570
24.45000
22.15190
22.13924
22.21519
21.84810
21.65823
21.70886
21.74684
21.93750
22.15190
22.08861
22.39241
24.68354
22.18987
22.26250
22.29114
22.24051
22.17722
22.25316
22.22500
22.24051
22.20253
22.10127
22.06329
24.82278
22.13924
21.65823
21.38750
21.37975
21.29114
21.45570
22.02532
22.05063
22.01266
22.02532
22.01250
24.51899
22.25316
22.03797
21.37975
21.40506
21.41250
21.91139
22.03797
22.06329
22.05063
22.02532
22.05000
24.40506
22.45570
22.03797
22.05063
22.07595
22.17500
22.10127
22.15190
22.11392
23.55696
70.97468
69.31646
71.82051
71.69231
71.32895
70.30380
70.26250
72.22785
69.26582
71.37975
69.13750
68.43038
68.20253
68.90000
70.64557
69.13924
69.00000
59.77500
21.97468
22.02532
22.01250
22.02532
22.01266
22.01266
22.03797
21.34211
23.18987
22.32051
21.12821
21.50633
22.06410
22.05128
22.11688
21.74684
22.00000
22.00000
21.15190
21.21519
22.81250
23.11392
22.01266
21.98734
22.00000
22.00000
22.00000
22.01266
22.01266
21.93671
21.07500
21.08861
22.41026
22.72500
21.17722
21.07595
21.08861
21.08750
21.02564
20.10127
20.17722
20.18750
20.29114
20.73418
22.05063
22.51899
21.00000
21.00000
21.00000
21.00000
20.39241
48.27848
81.26250
82.09091
82.41772
81.39241
74.08861
53.36709
21.00000
21.00000
21.00000
21.02532
21.00000
20.69620
20.03797
20.08861
20.51899
78.50633
82.76250
80.70886
70.96203
63.16456
58.17722
58.37500
58.46835
58.49367
58.65823
58.78481
55.35443
49.83750
46.72152
48.60759
46.55696
46.63291
47.24051
47.20000
44.20253
41.00000
38.27848
36.08861
34.16250
36.50633
76.78481
77.01266
48.84810
21.35000
21.94937
21.94937
21.92405
21.94937
21.88608
21.93671
21.95000
21.92405
21.97468
23.87342
22.03750
21.97436
21.93750
21.92405
21.94937
21.84810
21.83750
21.78481
21.62025
21.00000
20.97500
23.29114
21.22785
20.98734
21.96203
22.07500
22.02532
21.96203
21.43038
21.94937
20.94937
22.20513
21.73418
24.03797
22.53247
25.60759
77.50633
106.15190
101.31646
99.94872
82.10127
68.12658
64.79747
58.93750
52.69620
23.27848
22.13158
38.03797
51.79747
54.37975
48.89873
49.10000
49.94937
51.11392
51.37975
51.92500
52.96203
52.51899
50.21519
51.11392
45.46835
45.66250
51.86076
47.39241
47.56962
45.26582
44.33750
44.05063
45.24051
50.29114
45.65823
40.38750
36.75949
34.51899
40.81818
42.84211
43.76000
43.90411
44.36000
43.94595
43.41333
42.49367
39.84810
38.37179
38.72727
38.11538
41.25641
44.32000
44.10667
39.89873
39.41772
39.38750
38.56962
44.40789
45.28378
46.01351
42.93421
39.59494
39.22785
38.12658
39.96250
39.60759
39.29114
38.69620
38.63291
38.56962
38.68354
37.36709
37.83750
37.56962
37.54430
38.84810
39.39241
43.49367
41.37975
43.67500
43.02532
41.53165
40.07595
34.39241
31.80000
32.31646
31.96203
32.81013
32.62025
32.46835
32.62500
32.79747
32.79747
36.84810
40.15000
37.46835
38.30380
37.49367
37.30380
38.11392
38.30000
38.51899
38.03797
38.84810
38.16456
38.63750
40.10127
37.75949
36.83544
37.57500
36.29114
31.89873
32.32911
32.71250
32.55696
32.55696
32.53165
34.21519
36.00000
32.83544
31.91250
31.82278
31.81013
32.13924
32.56962
33.41772
34.29114
33.63750
33.18987
34.00000
35.83544
33.50633
33.62025
33.33750
33.67089
33.37975
33.53165
33.62025
33.55696
33.53165
33.68750
52.55128
84.49367
81.09333
83.05405
79.37838
82.21053
81.68354
82.63291
81.93671
80.18750
81.35443
84.11392
34.87013
22.94872
21.41772
20.01266
20.02500
20.01299
21.45000
21.74684
21.82278
21.18987
20.97468
20.98734
20.97468
22.71250
21.56962
20.94937
20.96203
21.18987
28.16250
50.21519
44.86076
44.16456
42.11392
38.55696
41.32911
43.60000
41.02564
38.60256
52.34177
52.78205
54.33750
49.79747
47.53846
48.07595
49.49367
49.25316
48.89873
50.03797
48.21519
45.39241
44.22500
42.58228
43.12658
43.93671
42.26582
41.63291
42.87500
42.17949
43.27500
37.37975
21.51899
20.08861
20.60000
21.01266
21.03797
21.01266
20.98734
20.94937
20.96154
20.93671
20.97468
22.03797
22.36709
20.96250
21.00000
21.02532
21.00000
30.37975
63.25000
57.70886
51.31646
46.98750
46.56962
47.45570
48.37975
47.42500
47.36709
44.70886
41.07595
38.16250
35.84810
34.05063
32.11392
30.92405
28.64557
22.59494
23.67500
21.92405
21.94937
21.87342
21.90000
21.91139
21.98734
21.93671
21.00000
21.00000
21.01250
21.54430
23.16456
21.92500
21.93671
21.98734
22.02532
21.96203
21.98734
22.00000
21.94937
23.11392
24.15000
22.05063
21.98734
22.07595
22.68750
21.36709
23.19231
25.25974
25.60000
25.79221
25.52000
25.71053
28.79730
27.34211
72.65823
69.73418
70.63291
68.75949
71.16216
74.40541
72.98718
72.27848
69.28000
68.20270
98.75325
96.03846
94.44304
92.12500
75.43038
66.67949
70.60759
80.35443
76.00000
75.26582
71.31579
71.48052
74.58228
72.32911
72.44304
69.54430
69.25316
45.87342
25.07595
24.17722
26.48101
26.40000
24.83544
24.74684
24.45570
24.11392
24.05063
24.17722
24.07500
23.35897
22.08861
21.87500
22.31646
24.88608
22.32911
22.36709
22.50633
22.35000
22.22785
21.73418
21.50633
21.86076
22.17722
22.18750
22.22785
24.19481
21.56962
21.53165
21.30380
20.75949
20.68354
20.95000
21.24051
21.11392
21.07595
21.21519
21.17722
23.45570
21.53165
20.67500
20.60759
20.75949
21.22785
21.21519
21.11392
21.05063
21.05000
21.07595
21.11392
23.07595
21.27500
20.67089
20.96203
21.26582
21.21519
21.31646
21.17500
21.03797
21.02532
20.87342
20.22785
22.05000
22.00000
21.00000
21.00000
21.06329
21.06329
21.05063
21.02500
20.72152
20.48101
20.64557
21.08861
22.72152
22.31646
21.05000
21.06329
21.11392
21.11392
20.97468
20.26250
20.40506
21.06329
21.08861
21.16456
22.58750
22.48101
21.05063
21.07595
21.06329
20.75949
20.45570
20.77500
21.02532
21.02532
21.02532
21.08750
22.40506
22.68354
21.01266
20.87342
20.55696
20.89873
21.29114
21.31646
21.30000
21.24051
21.37975
21.41772
22.26582
23.03797
20.48750
20.36709
20.83544
21.11392
21.21519
21.11392
21.11392
21.13750
21.12658
21.25316
21.92405
22.43038
20.62025
21.01250
37.96203
69.48684
69.84000
69.03896
68.88608
70.97468
70.88608
68.18667
69.50000
41.32911
20.89873
20.86076
20.98734
20.97468
20.98734
21.00000
21.00000
21.00000
20.29114
20.03797
20.86076
23.20000
20.98734
21.06329
20.96203
21.00000
20.98734
21.00000
20.86076
20.06250
20.07595
20.98734
21.08861
23.27848
20.98734
21.00000
21.00000
20.97468
20.98734
20.36709
20.01266
20.63291
20.98750
21.01266
21.00000
23.53165
21.10127
21.01266
21.00000
20.86076
20.11392
20.23750
21.00000
21.07500
21.00000
21.00000
21.00000
23.62025
21.36709
20.50000
20.29114
20.64557
21.02532
21.00000
21.03797
21.00000
21.01266
21.00000
21.01266
23.13750
20.74684
20.31646
20.98734
21.05063
21.01266
21.01250
21.01266
21.03797
21.16456
21.15190
20.54430
22.02500
21.22785
21.07595
20.94937
21.02532
21.01266
20.96250
21.03797
21.00000
21.00000
20.11392
20.15190
22.54430
21.93590
21.03797
21.03797
21.00000
21.01266
21.00000
21.00000
20.26250
20.20253
20.68354
21.00000
22.50633
21.97468
21.15190
21.00000
20.97468
21.02500
21.00000
20.31646
20.21519
20.68354
21.07595
21.00000
22.46835
22.26582
21.00000
21.02532
21.01266
21.02532
20.47500
20.20253
76.03797
79.07595
78.64557
78.25316
64.23750
58.55696
54.40506
49.77215
44.93671
55.21519
60.86076
55.62821
50.33750
50.82278
52.03797
49.67089
29.01266
22.84810
21.02500
20.41026
20.31646
20.25316
20.08861
20.93671
20.94937
20.96203
21.01266
21.00000
22.55696
23.43038
21.34615
20.52500
20.28205
20.49367
20.55696
21.08861
21.22785
21.24051
21.02532
21.20513
21.59494
23.60759
21.05000
20.98734
20.49367
20.30380
20.11392
20.44304
21.05000
21.00000
20.79221
20.70513
21.32911
23.15190
21.00000
20.94937
20.00000
19.02532
19.02500
19.00000
20.30380
20.86076
20.65823
20.22785
19.97500
19.97468
20.00000
20.00000
20.00000
20.00000
20.06329
20.70000
20.69620
20.69620
20.56962
20.49367
20.60000
20.73418
20.48101
20.31646
19.84810
19.69620
19.77500
20.13924
20.26582
20.24051
20.22785
20.11392
20.13924
20.13924
20.18987
19.83750
19.69620
19.67089
20.10127
20.06329
20.12658
20.21250
20.20253
20.22785
20.21519
20.12658
19.74684
19.81013
20.01266
20.12500
20.07595
20.13750
20.06329
20.15190
20.13924
20.17722
20.03750
20.05063
20.39241
19.96203
19.94937
25.05195
25.14474
25.41892
21.03750
20.91139
21.01266
20.56962
24.53333
25.90541
25.77333
21.96154
20.24051
19.87342
20.70886
22.03797
21.97500
21.37975
22.00000
21.93671
20.20253
20.26582
20.16456
20.08861
19.97468
19.80000
19.73418
19.92405
20.18987
20.05063
20.06329
20.07595
20.10000
20.10127
20.25316
20.48101
20.32911
20.29114
19.88608
19.94937
19.93671
55.92500
71.28571
69.98701
68.36364
71.67089
70.40506
67.77215
69.97333
68.88000
67.13158
20.92405
20.86076
20.29730
20.93671
23.03797
21.06329
20.97468
20.95000
21.00000
20.43038
20.00000
20.00000
20.62338
20.98649
20.97297
21.00000
23.01333
21.27027
20.97297
21.00000
20.98649
21.02703
20.02532
20.01250
20.50000
21.00000
21.00000
21.00000
22.94595
21.48000
21.00000
21.00000
20.46753
20.20253
20.38462
20.98667
21.01351
21.01351
21.00000
21.00000
22.78378
21.65333
20.98649
20.98649
21.00000
20.47368
20.05000
20.08861
21.00000
21.00000
21.00000
21.00000
22.59459
21.62667
21.00000
21.00000
20.22500
20.17722
20.77215
21.00000
21.00000
21.00000
21.00000
21.01351
22.27027
22.00000
20.98649
21.00000
20.45455
20.01266
20.03797
21.00000
20.93333
21.00000
21.00000
21.00000
22.28378
22.32000
21.00000
21.00000
21.02667
19.97436
20.10000
20.60526
21.00000
21.00000
20.98649
21.00000
22.09459
22.54054
20.96000
21.00000
20.96000
20.05128
20.05000
20.71053
21.00000
21.00000
21.00000
21.01351
21.82432
22.79730
21.00000
21.00000
20.45455
20.05063
20.20253
21.00000
21.00000
21.00000
21.01351
21.00000
21.71622
22.94595
21.00000
21.04054
20.89333
20.08861
20.06329
20.82667
21.13514
21.13514
21.00000
21.08108
21.29333
22.95946
20.91892
20.24051
20.25316
20.75949
20.96203
20.97468
20.98750
21.00000
21.00000
21.00000
21.18919
23.13333
21.00000
21.00000
20.12658
20.06329
20.50649
21.00000
20.98649
21.00000
21.00000
21.05405
21.01266
23.54430
20.50633
20.08861
20.45000
52.44304
58.45570
54.72152
20.94937
20.71795
20.57692
20.97468
19.94937
22.25316
20.75000
20.89873
20.89873
20.94937
20.91139
20.91139
20.85000
20.84810
20.86076
20.89873
20.81013
22.53165
20.22785
20.00000
20.52500
20.89873
20.94937
20.97500
20.87342
20.72152
20.67089
20.28571
20.00000
21.79747
20.79747
20.60759
20.69620
20.73418
20.80000
20.77215
20.92405
20.24051
20.00000
20.11392
20.41772
22.27848
21.21519
20.54430
20.34177
20.27848
20.35443
19.96250
19.98734
20.31646
20.37975
20.21519
20.18987
21.98734
21.32911
20.18987
20.30000
19.88608
19.84810
20.02532
20.31646
20.25000
20.27848
20.24051
20.16456
21.69620
21.54430
19.95000
19.89873
20.03797
20.24051
20.26582
20.26582
20.35000
20.36709
20.44304
20.30380
21.18750
21.05063
20.00000
20.60759
20.51899
20.54430
20.45000
20.31646
20.48101
20.55696
20.55696
20.00000
20.78750
21.68354
20.43038
20.50633
20.65823
20.64557
20.77215
20.55696
20.50000
20.18987
20.00000
20.16456
21.48750
22.30380
20.58228
20.46835
20.32911
20.58228
20.36250
20.48101
20.75949
20.77215
20.07595
20.00000
20.77215
22.49367
20.55000
20.69620
20.83544
20.88608
20.79747
20.62025
20.17500
19.96203
20.36709
20.78481
21.02532
22.64557
20.46250
20.40506
20.32911
20.49367
20.08861
19.98701
19.93590
20.29114
20.59494
20.50633
20.88750
22.79747
20.70886
20.56962
20.55696
20.65000
20.87342
20.74684
32.45570
20.25316
20.01282
20.00000
20.00000
23.32911
20.90000
21.00000
20.98734
20.94937
20.93671
20.92500
20.83544
20.67089
20.94937
22.59494
22.43038
20.48101
21.00000
21.00000
20.96203
21.00000
20.98734
21.00000
21.00000
20.77500
20.02532
20.00000
22.82278
21.25316
20.95000
20.98734
20.97468
21.00000
20.91139
21.00000
20.45000
20.00000
20.15584
20.94737
22.70270
21.38667
20.98649
20.95946
20.94667
20.94595
21.00000
20.15385
20.00000
20.49351
20.98667
20.98649
22.58108
21.60000
20.98649
20.98649
21.00000
20.94595
20.02532
20.02532
20.59740
20.91892
20.93333
20.97297
22.45946
21.85135
20.93333
20.57692
20.78481
20.00000
20.00000
20.68354
20.83750
20.70886
20.70886
20.83544
20.90000
63.24051
78.58228
75.88608
74.53750
75.41772
73.82278
79.36709
82.02500
82.34177
81.78481
81.63291
62.97468
46.41772
43.97468
62.81250
64.75949
63.01266
51.02532
43.69620
43.88608
43.05000
37.05063
31.75949
31.78750
31.63291
31.81013
31.82278
32.08861
32.83750
32.68354
32.89873
32.74684
32.53165
32.32911
31.00000
28.81013
27.32911
26.24051
25.82278
25.70000
25.31646
23.55696
22.02532
28.35000
74.43038
99.13924
70.88608
86.70886
90.72152
86.83750
37.26582
40.11392
40.67089
41.48101
40.35443
41.44304
40.67500
40.16456
39.62025
40.59494
45.10127
42.00000
41.70000
40.60759
40.20253
39.91139
40.39241
41.75949
39.94937
40.60759
40.93750
41.83544
48.12658
45.00000
42.97468
42.02532
42.53165
41.21519
41.89873
23.84810
23.40000
21.49351
21.21250
21.11392
21.35443
22.00000
22.10127
22.12658
22.13750
22.05063
22.07595
22.02532
22.01266
22.01266
21.18987
21.11392
21.20253
21.94937
22.01266
22.00000
22.03750
22.05063
21.97468
21.97468
21.91250
21.68354
20.98734
21.01266
21.45570
22.00000
21.93750
21.88608
21.84810
21.89873
21.83544
21.92405
21.94937
21.49367
21.00000
21.00000
21.72152
22.00000
21.98734
22.00000
22.00000
21.97468
22.00000
22.00000
21.97468
21.22500
21.00000
21.01266
21.98734
21.97500
21.97468
21.94937
22.00000
21.95000
21.98734
21.98734
21.93671
20.98734
21.00000
21.32500
21.98734
21.97468
21.97468
21.92405
21.96250
21.93671
21.97468
21.97468
21.60759
21.00000
21.01266
21.77215
21.93671
21.94937
21.96203
21.98734
21.98734
21.98734
21.96154
21.93750
21.07595
21.00000
21.27848
21.98734
21.98734
21.94937
21.93750
21.96203
21.98734
21.93671
22.00000
21.60000
21.01266
20.98734
21.79747
21.94937
22.00000
22.00000
21.98734
21.98734
22.01266
22.01266
22.00000
21.06250
21.01266
21.49367
22.00000
21.96250
22.00000
21.94937
22.00000
21.94937
22.00000
21.98649
49.29870
70.11688
68.50633
71.35443
70.81013
71.13924
70.07595
70.02532
71.37500
71.43038
70.89873
33.93671
21.01266
23.10000
23.18421
22.75641
22.90000
22.84810
22.84810
22.97468
22.96203
22.94937
22.92500
22.86076
22.83544
22.91139
21.96250
19.59494
19.68354
20.20253
20.12658
20.33750
20.21519
20.17722
20.29114
20.21519
20.53165
20.48750
21.55696
19.51899
20.06329
20.23750
20.51899
20.49367
20.58228
20.20253
20.29114
20.12658
20.12821
20.20253
22.20513
20.11392
20.46667
20.38158
20.89333
20.78947
20.42857
20.21795
20.41558
20.12658
19.93671
20.02500
22.75949
20.48101
20.35000
20.36709
20.21519
20.48101
20.63291
20.67089
20.50633
20.37500
20.34177
19.75949
22.00000
20.06329
20.45000
20.43038
20.50000
20.31250
20.46835
20.41772
20.44304
20.30380
20.15190
19.97468
21.82500
20.44304
20.29114
20.27848
20.21519
20.34177
20.21519
20.31646
20.13750
20.20253
20.15190
20.21519
22.12658
20.26582
19.85000
20.11392
20.32911
20.34177
20.17722
20.16456
20.30000
20.34177
20.35443
20.21519
21.39241
20.53750
19.98734
20.36709
20.40506
20.25316
20.41772
20.35443
20.42500
20.43038
20.31646
20.51899
21.96203
21.32911
19.85000
19.89873
19.91139
20.21519
20.20000
20.20253
20.37975
20.48101
20.72152
20.72152
21.98750
21.71795
20.75000
20.72152
19.88608
19.92405
19.91250
19.96203
19.94937
20.00000
20.67089
20.81250
21.87342
21.84810
20.58228
20.60759
20.58750
20.60759
19.97468
19.97468
20.11538
20.78378
20.96154
22.45570
26.50000
27.32432
22.22785
21.75000
21.64557
21.31646
22.94805
25.02703
20.42105
20.11688
20.97468
20.97468
21.84810
22.60759
20.96250
20.98734
20.97468
20.93750
20.92405
20.84810
20.10127
19.82500
19.73418
19.92405
20.20000
20.07595
20.05063
20.02532
20.02532
20.03750
20.02532
20.03797
20.03797
20.05000
20.00000
19.45570
19.45570
19.64557
19.73418
20.02500
20.05063
20.06329
20.00000
20.03797
20.11392
20.01266
20.02532
19.17722
19.01250
19.06329
19.60759
20.00000
20.00000
20.00000
20.00000
20.00000
20.02500
20.00000
20.00000
20.00000
20.00000
19.83750
19.05063
19.08861
19.02532
19.83544
20.00000
20.00000
20.01250
20.00000
20.00000
20.01266
20.00000
20.00000
20.00000
19.82278
19.10127
19.03797
19.06329
19.98750
20.00000
20.00000
20.00000
20.00000
20.00000
20.00000
20.00000
20.00000
20.00000
19.39241
19.06329
19.15190
19.58228
20.01250
20.01266
20.01266
20.00000
20.00000
20.00000
20.00000
20.00000
20.00000
19.92405
19.12658
19.07595
18.36709
18.29114
18.34177
19.51250
20.00000
20.00000
19.53165
19.08861
19.18987
19.31250
19.13924
19.13924
19.12658
19.84810
20.00000
20.00000
20.07595
20.07595
20.01250
20.02632
22.73077
23.00000
22.75949
20.24359
81.07595
78.61039
75.68750
75.62025
74.06329
74.55696
78.13924
50.08861
20.55696
21.05000
22.70886
20.82278
20.82278
20.69620
19.98750
19.98734
20.00000
20.62025
20.96203
20.97468
20.73418
20.98734
23.02532
20.84810
20.86250
20.87179
20.81250
20.51899
19.96203
19.97468
19.94937
20.80000
20.83544
20.78481
22.94937
20.60759
20.55696
20.83544
20.73750
20.83544
20.97468
20.55696
20.01266
20.07595
20.31250
20.96203
22.92405
21.08861
20.97468
20.86076
20.96250
21.01266
20.73418
20.01266
20.03797
20.00000
20.83544
20.88608
22.62500
21.24051
21.00000
20.97468
20.75949
40.73750
74.35443
65.84810
61.03797
73.73418
88.92500
88.65823
90.39241
74.44304
75.24051
71.08861
61.53165
76.52500
69.55128
71.39241
62.93590
61.68354
41.16456
20.93750
23.17722
22.12658
21.36709
21.43038
21.59494
21.58228
21.56000
21.58108
21.38667
21.41096
20.84416
20.70886
22.11392
21.88608
25.81333
26.00000
25.98684
26.05263
25.65333
21.56757
21.66667
21.02597
20.91139
20.77215
21.94937
22.38667
21.37333
21.37838
21.29730
21.37838
21.41333
21.28378
21.36486
21.37333
21.03896
20.74684
21.78481
22.00000
21.25333
21.29333
21.27027
21.21622
21.18919
21.30667
21.37975
21.32911
21.24051
20.56962
21.49367
22.25000
20.94937
22.91139
68.46835
75.77215
106.35443
93.27500
97.55696
86.64557
46.68354
46.07500
50.12658
45.75949
43.74684
42.43038
42.88608
42.10127
32.18987
21.13750
21.11392
21.22785
21.16667
21.26250
21.60759
22.64557
21.01266
20.96203
21.57500
21.58228
21.62025
21.48101
21.72500
21.27848
20.88608
20.88608
21.48101
23.67500
21.43038
21.48101
21.48101
21.47500
21.21519
20.98734
20.96203
21.58228
21.50633
21.50633
21.56962
23.87500
21.48101
21.21519
20.94937
20.93671
21.39241
21.25000
21.45570
21.67089
21.72152
21.69620
21.20253
23.10127
21.10000
21.69231
21.55000
21.22785
21.43038
21.45570
21.44304
20.83544
20.89873
21.22785
21.27848
23.75949
21.53750
21.20253
21.22785
20.91139
26.27848
29.78481
29.27848
28.82500
27.96825
27.40506
26.75949
27.77500
26.02532
24.36709
24.37975
24.45570
24.03750
24.02532
23.92405
23.65823
23.34177
22.69620
22.74684
24.56962
24.21250
22.98734
22.98734
22.94937
22.93671
22.55000
22.00000
22.34177
22.89873
22.64557
22.50633
23.82278
23.87342
22.54430
21.84810
21.57500
22.16456
22.27848
22.21519
22.17722
22.20000
22.12658
22.11392
22.48101
23.13924
22.20000
22.18987
22.06329
22.12658
22.07595
22.12658
21.84810
21.51250
21.83544
22.08974
23.02532
24.13750
22.16456
22.05063
22.05063
21.55696
21.32500
21.74684
22.06329
22.08861
22.06410
22.07595
41.27848
68.75000
70.02667
68.67105
68.48684
70.42105
71.77632
69.37975
69.78481
72.60000
72.22785
70.40506
70.18987
72.17722
70.82278
72.07500
69.88608
71.88608
70.12658
72.36709
76.32000
50.07895
27.75676
27.01299
27.47368
30.43243
28.00000
25.20779
23.72152
23.47436
23.56962
24.10390
27.91139
27.31646
27.15385
26.02532
23.81013
25.73418
22.55696
24.49367
24.02532
23.70513
22.78378
22.07692
22.10000
22.81579
22.67949
22.67089
22.57500
24.89873
22.69620
22.65823
22.77215
60.15190
72.72152
71.37975
69.02564
67.58228
67.66234
66.17722
67.53165
73.58228
63.22500
21.94937
22.00000
22.00000
21.98750
22.13924
22.81013
22.55696
22.71795
22.82278
22.80769
24.87342
23.33333
22.28000
22.43421
22.43421
45.77922
58.66216
54.80769
57.06329
57.34177
52.94937
52.87500
56.08861
53.78481
51.45570
55.29114
49.79747
43.45000
43.46835
42.86076
41.37975
40.35443
41.72152
42.97500
44.91139
46.25316
42.24359
43.39241
47.20513
28.67949
22.35443
22.34615
26.65385
44.35443
42.24051
42.73418
45.20253
44.47500
44.39241
45.07595
43.84810
37.92500
38.93671
39.02532
39.00000
36.46835
38.74684
38.82278
37.86076
35.89744
32.37179
30.97436
29.24675
28.15584
27.22785
26.10127
25.59494
25.00000
23.96203
21.93750
22.77215
22.32911
21.02532
46.40506
55.28750
56.63636
56.57333
53.04000
51.73333
45.94667
44.50667
45.50000
45.19737
45.94937
74.80000
90.12000
87.63636
88.54545
73.85526
70.13924
32.43038
21.70886
21.97500
21.84615
22.59740
23.88608
22.00000
37.31169
40.86486
39.87838
41.90789
44.94937
44.37975
49.73418
45.55263
45.05405
45.44595
43.02632
40.52632
42.97368
40.48718
43.89333
44.70270
39.58108
27.01351
24.44156
22.83544
21.37662
21.56962
24.98649
22.44737
22.00000
21.93671
21.96250
21.92405
21.98734
21.91139
21.89873
21.34177
21.00000
21.08861
23.36709
21.00000
21.00000
21.00000
21.00000
21.01266
21.01266
21.00000
21.01250
21.01282
21.01266
21.02564
23.45570
21.17500
20.96774
20.85714
20.94937
20.91139
20.87342
21.00000
21.76250
21.69620
21.63291
21.00000
23.03750
21.73418
21.78481
21.69620
21.77215
21.87342
21.76250
21.83544
21.87342
21.81250
21.74684
21.54430
23.53165
22.32911
21.77215
21.76250
21.82278
21.77215
21.87342
21.96250
21.93671
21.86076
21.81013
21.78481
23.45570
22.56962
21.97500
21.94937
21.84810
21.79747
21.84810
21.78481
21.78750
21.74684
20.97468
20.98750
22.51899
21.79747
21.00000
21.49367
21.95000
21.83544
21.84810
21.81013
21.91139
21.93671
21.89873
21.92500
23.08861
22.82278
21.65823
21.00000
21.00000
21.00000
21.54430
21.87342
21.81013
21.86076
21.96203
21.89873
22.92500
22.92405
21.79747
21.91139
21.89873
21.49367
21.00000
20.98750
21.00000
21.43038
21.84810
21.64557
22.69620
23.05000
21.81013
21.68354
21.88608
21.83750
65.33766
69.67532
70.29870
71.43038
71.60759
69.83750
70.02532
59.55696
21.10667
21.35443
21.44304
21.53750
21.51899
21.51899
21.60759
21.55696
21.83544
21.83544
22.39241
22.88750
20.98734
21.00000
21.01266
21.73418
22.00000
21.96250
21.68354
21.37975
21.36709
21.68750
0.00000
0.00000
0.00000
0.00000
0.00000
0.00000
0.00000
0.00000
0.00000
0.00000
0.00000
0.00000
0.00000
54.00000
51.15000
49.91139
48.18987
46.53165
44.59494
43.24051
45.45570
45.67500
45.41772
45.41772
44.60759
47.83544
46.01266
45.82500
45.91139
45.87342
45.60759
46.02532
45.58750
45.70886
46.36709
45.67949
55.50000
85.59494
83.07595
77.06250
83.08861
79.34177
72.89873
54.14103
47.29730
47.25676
47.52000
47.77027
46.43243
45.38462
40.36709
36.80000
34.15190
32.46835
30.83544
30.45570
27.13924
23.02532
22.98750
22.96203
23.03797
24.98734
23.55696
23.07595
23.06329
23.03750
23.12658
22.74684
22.51899
22.74684
22.73418
22.95000
23.17722
25.12658
23.93671
29.45000
44.93671
46.17722
44.92405
23.01266
42.54430
79.30000
75.96203
71.70886
71.45570
75.05063
71.16456
73.16250
81.13924
72.68354
73.53165
74.07500
72.55696
72.37975
73.05000
72.60759
72.83544
75.94937
76.05063
54.12500
64.05063
47.84810
86.96203
83.37975
80.60759
79.79747
71.32911
78.67089
73.67949
67.92105
70.50649
69.03846
68.11392
71.29114
66.84810
27.85000
22.08861
22.14474
23.73418
23.75949
33.29870
68.94805
72.53165
66.20253
64.91139
70.71250
74.83544
74.03797
74.08861
74.88608
76.55696
76.36709
74.87500
49.44304
26.32911
24.16667
24.15190
23.84810
23.02532
22.93671
22.77215
22.73750
22.84810
23.25316
23.11392
23.70000
24.75949
22.98734
22.83544
22.74684
22.49351
22.63291
22.81013
22.88608
22.92405
22.82278
22.83544
23.48750
25.02532
22.70886
26.26316
27.09211
27.50000
27.40000
27.02632
26.55844
26.59740
22.20253
22.17722
22.69620
25.00000
25.56579
27.30667
27.28000
27.17105
25.48052
23.05000
22.63291
21.97468
23.82278
23.37500
22.98734
23.89873
21.08861
21.08861
21.13924
21.45000
21.96203
21.98734
22.00000
21.98734
21.94937
21.98750
21.98734
24.06329
22.20253
21.96250
21.94937
21.98734
21.97468
21.98734
21.34177
21.11392
21.12658
21.10127
21.39241
24.17722
22.31250
22.01266
22.05063
22.00000
21.96203
21.96203
22.00000
22.01250
22.01266
22.02532
22.01266
23.89873
22.43038
21.05063
21.12658
21.10127
21.11392
21.90000
21.98734
21.98734
22.00000
22.00000
22.00000
23.67089
22.67089
21.97468
22.00000
22.01250
21.98734
21.98734
22.00000
21.55000
21.01266
21.08861
21.07692
22.83750
22.86076
22.00000
22.01266
22.00000
21.93671
21.97468
21.97468
21.91139
21.92405
21.98734
22.00000
23.26250
22.94937
21.96203
56.75949
69.98701
71.09459
70.52000
70.46667
71.70270
70.84810
70.02532
72.14103
72.34177
69.84810
70.13924
67.24051
69.50633
70.97333
71.27027
70.09091
69.11538
69.52632
68.21519
25.60759
21.60759
22.23077
20.94595
20.98649
20.96000
20.98649
20.93243
20.98667
21.00000
20.05063
20.00000
20.01266
20.91139
22.48000
20.97297
20.97297
20.92000
20.93243
20.98667
21.00000
21.00000
21.01351
21.00000
21.00000
20.79487
22.22500
20.16456
20.34177
20.98649
21.00000
21.00000
21.00000
21.00000
20.97297
21.00000
21.00000
21.41892
23.05333
21.01351
20.31169
20.01250
20.00000
20.01266
20.93243
20.97333
20.98649
20.97297
20.94595
21.05405
22.89189
20.96000
20.94595
20.97297
20.97297
20.64474
19.98734
20.00000
20.00000
20.49351
20.97297
20.97297
23.13514
20.97333
20.91892
20.94595
20.96000
20.91892
20.94595
20.98667
20.90541
20.27273
20.00000
0.00000
0.00000
0.00000
0.00000
0.00000
0.00000
0.00000
0.00000
0.00000
0.00000
0.00000
0.00000
0.00000
0.00000
0.00000
0.00000
