1.42308
1.26250
1.22785
2.89610
1.70513
1.02532
1.02532
1.01266
1.02532
1.02500
1.05063
1.00000
1.00000
1.00000
1.00000
1.00000
1.01266
1.01266
1.00000
1.00000
1.00000
1.00000
1.00000
1.00000
1.00000
1.02532
1.00000
1.01250
1.00000
1.01266
1.00000
1.00000
1.01266
1.02532
1.00000
1.01266
1.00000
1.00000
1.00000
1.00000
1.04000
1.08108
1.06667
1.01370
1.02703
1.01333
1.04054
1.00000
1.05263
1.00000
1.00000
1.01282
1.00000
1.04054
1.04054
1.00000
1.03509
1.01351
1.04054
1.04054
1.02632
1.00000
1.00000
1.06410
1.04054
1.02703
1.07895
2.12821
1.69620
1.30380
1.00000
1.00000
1.02597
1.06757
1.10811
1.06757
1.12162
1.05405
1.04054
1.06410
1.05063
1.11392
1.01282
1.00000
1.00000
1.01266
1.07595
1.03750
1.03797
1.10127
1.08861
1.06329
1.11392
1.10127
1.10526
1.10127
1.18987
1.12658
1.08861
1.03797
1.00000
1.00000
1.00000
1.08861
1.06250
1.12658
1.08861
1.24051
1.05063
1.20253
1.03846
1.06410
1.75641
1.34177
1.30380
1.43038
1.17722
1.30000
1.32051
1.37975
1.08861
1.17722
1.12500
1.05063
1.02532
1.02532
1.02532
1.01250
1.03797
1.01266
1.01299
1.03896
1.02564
1.79487
1.90667
2.00000
2.00000
2.00000
2.00000
1.84000
1.11250
1.20253
1.25974
1.06250
1.83333
1.98718
2.00000
2.00000
1.56579
1.32911
1.11392
1.06329
1.85000
1.65823
1.40506
1.05063
1.02500
1.02564
1.02500
1.03797
1.00000
1.00000
1.00000
1.00000
1.00000
1.00000
2.28000
1.00000
1.01266
1.00000
1.00000
1.01266
1.01266
1.00000
1.02532
1.03797
1.01266
1.00000
1.05063
1.01266
1.02532
1.01266
1.00000
1.00000
1.00000
1.02532
1.03797
1.01266
1.00000
1.02500
1.01266
1.02532
1.02532
1.02532
1.01266
1.00000
1.00000
1.01266
1.00000
1.02532
1.00000
1.00000
1.01266
1.00000
1.01250
1.02532
1.00000
1.00000
1.01266
1.00000
1.00000
1.00000
1.00000
1.06329
1.03846
1.01266
1.00000
1.00000
1.03797
1.00000
1.00000
1.01266
1.00000
1.00000
1.01266
1.00000
1.01266
1.01266
1.01266
1.02532
1.01266
1.01250
1.01266
1.03797
1.01266
1.00000
1.00000
1.00000
1.00000
1.00000
1.01266
1.01266
1.00000
1.00000
1.01266
1.01266
1.03750
1.03797
1.00000
1.00000
1.00000
1.00000
1.00000
1.01266
1.00000
1.02532
1.00000
1.01250
1.00000
1.00000
1.00000
1.00000
1.00000
560.47436
469.59740
1.00000
1.00000
1.20253
1.13924
1.03750
1.98734
3.97468
1.08861
1.05063
1.08861
1.05000
1.08861
1.01266
1.00000
1.00000
1.02532
1.06250
1.03797
1.06329
1.02532
1.05063
1.05000
1.10127
1.11392
1.02532
1.05063
1.00000
1.00000
1.03797
1.05000
1.06329
1.03797
1.02532
1.01250
1.06329
1.11392
1.02532
1.01266
1.06250
0.98734
1.00000
1.00000
1.00000
1.02500
1.03797
1.10127
1.03797
1.03797
1.07595
1.06250
1.05063
1.12658
1.16456
1.11392
1.06250
1.00000
1.00000
1.08571
1.03797
1.05063
1.13750
1.07595
1.06329
1.05000
1.11392
1.05063
1.05063
1.01266
1.00000
1.01266
1.07595
1.06329
1.08861
1.01266
1.07500
1.05063
1.07692
1.03750
1.08861
1.02532
1.08861
1.00000
1.00000
1.00000
1.05063
1.08861
1.07595
1.08750
1.05063
1.01266
1.12658
1.11392
1.01250
1.00000
1.00000
1.01266
1.02532
1.07500
1.07595
1.06329
1.17722
1.13924
1.22785
1.15000
1.17722
1.01266
1.00000
1.00000
1.10000
1.10127
1.07595
1.06329
1.06329
1.06329
1.03797
1.13750
1.05063
1.10127
1.02532
1.03797
1.10390
1.00000
1.02532
1.08861
1.06329
1.01266
1.10127
1.03750
1.00000
1.01266
1.03797
1.01266
1.00000
1.00000
1.00000
1.00000
0.00000
0.00000
0.00000
0.00000
0.00000
0.00000
0.00000
0.00000
0.00000
0.00000
0.00000
0.00000
0.00000
0.00000
0.00000
0.00000
0.00000
0.00000
1.00000
1.00000
1.00000
1.00000
1.00000
1.02532
1.00000
1.00000
1.00000
1.00000
1.00000
1.00000
1.00000
1.00000
1.00000
1.00000
1.00000
1.00000
1.00000
0.98734
1.00000
1.00000
1.00000
1.00000
1.00000
1.01266
1.00000
1.00000
1.00000
1.02564
1.00000
1.00000
1.00000
1.00000
1.00000
1.00000
1.00000
1.00000
1.00000
1.00000
1.00000
1.00000
1.01266
1.00000
1.00000
1.00000
1.00000
1.00000
1.00000
1.02532
1.01266
1.01250
1.01266
1.02532
1.00000
1.02532
1.00000
1.02532
1.00000
1.00000
1.00000
1.01250
1.01266
1.00000
1.02532
1.00000
1.00000
1.00000
1.01266
1.00000
1.00000
1.01266
1.00000
1.00000
1.00000
1.00000
1.00000
1.00000
1.00000
1.03797
1.00000
0.98734
1.00000
1.00000
1.00000
1.00000
1.00000
1.00000
1.01266
1.01266
1.00000
1.01266
1.01266
1.00000
1.01250
1.03797
1.01266
1.01266
1.00000
1.02500
1.00000
1.00000
1.00000
1.00000
1.00000
1.00000
1.00000
1.00000
1.01250
1.01266
1.01266
1.00000
1.00000
1.00000
1.00000
1.00000
1.00000
1.01266
1.00000
1.01266
882.15789
250.15385
56.35443
1.07692
1.00000
1.00000
1.02532
1.01266
1.00000
1.01266
1.01250
1.01266
1.00000
1.00000
1.01266
1.00000
1.00000
1.00000
1.00000
1.02500
1.01266
1.01266
1.00000
1.05063
1.03797
1.01250
1.00000
1.02532
1.03797
3.78947
2.92308
1.02532
1.01316
1.02667
1.04054
1.02703
1.04000
1.01351
1.00000
1.01351
1.05333
1.00000
1.01351
0.98667
1.00000
1.00000
1.00000
1.05405
1.00000
1.04054
1.01351
1.00000
1.00000
1.01333
1.00000
1.05405
1.01316
1.00000
1.00000
1.03947
1.02703
1.02703
1.00000
1.01351
1.00000
1.00000
1.00000
1.00000
1.01333
1.04054
1.00000
1.00000
1.00000
1.00000
1.00000
1.00000
1.01351
1.00000
1.00000
1.00000
1.05333
1.04054
1.02703
1.01333
1.00000
1.00000
1.00000
1.01333
1.00000
1.01333
1.01351
1.01351
1.01333
1.02703
1.02703
1.05333
1.00000
1.02703
1.00000
1.00000
1.00000
1.01299
1.00000
1.01351
1.01351
1.02703
1.00000
1.01351
1.00000
1.00000
1.02703
1.00000
1.00000
1.00000
1.01266
1.04054
1.02703
1.02667
1.01351
1.05405
1.02703
1.02703
1.01351
1.00000
1.01351
1.01351
1.00000
1.00000
1.00000
1.02532
1.03750
1.03846
1.03750
1.00000
1.06329
1.03797
1.16456
1.05000
1.00000
1.00000
1.10127
1.10127
1.10000
1.11392
1.07595
1.12500
1.07595
1.15190
1.12658
1.10127
1.05000
1.01266
1.00000
1.00000
1.01266
1.02597
1.00000
1.00000
1.01266
1.00000
1.00000
1.00000
1.00000
1.00000
1.00000
1.00000
1.00000
1.00000
1.00000
1.00000
1.00000
1.00000
1.00000
1.00000
1.00000
1.00000
1.00000
1.00000
1.00000
1.00000
1.00000
1.00000
1.00000
1.00000
1.00000
1.00000
1.00000
1.00000
1.00000
1.00000
1.00000
1.02532
1.00000
1.00000
1.00000
1.00000
1.00000
1.01266
1.00000
1.00000
1.00000
1.01266
1.00000
1.00000
1.01266
1.01266
0.98734
1.00000
1.00000
1.00000
1.00000
1.01266
1.00000
1.00000
1.00000
1.00000
1.00000
1.00000
1.00000
1.00000
1.00000
1.01266
1.00000
1.00000
1.00000
1.00000
1.00000
1.00000
1.00000
1.00000
1.00000
1.00000
1.00000
1.00000
1.01266
1.00000
1.00000
1.00000
1.01266
1.00000
1.00000
1.00000
1.00000
1.00000
1.00000
1.00000
1.01266
1.00000
1.00000
1.00000
1.00000
1.00000
1.00000
1.01266
1.01266
1.00000
1.01250
1.00000
1.01266
1.03797
1.01266
1.02500
1.01266
1.00000
1.00000
1.00000
1.00000
1.01266
1.00000
1.01266
1.00000
1.01266
1.00000
1.01266
1.00000
1.00000
1.01266
0.98750
1.00000
1.00000
1.00000
1.02532
1.01250
1.00000
1.01266
1.02532
1.00000
1.02439
1.00000
1.01266
1.00000
3.82667
1.15190
1.00000
1.01266
1.01266
1.00000
1.00000
1.00000
1.00000
1.01266
464.42105
512.05333
1.00000
1.00000
1.00000
1.01266
1.02532
1.05063
1.12658
1.08861
1.08750
1.06329
1.01333
1.04000
1.00000
1.04054
1.00000
1.00000
1.00000
1.02632
1.06757
1.04054
1.02703
1.01333
1.02703
1.01351
1.02667
1.01351
1.01333
0.98701
1.00000
1.00000
1.00000
1.01351
1.01351
1.01333
1.05405
1.00000
1.04000
1.04054
1.09459
1.01333
1.01351
1.02632
1.00000
1.00000
1.00000
1.01333
1.04054
1.02703
1.01333
1.01351
1.02703
1.02667
1.06757
1.05405
1.02703
1.00000
1.00000
1.00000
1.00000
1.04054
1.00000
1.05333
1.02703
1.04054
1.01333
1.04054
1.01370
1.02667
1.05405
1.01299
1.00000
1.00000
1.14474
1.01316
1.02703
1.02703
1.02667
1.01351
1.09459
1.04000
1.02703
1.00000
1.05333
1.01282
1.00000
1.00000
1.01333
1.06757
1.06667
1.04054
1.05405
1.00000
1.02703
1.08108
1.05333
1.02703
1.00000
1.00000
1.00000
1.00000
1.03947
1.04054
1.04054
1.04000
1.02703
0.98684
1.01333
1.00000
1.02703
1.00000
1.00000
1.00000
1.02703
1.06757
1.02667
1.05405
1.06757
1.02703
1.04054
1.02667
1.02667
1.02703
1.06818
0.00000
0.00000
0.00000
0.00000
0.00000
0.00000
0.00000
0.00000
0.00000
0.00000
0.00000
0.00000
0.00000
0.00000
0.00000
0.00000
0.00000
0.00000
0.00000
0.00000
0.00000
0.00000
1.00000
1.02532
1.01266
1.00000
0.98734
1.22667
1.00000
1.00000
1.00000
1.00000
1.00000
1.00000
1.00000
1.00000
1.00000
1.00000
1.01250
1.00000
1.00000
1.00000
1.00000
1.00000
1.00000
1.00000
1.00000
1.00000
1.00000
1.00000
1.00000
1.00000
1.00000
1.00000
1.00000
1.00000
1.00000
1.00000
1.00000
1.00000
1.00000
1.00000
1.00000
1.00000
1.00000
1.00000
1.00000
1.00000
1.00000
1.00000
1.00000
1.00000
1.00000
1.00000
1.00000
1.01250
1.00000
1.01266
1.00000
1.00000
1.00000
1.00000
1.00000
1.00000
1.00000
1.01266
1.00000
1.00000
1.01250
1.00000
1.02532
1.00000
1.00000
1.00000
1.01266
1.00000
1.00000
1.00000
1.00000
1.01266
1.02532
1.01266
1.00000
1.01266
1.00000
1.00000
1.00000
1.01266
1.01250
1.00000
1.00000
1.01266
1.01266
1.02532
1.00000
1.00000
1.00000
1.02532
1.00000
1.00000
1.00000
1.01266
1.00000
1.00000
1.00000
1.01266
1.00000
1.00000
1.00000
1.00000
1.00000
1.00000
1.00000
1.00000
1.01250
1.00000
1.01266
1.00000
1.00000
1.00000
1.00000
1.00000
1.00000
1.00000
1.01266
1.00000
1.00000
1.00000
1.00000
1.00000
1.00000
1.00000
1.00000
1.00000
1.00000
1.00000
1.01316
1.00000
1.00000
1.00000
1.00000
1.00000
3.41772
1.84810
1.00000
1.01282
1.00000
1.00000
1.00000
1.00000
1.00000
1.00000
1.03750
1.00000
1.00000
1.02532
1.01266
1.01266
1.01266
1.01266
1.08750
1.07595
1.02532
1.11392
1.00000
1.00000
1.02532
1.02532
1.01266
1.00000
1.03797
1.01266
1.01266
152.48101
874.64935
56.30380
1.08861
1.00000
1.00000
1.00000
1.01282
1.02703
1.05333
1.02703
1.05405
1.02667
1.04054
1.04054
1.01333
1.00000
1.08108
1.02667
1.02703
1.08000
1.00000
1.00000
1.01266
1.09459
1.10811
1.08108
1.06667
1.06757
1.02703
1.05333
1.13514
1.10811
1.01282
1.00000
1.03797
1.06667
1.10811
1.05405
1.05333
1.09459
1.06757
1.06667
1.04054
1.06757
1.01333
1.05405
1.05405
1.04054
1.00000
1.00000
1.00000
1.13333
1.10811
1.08108
1.12000
1.08108
1.17568
1.08000
1.10811
1.06757
1.03896
1.01266
1.00000
1.25333
1.09459
1.17568
1.17333
3.12987
1.12162
1.12000
1.14865
1.14865
1.09333
1.17568
1.10811
1.21333
1.00000
1.00000
1.01266
1.17333
1.10811
1.21622
1.17333
1.21622
1.12162
1.16000
1.20270
1.16216
1.12000
1.02564
1.00000
1.01266
1.17333
1.14667
1.16216
1.14865
1.13514
1.14667
1.17568
1.16216
1.13333
1.09459
1.14865
1.03896
1.00000
1.00000
1.05128
1.02703
1.05405
1.12000
1.12162
1.09459
1.12000
1.06757
1.10811
1.08000
1.05405
1.05405
1.12000
1.01282
1.00000
1.00000
1.06494
1.04054
1.04054
1.05263
1.11392
1.01266
1.00000
1.03797
1.05063
0.98734
1.00000
1.00000
1.03797
1.03797
1.08861
1.05000
1.03797
1.07595
1.05063
1.02532
1.03797
1.01266
1.00000
1.00000
1.00000
1.00000
1.02532
1.01250
1.00000
1.03797
1.00000
1.01333
1.03509
1.02500
1.00000
1.02532
1.02532
1.01266
1.02532
1.00000
1.00000
1.00000
1.00000
1.01266
1.03750
1.01266
1.02532
1.02532
1.01266
1.00000
1.02532
1.01266
1.02500
1.00000
1.00000
1.01266
1.01266
1.01250
1.01266
1.02564
1.01250
1.05063
1.01266
1.02532
1.02532
1.02500
1.00000
1.00000
1.01266
1.00000
1.00000
1.01282
1.05000
1.03797
1.02532
1.02500
1.05063
1.01266
1.03797
1.01250
1.01266
1.01266
1.00000
1.00000
1.02532
1.02532
1.03797
1.06329
1.03797
1.05063
1.01250
1.01266
1.01266
1.05063
1.01266
1.01266
1.05063
1.01266
1.00000
1.00000
1.01266
1.02532
1.08861
1.02532
1.01266
1.00000
1.01266
1.03797
1.06329
1.02500
1.00000
1.00000
1.00000
1.06329
1.03797
1.01250
1.00000
1.00000
1.02532
1.00000
1.02532
1.00000
1.01250
1.01266
1.07895
1.05405
1.01282
1.00000
1.00000
1.01316
1.04054
1.01333
1.04054
1.05405
1.06667
1.02703
1.05405
1.02667
1.02703
1.00000
1.01250
1.01299
1.00000
1.00000
1.01351
1.01351
1.02667
1.02667
1.00000
1.00000
1.00000
1004.38961
205.61039
1.00000
1.00000
1.00000
1.01266
1.05063
1.01250
1.06329
1.02532
1.02532
1.06329
1.01250
1.05063
1.03797
1.01266
1.00000
1.00000
1.00000
1.06329
1.00000
1.07500
1.06329
1.06329
1.05063
1.05063
1.15190
3.41250
1.00000
1.01266
1.00000
1.00000
1.00000
1.03797
1.02532
1.08750
1.03797
1.02532
1.03797
1.06250
1.03797
1.07595
1.19231
1.13158
1.72368
2.10256
1.89744
1.93671
2.00000
2.00000
2.00000
2.00000
1.62821
1.46835
1.40000
1.08000
1.58974
2.00000
2.00000
2.00000
1.49351
1.45000
1.17722
1.32051
1.86076
1.86250
1.26582
1.10127
1.07500
1.10127
1.94872
1.51282
1.00000
1.00000
1.06329
1.36364
1.41333
1.33333
1.17722
1.48101
1.17500
1.00000
1.00000
1.00000
1.02703
1.01351
1.01333
1.00000
1.02667
1.01351
1.01351
1.00000
1.00000
1.01351
1.04054
1.00000
1.16250
1.91139
1.92405
1.98734
1.88462
1.43590
1.80769
1.58442
1.84211
1.54545
1.60526
1.05063
1.00000
1.00000
1.00000
1.00000
1.00000
1.00000
1.00000
1.00000
1.00000
1.01351
1.04054
1.00000
1.02703
1.00000
1.01351
1.01333
1.01351
1.00000
1.00000
1.00000
1.00000
1.00000
1.02703
1.00000
1.00000
1.00000
1.00000
1.00000
1.00000
1.00000
1.01351
1.01351
1.01351
1.00000
1.04054
1.04000
1.04054
1.02703
1.01351
1.00000
1.01351
1.01351
1.04000
1.01351
1.01316
1.00000
1.00000
1.00000
1.00000
1.01299
1.02703
1.01333
1.02703
1.01333
1.00000
1.02703
1.04054
1.04000
1.04054
1.00000
1.05405
1.05405
1.04000
1.02667
1.05405
0.98734
1.16250
1.05063
1.40506
1.76923
1.67532
1.75325
1.44304
1.55844
1.20253
1.25316
1.17722
1.01266
1.01250
1.00000
1.03797
1.03797
1.00000
1.01266
1.00000
1.01282
1.00000
1.00000
1.00000
1.00000
1.02532
1.00000
1.01250
1.01266
1.05063
1.02532
1.02532
1.02532
1.03797
1.01250
1.03797
1.01266
1.05063
1.05063
1.05000
1.02532
1.02532
1.00000
1.00000
1.00000
1.00000
1.06329
1.01250
1.02532
1.03797
1.03797
1.02564
1.01250
1.01282
1.03846
1.06329
1.04000
1.04348
1.00000
1.01266
1.03797
1.06329
1.00000
1.00000
1.00000
1.00000
1.02532
1.07595
1.07595
1.01266
1.03797
1.03797
1.02500
1.03797
1.02532
1.03797
1.02532
1.03797
1.02532
1.01250
1.01266
1.05063
1.06329
1.01266
1.00000
1.00000
1.00000
1.00000
1.01266
1.02532
1.00000
1.02500
1.00000
1.01250
1.02532
1.01266
1.01266
1.03797
1.01266
1.00000
1.02532
1.00000
1.01266
1.01250
1.00000
1.00000
191.10127
860.57143
41.51899
1.02532
1.00000
1.00000
1.00000
1.02532
1.02532
1.00000
1.42857
1.82432
1.77333
1.68000
1.73333
1.84000
1.69737
1.28571
1.41558
1.35526
1.45455
1.44737
1.22973
1.15789
1.16216
1.00000
1.02667
1.00000
1.05405
1.02667
1.01370
1.02703
1.00000
1.04054
1.01351
1.04054
1.06667
1.02703
1.00000
1.00000
1.00000
1.00000
1.00000
1.01266
1.03750
1.03797
1.01266
1.03797
1.02532
1.02532
1.03797
1.02500
1.02532
1.00000
1.01266
1.73418
1.85897
1036.81818
160.30769
1.50000
1.46835
1.56250
1.62025
1.40506
4.15385
5.31579
1.38750
1.15385
1.51250
1.24051
1.06329
1.13750
1.84211
1.38462
1.51899
0.70886
0.69231
0.67500
1.07692
1.41026
1.11392
1.08861
1.15190
1.16456
1.12500
1.12658
1.15190
1.06329
1.00000
1.00000
1.00000
1.15190
1.13924
1.13750
1.26582
1.31646
1.27848
1.53165
1.43038
1.27500
1.87013
1.92308
2.00000
2.00000
2.00000
2.00000
1.05063
1.00000
1.07595
1.08861
1.62025
2.00000
2.00000
1.82667
1.27500
1.16667
1.02532
1.64557
1.63291
1.62025
1.01250
1.02532
1.00000
1.01250
1.00000
1.00000
1.00000
1.00000
1.00000
1.00000
1.01266
1.01266
1.02532
1.00000
1.01266
1.00000
1.00000
1.00000
1.00000
1.00000
1.00000
1.03896
1.01266
1.00000
1.00000
1.00000
1.00000
1.00000
1.00000
1.00000
1.38462
2.10526
1.00000
1.00000
1.01282
1.00000
1.00000
1.00000
1.00000
1.00000
1.00000
1.00000
1.00000
1.00000
1.00000
1.00000
1.00000
1.00000
1.00000
1.00000
0.98750
1.00000
1.00000
1.00000
1.00000
1.00000
1.01266
1.00000
1.00000
1.00000
1.00000
1.00000
1.01250
1.00000
1.00000
1.00000
1.01266
1.01266
1.00000
1.00000
1.00000
1.00000
1.00000
1.00000
1.00000
1.00000
1.00000
1.00000
1.00000
1.01266
1.02532
1.02532
1.01266
1.02500
1.00000
1.03797
1.01266
1.00000
1.01266
1.02532
1.00000
1.00000
1.00000
1.00000
1.00000
1.01266
1.01250
1.00000
1.01266
1.01266
1.02532
1.00000
1.01266
1.01266
1.02532
1.00000
1.01266
1.00000
1.01266
0.98750
1.00000
1.00000
1.00000
1.02532
1.03797
1.01266
1.00000
1.02500
1.01266
1.02532
1.02532
1.02532
1.01266
1.00000
1.01266
1.01266
1.01250
1.03797
1.00000
1.00000
1.00000
1.00000
1.00000
1.01266
1.01266
1.01250
0.98734
1.00000
1.00000
1.00000
1.00000
1.00000
1.00000
1.00000
1.00000
1.00000
1.01266
1.00000
1.02532
1.06329
3.84211
1.01266
1.01266
1.01266
1.01266
1.00000
1.00000
1.00000
1.00000
14.51899
984.21795
15.20000
1.07895
1.00000
1.00000
1.00000
1.00000
1.00000
1.00000
2.88312
1.07595
1.03797
1.00000
1.00000
1.00000
1.01250
1.01351
1.00000
1.00000
1.02667
1.00000
1.00000
1.02667
1.01351
1.01333
1.00000
1.01351
1.01351
1.00000
1.01351
1.02667
1.00000
1.01351
1.00000
1.00000
1.00000
1.00000
1.00000
1.00000
1.01351
1.01333
1.02703
1.00000
1.01333
1.01351
1.02703
1.04000
1.01351
1.05405
1.00000
1.02703
1.01351
1.01316
1.00000
1.00000
1.00000
1.00000
1.01299
1.00000
1.04054
1.01351
1.01316
1.04000
1.01351
1.01333
1.02703
1.01351
1.02667
1.01351
1.00000
1.01333
1.00000
1.00000
1.00000
1.00000
1.01299
1.00000
1.00000
1.00000
1.00000
1.00000
1.00000
1.04054
1.00000
1.01351
1.00000
1.00000
1.00000
1.01266
1.00000
1.04054
1.01351
1.00000
1.00000
1.01351
1.02667
1.05405
1.00000
1.01351
1.00000
1.00000
1.00000
1.00000
1.00000
1.02703
1.00000
1.04054
1.00000
1.02703
1.00000
1.02667
1.01351
1.01351
1.01333
1.00000
0.98734
1.00000
1.00000
1.00000
1.11392
1.11250
1.05063
1.11392
1.08861
1.15000
1.06329
1.12658
1.06329
1.07595
1.11250
1.10127
1.06329
1.16456
1.08861
1.16250
1.13924
1.12658
1.11392
1.08861
1.00000
1.00000
1.02564
1.07792
1.03896
1.02532
1.00000
1.00000
1.00000
1.01266
1.00000
1.01266
1.00000
1.00000
1.00000
1.01266
1.00000
1.02532
1.00000
1.00000
1.01316
1.03947
1.06329
1.63158
1.94667
1.92000
2.00000
2.00000
2.00000
1.97333
1.17722
1.10127
1.07595
1.03797
1.69737
2.00000
2.00000
2.00000
1.35897
1.01266
1.13750
1.17722
1.79747
1.60759
1.32500
1.01282
1.01250
1.01266
1.01266
1.00000
1.01266
1.00000
1.00000
1.00000
1.00000
1.00000
1.00000
1.02532
1.00000
1.02532
1.00000
1.00000
1.01266
1.01250
1.01266
1.00000
1.00000
1.00000
1.00000
1.00000
1.00000
1.02500
1.00000
1.00000
1.00000
1.00000
1.01266
1.00000
1.01250
1.00000
1.00000
1.00000
1.01266
1.00000
1.01266
1.01250
1.00000
1.00000
1.00000
1.01266
1.00000
1.00000
1.00000
1.00000
1.02500
1.02532
1.00000
1.02532
1.00000
1.01266
1.00000
1.00000
1.00000
1.01266
1.01266
1.00000
1.01250
1.05063
1.00000
1.00000
1.00000
1.00000
1.00000
1.01266
1.03797
1.01266
1.00000
1.00000
1.01250
1.01266
1.02532
1.01266
1.00000
1.00000
1.01250
1.02532
1.00000
1.00000
1.00000
1.00000
1.01266
1.05000
1.00000
1.00000
1.00000
1.00000
1.00000
1.01266
1.00000
1.00000
1.01266
1.00000
1.00000
0.98750
1.00000
1.00000
1.00000
1.00000
1.00000
1.00000
1.00000
1.09211
1.96053
1.18182
0.98718
1.00000
1.00000
1.02500
354.46154
712.55263
55.41772
3.93671
1.92405
1.00000
1.00000
1.00000
1.10256
1.00000
1.01351
1.00000
1.00000
1.05333
1.02703
1.00000
1.02667
1.02703
1.01333
1.00000
1.00000
1.00000
1.00000
1.00000
1.03846
1.05063
1.03797
1.05063
1.07692
1.14474
1.00000
1.00000
1.59494
1.93506
1.28205
1.03750
1.69231
2.00000
2.00000
1.17500
1.24051
1.02532
1.22785
1.11392
1.07595
1.11392
1.55696
1.47436
1.02703
1.00000
1.00000
1.01333
1.02703
1.01351
1.01333
1.00000
1.04000
1.00000
1.02703
1.00000
1.00000
1.00000
1.01351
1.01351
1.01333
1.00000
1.00000
1.00000
1.00000
1.00000
1.02597
1.04054
1.04054
1.04000
1.02703
1.01351
1.00000
1.01351
1.02667
1.00000
1.00000
1.00000
1.00000
1.09459
1.09459
1.04000
1.02703
1.04054
1.06667
1.00000
1.02667
1.06757
1.08108
1.06757
1.10667
1.05405
1.05405
1.08108
1.00000
1.02703
1.08108
1.09459
1.01282
1.00000
1.00000
1.00000
1.00000
1.02597
1.10811
1.04000
1.01351
1.01351
1.04000
1.05405
1.04054
1.04000
1.01351
1.01316
1.00000
1.00000
1.00000
1.00000
1.01333
1.05405
1.06667
1.01282
1.00000
1.00000
1.00000
1.00000
1.00000
1.00000
1.00000
1.00000
1.03797
1.02532
1.03797
1.01266
1.02500
1.01266
1.02532
1.00000
1.00000
1.01266
1.01266
1.00000
1.01266
1.00000
1.00000
1.00000
1.00000
1.00000
1.01266
1.01266
1.01266
1.03750
1.02532
1.00000
1.02532
1.00000
1.00000
1.02532
1.03797
1.01266
1.03750
1.00000
1.02532
1.00000
0.98734
1.00000
1.00000
1.00000
1.00000
1.00000
1.00000
1.00000
1.01266
1.00000
1.00000
1.00000
1.01266
1.00000
1.00000
1.00000
1.00000
1.00000
1.01266
1.02532
1.00000
1.00000
1.00000
1.00000
1.00000
1.00000
1.00000
1.02532
1.01250
1.05128
1.02500
1.02532
1.02532
1.01266
1.06329
1.02532
1.00000
1.00000
1.03797
1.06329
1.00000
1.02500
1.02532
1.00000
1.00000
1.00000
1.00000
1.01250
1.02532
1.02532
1.02532
1.06250
1.01266
1.03846
1.02500
1.06329
1.01266
1.04918
1.02532
1.03797
1.02532
1.01266
1.01266
1.00000
1.00000
1.00000
1.00000
1.00000
1.01266
1.03797
1.02500
1.02532
1.01266
1.02532
1.02532
1.02532
1.05000
1.00000
1.00000
1.00000
1.02532
1.01250
1.01266
1.08861
1.00000
1.00000
1.00000
1.00000
1.00000
1.00000
1.00000
1.01250
1.01266
1.01266
1.01266
1.01250
1.00000
1.03797
1.00000
1.01266
1.00000
1.00000
1.00000
3.63158
1.86076
1.00000
1.00000
1.00000
1.00000
1.01266
1.05063
1.01266
416.88608
764.05263
28.22785
1.00000
1.00000
1.01266
1.00000
1.00000
1.01266
1.00000
1.00000
1.00000
1.00000
1.00000
1.00000
2.43038
1.06494
1.06757
1.01333
1.08108
1.05405
1.04000
1.02703
1.02703
1.01333
1.04054
1.04054
1.01333
1.02703
1.05405
1.04000
1.04054
1.01316
1.00000
1.00000
1.00000
1.00000
1.05263
1.00000
1.01351
1.04000
1.04054
1.04054
1.02667
1.01351
1.01333
1.02703
1.02703
1.00000
1.02667
1.00000
1.01351
1.01333
1.00000
1.00000
1.00000
1.00000
1.02597
1.02667
1.00000
1.01351
1.02667
1.02703
1.01351
1.02667
1.02703
1.00000
1.05333
1.01351
1.02667
1.01351
1.02703
1.00000
1.00000
1.00000
1.00000
1.00000
1.00000
1.03896
1.00000
1.01351
1.01333
1.00000
1.04054
1.02667
1.01333
1.04054
1.02703
1.02703
1.02703
1.04000
1.01351
1.01351
1.08000
1.00000
1.00000
1.00000
1.00000
1.00000
1.00000
1.06757
1.06757
1.00000
1.06757
1.01351
1.00000
1.01351
1.01351
1.05333
1.00000
1.01351
1.02667
1.00000
1.00000
1.03947
1.00000
1.00000
1.00000
1.00000
1.01299
1.02667
1.01351
1.01333
1.01351
1.05405
1.01351
1.04000
1.00000
1.07895
1.06329
1.02500
1.00000
1.00000
1.00000
1.00000
1.05063
1.07595
1.05000
1.02532
1.00000
1.00000
1.00000
1.02532
1.01266
1.03797
1.01266
1.01266
1.00000
1.01266
1.00000
1.01266
1.00000
1.00000
1.01250
1.00000
1.00000
1.00000
1.00000
1.01250
1.02532
1.00000
1.01266
1.01266
1.01250
1.01266
1.00000
1.00000
1.00000
1.00000
1.00000
1.00000
1.01266
1.00000
1.00000
1.00000
1.00000
1.00000
1.00000
1.00000
1.00000
1.00000
1.01250
1.00000
1.01266
1.00000
1.00000
1.00000
1.02532
1.01250
1.00000
1.01266
1.02532
1.01266
1.00000
1.00000
1.00000
1.00000
1.00000
1.01266
1.00000
1.03797
1.01266
1.00000
1.01266
1.00000
1.01266
1.00000
1.00000
1.01266
1.00000
1.01266
1.00000
1.02532
1.00000
1.00000
1.00000
1.00000
1.01266
1.01266
1.00000
1.01250
1.03797
1.00000
1.03797
1.02532
1.05000
1.01266
1.02532
1.00000
1.00000
1.03797
1.01266
1.00000
1.00000
1.00000
1.00000
1.00000
1.02500
1.00000
1.00000
1.01250
1.00000
1.00000
1.01266
1.01266
1.01266
1.01266
1.00000
1.00000
1.01266
1.02532
1.00000
1.00000
1.00000
1.00000
1.00000
1.00000
1.00000
1.01250
1.01266
1.00000
1.00000
1.00000
1.01250
1.00000
1.00000
1.01266
1.00000
1.00000
1.00000
1.00000
1.00000
1.00000
1.00000
1.00000
1.01282
1.00000
1.00000
1.01266
1.00000
943.77632
83.03797
1.01266
1.00000
1.00000
1.00000
1.00000
1.03797
2.71429
3.12987
1.00000
1.01266
1.03750
1.03846
1.05000
1.03797
1.02667
1.02703
1.00000
1.00000
1.00000
1.00000
1.02667
1.00000
1.00000
1.00000
1.00000
1.00000
1.00000
1.00000
1.00000
1.01351
1.02667
1.01351
1.01282
1.00000
1.00000
1.00000
1.00000
1.00000
1.00000
1.00000
1.02564
1.01333
1.04054
1.00000
1.01351
1.01333
1.00000
1.02667
1.05405
1.00000
1.02703
1.01333
1.00000
1.02703
1.00000
1.00000
1.00000
1.00000
1.00000
1.01299
1.01351
1.02703
1.02703
1.00000
1.00000
1.02703
1.00000
1.01351
1.00000
1.01333
1.00000
1.02703
1.00000
1.00000
1.00000
1.00000
1.00000
1.02632
1.00000
1.01351
1.01351
1.00000
1.04054
1.00000
1.01333
1.00000
1.01351
1.01333
1.02703
1.01351
1.02667
1.00000
1.00000
1.00000
1.00000
1.02564
1.01351
1.02703
1.01351
1.02703
1.01351
1.01351
1.05405
1.02703
1.02703
1.02667
1.04054
1.02703
1.01333
1.01316
1.00000
1.00000
1.00000
1.00000
1.05405
1.04000
1.05405
1.01351
1.00000
1.01351
1.02703
1.00000
1.02703
1.02703
1.00000
1.00000
1.02703
1.00000
1.00000
1.00000
1.00000
1.01282
1.00000
1.02667
1.02703
1.08108
1.01333
1.08108
1.01351
1.02667
1.00000
1.00000
1.09091
1.11392
1.00000
1.00000
1.00000
1.00000
1.00000
1.27848
1.15385
1.16456
1.10127
1.13924
1.10127
1.15385
1.10127
1.10000
1.07595
1.37179
1.88312
1.00000
1.00000
1.00000
1.01266
1.02597
1.00000
1.00000
1.00000
1.00000
1.00000
1.00000
1.00000
1.00000
1.00000
1.00000
1.00000
1.00000
1.01266
1.01266
1.01250
1.00000
1.03797
1.01250
1.03797
1.05063
1.01266
1.06329
1.02532
1.02532
1.06329
1.06329
1.01250
1.05063
1.01266
2.14667
1.40541
1.00000
1.00000
1.00000
1.06329
1.02532
1.02500
1.05128
1.05000
1.00000
1.00000
1.00000
1.03750
1.00000
1.05063
1.01266
1.00000
1.00000
1.00000
1.01266
1.00000
1.03750
1.03797
1.02532
1.02532
1.00000
1.01266
1.05000
1.00000
1.01266
1.00000
1.01266
1.02532
1.00000
1.00000
1.00000
1.00000
1.00000
1.03750
1.00000
1.03797
1.01266
1.00000
1.06329
1.02532
1.01250
1.02532
1.02532
1.03797
1.01266
1.00000
1.00000
1.00000
1.00000
1.03797
1.03750
1.05063
1.02532
1.03797
1.05063
1.02532
1.00000
1.05000
1.01266
1.02564
1.01250
1.02532
1.03797
1.00000
1.00000
1.00000
1.00000
1.00000
1.05063
1.01266
1.00000
1.01266
1.03797
1.06329
1.01266
1.02532
1.03750
1.02532
1.02532
1.01266
1.03797
757.15584
345.46154
1.05333
1.06494
1.02500
1.06329
1.05063
1.05063
1.03797
1.03797
1.07500
1.07595
1.01266
1.00000
1.00000
1.01266
1.00000
1.01266
1.00000
1.00000
1.00000
1.03797
3.65000
1.55696
1.03896
1.00000
1.00000
1.01266
1.00000
1.02532
1.01266
1.00000
1.00000
1.00000
1.01266
1.07595
1.03750
1.03797
1.02532
1.03797
1.01266
1.05263
1.05405
1.04000
1.05405
1.02703
1.02703
1.01282
1.00000
1.00000
1.00000
1.01333
1.01333
1.02703
1.01351
1.01333
1.00000
1.01351
1.02703
1.00000
1.01351
1.01333
1.00000
1.00000
1.00000
1.00000
1.02632
1.06667
1.02703
1.06757
1.01333
1.04054
1.02703
1.01333
1.02703
1.09333
1.00000
1.00000
1.00000
1.00000
1.00000
1.00000
1.02667
1.02703
1.05333
1.02703
1.02703
1.06667
1.05405
1.06757
1.02667
1.09459
1.02703
1.01266
1.00000
1.00000
1.00000
1.06757
1.04054
1.04000
1.06757
1.06757
1.04000
1.05405
1.06849
1.02667
1.04054
1.01333
1.00000
1.00000
1.00000
1.01282
1.02703
1.04054
1.01351
1.02703
1.05333
1.09459
1.05405
1.05333
1.05405
1.02703
1.05333
1.01282
1.00000
1.00000
1.00000
1.06757
1.01333
1.02703
1.12162
1.06667
1.02703
1.05405
1.02667
1.02703
1.00000
1.00000
1.01316
1.05128
1.00000
1.00000
1.00000
1.02532
1.03750
1.03797
1.05063
1.06329
1.02532
1.07595
1.06250
1.10127
1.12658
1.08861
1.07595
1.06329
1.00000
1.00000
1.00000
1.06329
1.15000
1.08861
1.10127
1.01299
1.06329
1.02532
1.03797
1.08750
1.08861
1.05063
1.07595
1.01250
1.00000
1.00000
1.00000
1.00000
1.00000
1.00000
1.00000
1.01282
1.00000
1.01266
1.00000
1.00000
1.00000
1.00000
1.00000
1.00000
1.00000
1.01266
1.01250
1.00000
1.00000
1.00000
1.00000
1.00000
1.01250
1.00000
1.00000
1.01266
1.01266
1.06061
1.00000
1.00000
1.00000
1.00000
1.52564
1.93333
1.96000
2.00000
2.00000
2.00000
2.00000
1.18987
1.18987
1.12658
1.11392
1.53846
2.00000
2.00000
2.00000
1.32911
1.00000
1.01266
1.18987
1.84810
1.68354
1.32911
1.01266
1.02532
1.01266
1.00000
1.02500
1.01266
1.00000
1.00000
1.00000
1.00000
1.00000
1.00000
1.00000
1.02500
1.02532
1.03797
1.03797
1.02532
1.01266
1.00000
1.02500
1.00000
1.00000
1.03797
1.01266
1.01266
1.02532
1.00000
1.00000
1.00000
1.00000
1.03797
1.02532
1.01250
1.07595
1.03797
1.05063
1.03797
1.01250
1.06329
1.01266
1.00000
1.05063
1.02532
1.01266
1.00000
1.00000
1.00000
1.02532
1.05000
1.02532
1.06329
1.00000
1.03797
1.05063
1.02532
1.00000
1.01250
1.00000
1.03797
1.00000
1.01266
1.00000
1.00000
1.00000
1.00000
1.00000
1.00000
1.00000
1.03896
1.07595
1.05063
514.97403
572.09211
1.00000
1.00000
1.00000
1.01266
1.07595
1.07595
1.06250
1.12821
1.07500
1.03797
1.02532
1.03750
1.00000
1.00000
1.00000
1.00000
1.08861
1.06329
1.01266
1.03797
1.00000
1.00000
1.00000
1.00000
1.00000
1.00000
1.04054
1.02703
1.01333
1.00000
1.40506
4.05063
1.02597
1.02667
1.00000
1.01351
1.00000
1.00000
1.00000
1.00000
1.00000
1.00000
1.00000
1.01351
904.40000
148.67089
1.18182
1.25333
1.41250
1.15190
1.22785
1.11392
1.03797
1.06329
1.05063
1.05000
1.00000
1.00000
1.00000
1.00000
1.72152
2.25641
2.17949
1.91139
1.07595
1.02532
2.26250
1.67949
1.54430
1.34615
1.41026
1.47436
1.25316
1.21519
1.26582
1.45455
1.90789
1.94872
1.94805
1.96154
1.90909
1.93590
1.67949
1.53846
1.65823
1.63636
1.66667
1.46667
1.68000
1.41333
1.44156
1.15190
1.15000
1.20253
1.08861
1.31646
1.26923
1.30380
1.46154
1.42857
1.34615
1.18750
1.15190
1.00000
1.00000
1.01266
1.01250
1.05063
1.00000
1.00000
1.00000
1.00000
1.15385
1.46835
1.18987
1.24051
1.32500
1.00000
1.03947
1.05405
1.01333
1.01351
1.00000
1.01333
1.05405
1.01299
1.00000
1.00000
1.00000
1.00000
1.02703
1.04000
1.02703
1.01333
1.03797
1.00000
1.00000
1.01250
1.02532
1.02532
1.05195
1.00000
1.00000
1.00000
1.01266
1.02500
1.00000
1.00000
1.00000
1.00000
1.00000
1.01266
1.01266
1.01250
1.00000
1.00000
1.00000
1.00000
1.00000
1.00000
1.00000
1.02532
1.05000
1.01266
1.02532
1.05063
1.01266
1.03797
1.05063
1.01266
1.02500
1.01266
1.02532
1.00000
1.00000
1.00000
1.02532
1.10127
1.05063
1.08861
1.10127
1.18987
1.06250
1.08861
1.74026
1.87838
2.00000
2.00000
2.00000
2.00000
1.56579
1.17105
1.23750
1.27848
1.18987
2.00000
2.00000
2.00000
1.74667
1.18987
1.17500
1.01266
1.74684
1.62025
1.12658
1.00000
1.00000
1.00000
1.00000
1.03797
1.05063
1.01250
1.03797
1.03797
1.03797
1.02532
1.02532
1.00000
1.03797
1.05063
1.00000
1.00000
1.00000
1.02564
1.05063
1.05000
1.06329
1.01266
1.02532
1.00000
1.03750
1.05063
1.06329
1.03797
1.03797
1.00000
1.00000
1.00000
1.00000
1.01266
1.03750
1.07595
1.03846
1.08750
1.02532
1.03797
1.01266
1.05063
1.01250
1.07595
1.03797
1.00000
1.00000
1.00000
1.03797
1.02532
1.05063
1.01250
1.05063
1.02532
1.08750
1.02532
1.03797
1.05063
1.05063
1.08861
1.05063
1.00000
1.00000
1.01250
1.13514
1.15789
1.00000
1.01250
1.00000
894.17105
271.76623
1.18919
3.58442
1.00000
1.11392
2.40000
2.58228
1.29114
1.21519
1.17722
1.17722
1.17722
1.12500
1.17722
1.11392
1.11392
1.07595
1.00000
1.00000
1.00000
1.07595
1.21519
1.21519
1.16250
1.13924
1.16456
1.10127
1.05063
1.00000
1.00000
1.10127
1.11392
1.15190
1.08861
1.05063
1.10000
1.10127
1.02564
1.00000
1.01429
1.06250
1.02532
1.03797
1.02532
1.00000
1.00000
1.00000
1.00000
1.01266
1.00000
1.02532
1.01282
1.01351
1.05263
1.00000
1.00000
1.00000
1.00000
1.00000
1.01299
1.06757
1.02703
1.02632
1.00000
1.00000
1.00000
1.00000
1.00000
1.00000
1.00000
1.05405
1.08000
1.05195
1.05405
1.10811
1.04000
1.05405
1.01351
1.01282
1.00000
1.00000
1.00000
1.05263
1.02667
866.57143
157.27273
1.14865
1.14667
1.10811
1.10811
1.06579
1.00000
1.01266
1.01250
1.16000
1.14865
1.05333
1.10811
1.17568
1.10667
1.16216
1.12162
1.10667
1.04054
1.08108
1.09333
1.02703
1.00000
1.00000
1.00000
1.00000
1.04000
1.08108
1.02703
1.13514
1.05333
1.10811
1.13514
1.13333
1.02703
1.10811
1.02564
1.23077
1.92308
1.62821
1.98701
1.60759
1.63291
1.30380
1.21519
1.29114
1.17722
1.27500
1.17722
1.22785
1.63636
1.57692
1.35443
1.72727
1.50000
1.65385
1.64474
2.18750
2.43038
1.91139
1.93506
1.30380
1.01266
1.00000
1.00000
1.02532
1.01266
1.01266
1.03797
1.02500
1.01266
1.00000
1.00000
1.00000
1.00000
1.00000
1.01266
1.01266
1.01250
1.02532
1.00000
1.00000
1.00000
1.01266
1.00000
1.03797
1.00000
1.00000
1.00000
1.00000
1.00000
1.00000
1.00000
1.00000
1.01266
1.02532
1.02532
1.00000
1.06329
1.02532
1.01250
1.00000
1.01266
1.11392
1.05063
1.06250
1.00000
1.00000
1.21519
1.00000
1.01250
1.02532
1.02532
1.02532
1.00000
1.01266
1.02532
1.01266
1.02532
1.02532
1.03750
1.02532
1.01266
1.02532
1.00000
1.00000
1.00000
1.01266
1.01266
1.03750
1.01266
1.05063
1.00000
1.00000
1.06329
1.01266
1.03797
1.01250
1.02532
1.02532
1.06329
0.98750
1.00000
1.00000
1.00000
1.01266
1.03797
1.00000
1.01266
1.03797
1.06329
1.05000
1.02532
1.01266
1.02532
1.02532
1.03750
1.01266
1.02532
1.00000
1.00000
1.00000
1.02500
1.03797
1.01266
1.02532
1.03797
1.00000
1.11250
1.01266
1.01266
1.03797
1.00000
1.05063
1.01250
1.03797
1.01266
1.07595
1.00000
1.00000
1.00000
1.02532
1.00000
1.00000
1.02532
1.00000
1.02532
1.00000
1.02532
1.00000
1.00000
1.02532
1.03750
1.01266
1.03797
1.01266
1.00000
1.01266
1.00000
1.01266
1.01266
1.01266
1.01266
1.00000
1.00000
1.00000
1.00000
1.00000
1.01266
1.01316
1.00000
139.20513
958.71622
28.43038
4.23077
1.60759
1.11250
1.11392
1.06579
1.02703
1.02667
1.00000
1.00000
1.00000
1.02667
1.05405
1.06667
1.02703
1.05405
1.02667
1.05405
1.08108
1.08000
1.12162
1.04054
1.12000
1.13514
1.08108
1.01351
1.08108
1.06757
1.00000
1.00000
1.00000
1.01282
1.05333
1.04054
1.02667
1.05405
1.05405
1.04000
1.10811
1.00000
1.00000
1.00000
1.02703
1.05405
1.02703
1.01351
1.04054
1.05333
1.01351
1.02703
1.02667
1.00000
1.00000
1.01333
1.01351
1.01351
1.01333
1.04054
1.00000
1.02597
1.00000
1.00000
1.00000
1.02632
1.05405
1.05333
1.06757
1.01351
1.08000
1.05405
1.00000
1.01299
1.00000
1.00000
1.00000
1.09459
1.05405
1.04000
1.02703
1.05405
1.01333
1.01351
1.04054
1.05333
1.04054
1.04054
1.06667
1.04054
1.04054
1.10667
1.09459
1.02564
1.00000
1.00000
1.00000
1.06667
1.08000
1.14865
1.02703
1.04000
1.05405
1.09459
1.02703
1.04054
1.02564
1.00000
1.00000
1.01282
1.05405
1.04054
1.08108
1.01333
1.04054
1.00000
1.02703
1.01351
1.04762
1.07576
1.00000
1.04000
1.05405
1.05405
1.06667
1.05333
1.00000
1.00000
1.00000
1.00000
1.10667
1.05405
1.04054
1.02667
1.05405
1.04054
1.01333
1.04054
1.01351
1.04000
1.04054
1.01351
1.00000
1.00000
1.00000
1.00000
1.01351
1.02703
1.04054
1.01333
1.01351
1.00000
1.00000
1.00000
1.01351
1.02597
1.01266
1.03797
1.00000
1.02532
1.01282
1.00000
1.00000
1.00000
1.00000
1.01282
1.00000
1.02564
1.00000
1.01282
1.00000
1.02532
1.01282
1.00000
1.00000
1.02532
1.01282
1.01282
1.00000
1.00000
1.00000
1.00000
1.01266
1.01266
1.02597
1.01266
1.03846
1.02597
1.00000
1.00000
1.01266
1.01282
1.01266
1.01282
1.02532
1.00000
1.00000
1.00000
1.00000
1.00000
1.02564
1.01282
1.01282
1.01282
1.01282
1.03797
1.03846
1.02564
1.03797
1.01282
1.01266
1.00000
1.02564
1.02564
1.00000
1.00000
1.00000
1.00000
1.01282
1.06329
1.00000
1.02564
1.01282
1.02532
1.02564
1.02597
1.03797
1.05128
1.05128
1.02532
1.00000
1.00000
1.00000
1.05063
1.05128
1.02597
1.00000
1.02532
1.07595
1.05128
1.01266
1.01282
1.01282
1.05128
1.01266
1.00000
1.03797
1.01266
1.02564
1.00000
1.00000
1.00000
1.00000
1.00000
1.00000
1.02532
1.05128
1.02564
1.02564
1.00000
1.00000
1.00000
1.00000
1.00000
1.00000
1.00000
1.09091
1027.94737
43.51899
1.15385
1.05128
1.06329
1.16667
1.05195
1.06329
1.16667
1.15385
1.07595
1.00000
1.00000
1.00000
1.01266
1.07692
1.06329
1.03846
1.08974
1.07692
1.15385
1.12658
1.07692
2.97368
1.89474
1.17722
1.96154
1.84810
1.98734
2.00000
2.00000
2.00000
2.00000
1.30380
1.16456
1.13924
1.13750
1.15190
1.18987
1.92405
2.00000
1.10000
1.02532
1.02532
1.39241
1.80000
1.72152
1.56962
1.78481
1.48101
1.01266
1.02564
1.01299
1.02532
1.00000
1.00000
1.00000
1.00000
1.00000
1.00000
1.00000
1.01282
1.00000
1.00000
1.02564
1.03846
1.00000
1.01282
1.01282
1.01282
1.00000
1.00000
1.00000
1.00000
1.00000
1.00000
1.00000
1.00000
1.01266
1.00000
1.01299
1.00000
1.00000
1.00000
1.00000
1.00000
1.01266
1.00000
1.00000
1.00000
1.01266
1.00000
1.01282
1.01282
1.02532
1.00000
1.00000
1.00000
1.00000
1.03896
1.01266
1.00000
1.00000
1.00000
1.00000
1.02532
1.01282
1.00000
1.01266
1.01282
1.00000
1.01266
1.00000
1.01282
1.00000
1.00000
1.01282
1.00000
1.00000
1.00000
1.00000
1.02532
1.01282
1.00000
1.01266
1.01282
1.01282
1.03846
1.01266
1.02564
1.05128
1.01282
1.02532
1.00000
1.00000
1.00000
1.00000
1.02564
1.00000
1.01282
1.01299
1.01299
1.02564
1.00000
1.00000
1.12500
0.00000
0.00000
0.00000
0.00000
0.00000
0.00000
0.00000
0.00000
0.00000
0.00000
0.00000
0.00000
0.00000
0.00000
0.00000
0.00000
0.00000
0.00000
0.00000
0.00000
0.00000
0.00000
0.00000
0.00000
0.00000
0.00000
0.00000
0.00000
0.00000
0.00000
0.00000
0.00000
0.00000
0.00000
0.00000
0.00000
0.00000
0.00000
0.00000
0.00000
0.00000
0.00000
0.00000
0.00000
0.00000
0.00000
0.00000
0.00000
0.00000
0.00000
0.00000
0.00000
0.00000
0.00000
0.00000
0.00000
0.00000
0.00000
0.00000
0.00000
0.00000
0.00000
0.00000
0.00000
0.00000
0.00000
0.00000
0.00000
0.00000
0.00000
0.00000
0.00000
0.00000
0.00000
0.00000
0.00000
0.00000
0.00000
0.00000
0.00000
0.00000
0.00000
0.00000
0.00000
0.00000
0.00000
0.00000
0.00000
0.00000
0.00000
0.00000
0.00000
0.00000
0.00000
0.00000
0.00000
0.00000
0.00000
0.00000
0.00000
0.00000
0.00000
0.00000
0.00000
0.00000
0.00000
0.00000
0.00000
0.00000
0.00000
0.00000
0.00000
0.00000
0.00000
0.00000
0.00000
0.00000
0.00000
0.00000
0.00000
0.00000
0.00000
0.00000
0.00000
0.00000
0.00000
0.00000
0.00000
0.00000
0.00000
0.00000
0.00000
0.00000
0.00000
0.00000
0.00000
0.00000
0.00000
0.00000
0.00000
0.00000
0.00000
0.00000
0.00000
0.00000
0.00000
0.00000
0.00000
0.00000
0.00000
0.00000
0.00000
0.00000
0.00000
0.00000
0.00000
0.00000
0.00000
0.00000
0.00000
0.00000
0.00000
0.00000
0.00000
0.00000
0.00000
0.00000
0.00000
0.00000
0.00000
0.00000
0.00000
0.00000
0.00000
0.00000
0.00000
0.00000
0.00000
0.00000
0.00000
0.00000
0.00000
0.00000
0.00000
0.00000
0.00000
0.00000
0.00000
0.00000
0.00000
0.00000
0.00000
0.00000
0.00000
0.00000
0.00000
0.00000
0.00000
0.00000
0.00000
0.00000
0.00000
0.00000
0.00000
0.00000
0.00000
0.00000
0.00000
0.00000
0.00000
0.00000
0.00000
0.00000
0.00000
0.00000
0.00000
0.00000
0.00000
0.00000
0.00000
0.00000
0.00000
0.00000
0.00000
0.00000
0.00000
0.00000
0.00000
0.00000
0.00000
0.00000
0.00000
0.00000
0.00000
0.00000
0.00000
0.00000
0.00000
0.00000
0.00000
0.00000
0.00000
0.00000
0.00000
0.00000
0.00000
0.00000
0.00000
0.00000
0.00000
0.00000
0.00000
0.00000
0.00000
0.00000
0.00000
0.00000
0.00000
0.00000
0.00000
0.00000
0.00000
0.00000
0.00000
0.00000
0.00000
0.00000
0.00000
0.00000
0.00000
0.00000
0.00000
0.00000
0.00000
0.00000
0.00000
0.00000
0.00000
0.00000
0.00000
0.00000
0.00000
0.00000
0.00000
0.00000
0.00000
0.00000
0.00000
0.00000
0.00000
0.00000
0.00000
0.00000
0.00000
0.00000
0.00000
0.00000
0.00000
0.00000
0.00000
0.00000
0.00000
0.00000
0.00000
0.00000
0.00000
0.00000
0.00000
0.00000
0.00000
0.00000
0.00000
0.00000
0.00000
0.00000
0.00000
0.00000
0.00000
0.00000
0.00000
0.00000
0.00000
0.00000
0.00000
0.00000
0.00000
0.00000
0.00000
0.00000
0.00000
0.00000
0.00000
0.00000
0.00000
0.00000
0.00000
0.00000
0.00000
0.00000
0.00000
0.00000
0.00000
0.00000
0.00000
0.00000
0.00000
0.00000
0.00000
0.00000
0.00000
0.00000
0.00000
0.00000
0.00000
0.00000
0.00000
0.00000
0.00000
0.00000
0.00000
0.00000
0.00000
0.00000
0.00000
0.00000
0.00000
0.00000
0.00000
0.00000
0.00000
0.00000
0.00000
0.00000
0.00000
0.00000
0.00000
0.00000
0.00000
0.00000
0.00000
0.00000
0.00000
0.00000
0.00000
0.00000
0.00000
0.00000
0.00000
0.00000
0.00000
0.00000
0.00000
0.00000
0.00000
0.00000
0.00000
0.00000
0.00000
0.00000
0.00000
0.00000
0.00000
0.00000
0.00000
0.00000
0.00000
0.00000
0.00000
0.00000
0.00000
0.00000
0.00000
0.00000
0.00000
0.00000
0.00000
0.00000
0.00000
0.00000
0.00000
0.00000
0.00000
0.00000
0.00000
0.00000
0.00000
0.00000
0.00000
0.00000
0.00000
0.00000
0.00000
0.00000
0.00000
0.00000
0.00000
0.00000
0.00000
0.00000
0.00000
0.00000
0.00000
0.00000
0.00000
0.00000
0.00000
0.00000
0.00000
0.00000
0.00000
0.00000
0.00000
0.00000
0.00000
0.00000
0.00000
0.00000
0.00000
0.00000
0.00000
0.00000
0.00000
0.00000
0.00000
0.00000
0.00000
0.00000
0.00000
0.00000
0.00000
0.00000
0.00000
0.00000
0.00000
0.00000
0.00000
0.00000
0.00000
0.00000
0.00000
0.00000
0.00000
0.00000
0.00000
0.00000
0.00000
0.00000
0.00000
0.00000
0.00000
0.00000
0.00000
0.00000
0.00000
0.00000
0.00000
0.00000
0.00000
0.00000
0.00000
0.00000
0.00000
0.00000
0.00000
0.00000
0.00000
0.00000
0.00000
0.00000
0.00000
0.00000
0.00000
0.00000
0.00000
0.00000
0.00000
0.00000
0.00000
0.00000
0.00000
0.00000
0.00000
0.00000
0.00000
0.00000
0.00000
0.00000
0.00000
0.00000
0.00000
0.00000
0.00000
0.00000
0.00000
0.00000
0.00000
0.00000
0.00000
0.00000
0.00000
0.00000
0.00000
0.00000
0.00000
0.00000
0.00000
0.00000
0.00000
0.00000
0.00000
0.00000
0.00000
0.00000
0.00000
0.00000
0.00000
0.00000
0.00000
0.00000
0.00000
0.00000
0.00000
0.00000
0.00000
0.00000
0.00000
0.00000
0.00000
0.00000
0.00000
0.00000
0.00000
0.00000
0.00000
0.00000
0.00000
0.00000
0.00000
0.00000
0.00000
0.00000
0.00000
0.00000
0.00000
0.00000
0.00000
0.00000
0.00000
0.00000
0.00000
0.00000
0.00000
0.00000
0.00000
0.00000
0.00000
0.00000
0.00000
0.00000
0.00000
0.00000
0.00000
0.00000
0.00000
0.00000
0.00000
0.00000
0.00000
0.00000
0.00000
0.00000
0.00000
0.00000
0.00000
0.00000
0.00000
0.00000
0.00000
0.00000
0.00000
0.00000
0.00000
0.00000
0.00000
0.00000
0.00000
0.00000
0.00000
0.00000
0.00000
0.00000
0.00000
0.00000
0.00000
0.00000
0.00000
0.00000
0.00000
0.00000
0.00000
0.00000
0.00000
0.00000
0.00000
0.00000
0.00000
0.00000
0.00000
0.00000
0.00000
0.00000
0.00000
0.00000
0.00000
0.00000
0.00000
0.00000
0.00000
0.00000
0.00000
0.00000
0.00000
0.00000
0.00000
0.00000
0.00000
0.00000
0.00000
0.00000
0.00000
0.00000
0.00000
0.00000
0.00000
0.00000
0.00000
0.00000
0.00000
0.00000
0.00000
0.00000
0.00000
0.00000
0.00000
0.00000
0.00000
0.00000
0.00000
0.00000
0.00000
0.00000
0.00000
0.00000
0.00000
0.00000
0.00000
0.00000
0.00000
0.00000
0.00000
0.00000
0.00000
0.00000
0.00000
0.00000
0.00000
0.00000
0.00000
0.00000
0.00000
0.00000
0.00000
0.00000
0.00000
0.00000
0.00000
0.00000
0.00000
0.00000
0.00000
0.00000
0.00000
0.00000
0.00000
0.00000
0.00000
0.00000
0.00000
0.00000
0.00000
0.00000
0.00000
0.00000
0.00000
0.00000
0.00000
0.00000
0.00000
0.00000
0.00000
0.00000
0.00000
0.00000
0.00000
0.00000
0.00000
0.00000
0.00000
0.00000
0.00000
0.00000
0.00000
0.00000
0.00000
0.00000
0.00000
0.00000
0.00000
0.00000
0.00000
0.00000
0.00000
0.00000
0.00000
0.00000
0.00000
0.00000
0.00000
0.00000
0.00000
0.00000
0.00000
0.00000
0.00000
0.00000
0.00000
0.00000
0.00000
0.00000
0.00000
0.00000
0.00000
0.00000
1.01333
1.00000
1.01266
1.00000
1.01266
1.00000
1.01266
1.00000
1.00000
1.01266
1.00000
1.03750
1.00000
1.00000
1.00000
1.02532
1.01266
1.01266
1.02532
1.00000
1.02532
1.00000
1.00000
1.01266
1.00000
1.00000
1.00000
1.03750
1.02532
1.00000
1.01266
1.01266
1.02532
1.01266
1.00000
1.00000
1.02532
1.03797
1.00000
1.00000
1.00000
1.00000
1.00000
1.00000
1.02500
1.00000
1.01266
1.00000
1.00000
1.05063
1.02532
1.00000
1.00000
1.00000
1.01266
1.00000
1.02564
1.03750
1.01266
1.00000
1.03797
1.01266
1.01266
1.00000
1.01266
1.02500
0.98734
1.00000
1.00000
1.00000
1.00000
1.01266
1.00000
1.00000
0.98734
1.00000
1.00000
1.00000
1.00000
1.00000
1.00000
1.00000
1.02500
1.00000
1.01266
1.00000
1.03797
1.01266
1.01250
1.01266
1.01266
1.00000
1.00000
1.01266
1.00000
1.00000
1.00000
1.01266
1.01266
1.01266
1.01266
1.03797
1.01266
1.00000
1.02500
1.05063
1.00000
1.00000
1.00000
1.00000
1.00000
1.01266
1.00000
1.00000
1.00000
1.01266
1.41250
1.01266
1.01266
1.00000
1.00000
1.01266
1.06250
1.03797
1.02532
1.01266
1.00000
1.05063
1.05063
1.05063
1.05000
1.03797
1.06329
1.01266
1.00000
1.00000
1.00000
1.03797
1.05063
1.06329
1.03797
1.01266
1.07500
1.08974
1.00000
1.00000
1.00000
1.00000
1.05063
1.00000
1.00000
1.00000
1.01266
1.02532
1.01266
1.01266
1.01266
1.00000
1.02500
1.00000
1.02532
1.02532
1.03797
1.00000
1.00000
1.00000
1.01266
1.03797
1.02532
1.02532
1.02500
1.01266
1.03797
1.02532
1.01266
1.01266
1.00000
1.05063
1.03750
1.00000
1.00000
1.00000
1.03797
1.03797
1.02532
1.00000
1.05063
1.06410
1.06329
1.00000
1.03797
1.03750
1.05063
1.02532
1.00000
1.00000
1.00000
1.05063
1.05000
1.05063
1.03797
1.05063
1.01250
1.03797
1.02532
1.01266
1.06250
1.05063
1.06329
1.00000
1.00000
1.00000
1.06250
1.05063
1.06329
1.05063
1.07595
1.03750
1.01266
1.06329
1.05063
1.07595
1.06329
1.03750
1.00000
1.00000
1.00000
1.11392
1.06329
1.01250
1.05063
1.10127
1.06329
1.06329
1.01266
1.01266
1.03797
1.05000
1.01266
0.98734
1.00000
1.00000
1.02532
1.00000
1.01266
1.00000
1.01266
1.00000
1.00000
1.00000
1.01266
1.01266
1.01266
1.00000
1.00000
1.00000
1.03947
1.02667
1.01266
1.00000
1.01266
1.00000
1.00000
1.02597
1.04000
1.02703
1.04000
4.70513
1.62025
1.00000
1.00000
1.00000
1.05333
1.00000
1.04000
1.02632
1.02667
1.01351
1.06757
1.08000
1.01316
1.00000
1.00000
1.00000
1.00000
1.01316
1.20253
1.50633
1.45570
1.28750
1.21519
1.40506
1.04054
1.06667
1.04054
1.05405
1.05405
741.65823
341.10127
1.62821
1.60759
1.67105
1.54054
1.49333
1.36486
1.31081
1.30667
1.32432
1.24324
1.18919
1.25333
1.36486
1.13158
1.00000
1.00000
1.01266
1.10811
1.08108
1.09091
1.05263
1.02703
1.02667
1.02703
1.04054
1.05333
1.04054
1.05405
1.00000
1.00000
1.00000
1.01299
1.02703
1.02703
1.00000
1.02667
1.04054
1.02703
1.05333
1.04054
1.01351
1.00000
1.08108
1.02632
1.00000
1.00000
1.00000
1.01333
1.02703
1.01351
1.02667
1.02632
1.00000
1.00000
1.01351
1.04054
1.04000
1.05063
1.02532
1.01266
1.00000
1.00000
1.01266
1.06250
1.03797
1.02532
1.06329
1.08861
1.03797
1.06329
1.06250
1.03797
1.05063
1.07595
1.01266
1.00000
1.00000
1.00000
1.02532
1.03797
1.05063
1.08861
1.06329
1.05063
1.07500
1.03797
1.07595
1.15000
1.13924
1.02532
1.00000
1.00000
1.06329
1.08750
1.08861
1.10127
1.08861
1.05063
1.05063
1.06250
1.05063
1.03797
1.01266
1.06329
1.02532
1.00000
1.00000
1.00000
1.03750
1.02532
1.03797
1.00000
1.03750
1.01266
1.02532
1.03750
1.02532
1.00000
1.02532
1.00000
1.00000
1.00000
1.03750
1.12658
1.08861
1.05063
1.63750
1.87179
1.00000
1.00000
1.00000
1.00000
1.00000
1.01266
1.00000
1.00000
1.01266
1.00000
1.00000
1.00000
1.00000
1.00000
1.00000
1.00000
1.00000
1.00000
1.00000
1.00000
1.00000
1.00000
1.01250
1.00000
1.01266
1.02532
1.01266
1.00000
1.00000
1.01266
1.00000
1.02532
1.00000
0.98734
1.00000
1.00000
1.01266
1.03797
1.00000
1.03797
1.02500
1.03797
1.03797
1.03797
1.03797
1.01266
1.02500
1.03797
1.03797
1.00000
1.00000
1.00000
1.05063
1.02532
1.01266
1.07595
1.05000
1.01266
1.01266
1.03797
1.02532
1.03797
1.02532
1.00000
1.00000
1.00000
1.02532
1.01250
1.05063
1.01266
1.07595
1.01266
1.01266
1.00000
1.01266
1.01266
1.01266
1.02532
1.01266
1.00000
1.00000
1.00000
1.01250
1.05128
1.05000
1.05063
1.03797
1.05063
1.00000
1.01266
1.03750
1.00000
1.00000
1.00000
1.01266
1.01266
1.01266
1.03750
1.00000
1.02532
1.01266
1.02597
1.05405
1.06667
1.09459
1.02597
1.00000
1.03797
1.01266
2.31646
2.67089
1.00000
1.00000
1.00000
1.00000
1.00000
1.00000
1.00000
1.00000
1.00000
1.00000
1.00000
1.00000
1.00000
1.10256
1.06410
1.05063
1.12500
1.10127
1.20253
1.89610
1.07595
1.03797
1.00000
1.00000
1.00000
425.39241
567.38462
1.15190
1.16250
1.15190
1.05063
1.00000
1.00000
1.00000
1.03797
1.20270
1.14865
1.43038
1.30380
1.51899
1.16250
1.12658
1.08861
1.15190
1.10127
1.02500
1.00000
1.00000
1.00000
1.13924
1.12658
1.89474
1.91026
2.00000
1.97403
2.00000
1.86076
1.91026
1.64935
1.55844
1.45570
1.41026
1.02532
1.02532
1.06329
1.16456
1.27848
1.25000
1.33784
1.26667
1.20968
1.10811
1.01333
1.05405
1.08108
1.10667
1.08108
1.05333
1.00000
1.00000
1.00000
1.01299
1.04054
1.09459
1.09333
1.05405
1.04054
1.02667
1.04054
1.09459
1.09333
1.02703
1.04054
1.06667
1.00000
1.00000
1.00000
1.02597
1.02703
1.05333
1.02703
1.05405
1.03947
1.06757
1.01282
1.00000
1.00000
1.08108
945.37975
1.46154
1.09333
1.09333
1.05333
1.05405
1.05405
1.04054
1.04000
1.04054
1.06757
1.00000
1.00000
1.00000
1.03947
1.02667
1.00000
1.01333
1.02703
1.01351
1.00000
1.72973
1.48000
1.13333
1.22973
1.16216
1.18667
1.00000
1.00000
1.01266
1.13924
1.13750
1.12658
1.00000
1.00000
1.00000
1.00000
1.00000
1.00000
1.00000
1.00000
1.00000
1.18667
1.62500
1.50649
1.48718
1.60256
1.77922
1.83333
1.93590
1.94737
2.00000
2.00000
2.00000
2.00000
2.00000
1.62338
1.56962
1.51899
1.39241
1.30380
2.00000
2.00000
2.00000
1.98649
1.59494
1.36709
1.07595
1.54430
1.72152
1.92500
1.10127
1.01266
1.00000
1.00000
1.00000
1.00000
1.07500
1.07595
1.10127
1.10127
1.08861
1.16456
1.08861
1.07500
1.02532
1.08861
1.07595
1.07595
1.03750
1.00000
1.00000
1.00000
1.02532
1.03797
1.06329
1.02532
1.03750
1.02532
1.02532
1.02532
1.03797
1.01250
1.03797
1.02532
1.01266
1.07595
1.00000
1.00000
1.00000
1.00000
1.06329
1.01266
1.02532
1.02532
1.07500
1.06329
1.02532
1.05063
1.05063
1.02532
1.00000
1.00000
1.01266
1.03750
1.02532
1.05063
1.02532
1.08861
1.06329
1.06329
1.02532
1.03750
1.02532
1.05063
1.01266
1.02500
1.03797
1.05063
1.01266
1.00000
1.00000
1.00000
1.00000
1.01266
1.01266
1.00000
1.05000
1.02532
1.02532
1.02532
1.03797
1.01266
1.00000
1.00000
1.00000
1.06329
658.82895
367.79221
70.13924
1.10127
1.05063
1.01266
1.06329
1.05063
1.07595
1.03797
1.05063
1.08861
1.03797
1.00000
1.00000
1.00000
1.00000
1.07595
1.02532
3.97403
2.28205
1.00000
1.06329
1.02532
1.00000
1.00000
1.00000
1.00000
1.00000
1.00000
1.00000
1.00000
1.00000
1.04000
1.07500
1.05063
1.12658
1.06329
1.05128
1.04054
1.06757
1.04000
1.01351
1.01316
1.00000
1.00000
1.00000
1.00000
1.02703
1.00000
1.00000
1.00000
1.02703
1.00000
1.01351
1.02703
1.02667
1.00000
1.00000
1.00000
1.00000
1.04054
1.01333
1.00000
1.01351
1.00000
1.00000
1.02703
1.00000
1.00000
1.01351
1.01333
1.01351
1.00000
1.01316
1.00000
1.00000
1.00000
1.01316
1.04054
1.01333
1.02703
1.02703
1.06667
1.02703
1.01351
1.04000
1.04054
1.01316
1.00000
1.00000
1.00000
1.02703
1.00000
1.02703
1.00000
1.05405
1.01351
1.04054
1.08108
1.05405
1.01351
1.01333
1.00000
1.01333
1.00000
1.00000
1.00000
1.06579
1.04054
1.05405
1.05333
1.05405
1.05333
1.01351
1.02703
1.04054
1.02703
1.01299
1.00000
1.00000
1.01299
1.01333
1.02703
1.02667
1.02632
1.02703
1.05405
1.05405
1.04000
1.00000
1.06757
1.02632
1.00000
1.00000
1.00000
1.01333
1.01351
1.01351
1.01351
1.02703
1.02703
1.02703
1.02703
1.04054
1.08000
1.01351
1.02703
1.05405
1.13158
1.05000
1.00000
1.00000
1.00000
1.21519
1.27848
1.12658
1.06250
1.07595
1.01266
1.00000
1.00000
1.00000
1.00000
1.24000
0.98667
1.01250
1.05063
1.05063
1.00000
1.00000
1.00000
1.00000
1.00000
1.05128
1.01266
1.05063
1.10000
1.17722
1.12658
1.15789
1.89333
1.93333
1.92105
1.92000
1.92000
1.98667
1.48052
1.35443
1.03797
1.00000
1.36709
2.00000
1.98649
2.00000
1.48000
1.02667
1.00000
1.05063
1.24051
1.56962
1.25316
1.00000
1.01266
1.01266
1.01250
1.01266
1.01266
1.03797
1.00000
1.00000
1.00000
1.00000
1.00000
1.01266
1.00000
1.01250
1.00000
1.00000
1.01266
1.01266
1.01266
1.01250
1.00000
1.00000
1.00000
1.00000
1.00000
1.01250
1.03797
1.01266
1.02532
1.03750
1.03797
1.02532
1.07595
1.06329
1.02500
1.03797
1.00000
1.00000
1.00000
1.00000
1.02500
1.03797
1.08861
1.02532
1.07595
1.01266
1.02532
1.02532
1.03797
1.03797
1.02500
1.06329
1.03797
1.00000
1.00000
1.00000
1.00000
1.03797
1.08974
1.01250
1.02532
1.01266
1.03797
1.03797
1.01266
1.02500
1.00000
1.02532
1.01266
1.02532
1.00000
1.00000
1.00000
1.00000
1.01266
1.01266
1.07500
1.12658
1.02532
1.03797
1.07595
1.05063
1.08861
1.07500
1.01282
1.03750
2.16456
2.82278
0.98734
1.00000
1.00000
1.00000
1.00000
1.02532
1.01250
1.01266
1.12821
1.03846
1.05063
1.00000
1.00000
1.00000
1.76923
3.31579
1.00000
1.00000
472.82051
593.43750
1.00000
1.00000
1.00000
1.02667
1.06757
1.02667
1.00000
1.00000
1.04000
1.01351
1.08108
1.00000
1.00000
1.01333
1.02703
1.02703
1.01299
1.00000
1.00000
1.00000
1.00000
1.04000
1.01351
1.02500
1.01266
1.00000
1.00000
1.00000
1.00000
1.02532
1.12658
1.10256
1.05405
1.02667
1.01351
0.98734
1.00000
1.00000
1.00000
1.01282
1.01333
1.05405
1.01351
1.00000
1.01351
1.00000
1.01333
1.04054
1.00000
1.05333
1.02703
1.04000
1.02740
1.02667
1.00000
1.00000
1.00000
1.00000
1.01282
1.01351
1.02667
1.02703
1.06757
1.10811
1.01333
1.00000
1.00000
1.00000
1.00000
1.00000
1.02703
1.02703
1.01351
1.00000
1.00000
1.00000
1.00000
1.01266
1.01351
1.01351
1.02667
1.04054
1.06757
1.02667
1.00000
1.04054
1.02667
1.01351
1.04054
1.04000
1.04054
1.01351
1.03947
1.00000
1.00000
1.00000
1.00000
1.06579
1.05333
1.01351
1.01351
1.04000
1.01351
1.02703
1.02667
1.05405
1.04054
1.06667
1.02703
1.05405
1.00000
1.10667
1.00000
1.00000
1.00000
1.00000
1.02532
1.00000
1.04054
1.01351
1.01351
1.06757
1.01351
1.00000
1.01351
1.01351
1.02667
1.01351
1.00000
1.00000
1.02703
1.00000
1.00000
1.00000
1.00000
1.00000
1.01351
1.02703
1.02667
1.02703
1.01333
1.00000
1.01333
1.02703
1.00000
1.00000
1.00000
1.00000
1.00000
1.01351
1.01333
1.00000
1.00000
1.00000
1.00000
1.00000
1.01266
1.01266
1.01266
1.01250
1.00000
1.00000
1.00000
1.02532
1.01266
1.00000
1.00000
1.02532
1.02532
1.00000
1.00000
1.00000
1.00000
1.00000
1.00000
1.00000
1.02500
1.01266
1.00000
1.00000
1.02532
1.06329
1.02500
1.00000
1.02532
1.01266
1.01266
1.02500
1.02532
1.00000
1.00000
1.00000
1.00000
1.00000
1.01266
1.01282
1.03750
1.01266
1.05063
1.02532
1.00000
1.01266
1.00000
1.05000
1.03797
1.05063
1.01266
1.02532
1.01266
1.00000
1.00000
1.00000
1.00000
1.05063
1.02500
1.01266
1.03797
1.02532
1.01266
1.01266
1.03797
1.02532
1.01266
1.01250
1.06329
1.01266
1.02532
1.02500
1.01266
1.00000
1.00000
1.00000
1.01266
1.01266
1.03077
1.03030
1.05000
1.05063
1.02532
1.03797
1.05063
1.05063
1.08861
1.00000
1.05128
1.08750
1.00000
1.01266
1.00000
1.00000
1.00000
1.00000
1.01266
1.02532
1.01266
1.02532
1.07595
1.02500
1.06329
1.06329
1.05063
1.06329
1.06329
1.02532
1.03750
1.02532
1.03797
1.00000
1.00000
1.00000
1.00000
1.01266
1.06329
191.69620
885.78947
43.60256
1.08861
1.05063
1.00000
1.02532
1.02532
1.05063
1.03797
1.02532
1.01250
1.00000
1.00000
1.00000
1.00000
1.00000
1.01266
1.01266
3.39241
2.65823
1.00000
1.03750
1.02532
1.00000
1.01266
1.01250
1.00000
1.00000
1.00000
1.00000
1.03797
1.02532
1.00000
1.02532
1.02532
1.03750
1.05063
1.01266
1.07595
1.02532
1.05000
1.00000
1.00000
1.00000
1.00000
1.00000
1.00000
1.01250
1.02532
1.01266
1.00000
1.00000
1.00000
1.00000
1.00000
1.00000
1.00000
1.00000
1.00000
1.01266
1.01250
1.00000
1.00000
1.01266
1.00000
1.00000
1.05063
1.00000
1.00000
1.01282
1.00000
1.00000
1.00000
1.01266
1.02532
1.03797
1.00000
1.01266
1.02532
1.01266
1.02532
1.02532
1.00000
1.03797
1.00000
1.00000
1.00000
1.01266
1.02532
1.02532
1.01266
1.00000
1.01266
1.00000
1.01266
1.00000
1.00000
1.00000
1.01250
1.00000
1.00000
1.00000
1.02532
1.02532
1.01266
1.01266
1.02500
1.01266
1.02532
1.02532
1.01250
1.01266
1.01266
1.00000
1.00000
1.00000
1.01266
1.03797
1.03750
1.01266
1.05063
1.02532
1.00000
1.02532
1.05000
1.05063
1.01266
1.00000
1.00000
1.00000
1.00000
1.00000
1.00000
1.02532
1.01250
1.05063
1.01266
1.03797
1.02532
1.03797
1.01266
1.00000
0.98734
1.00000
1.00000
1.01250
1.02532
1.00000
1.00000
1.02532
1.01266
1.01250
1.01266
1.03797
1.03797
1.01266
1.01250
1.00000
1.00000
1.00000
1.00000
1.05000
1.01282
1.00000
1.11688
1.00000
1.00000
1.00000
1.00000
1.00000
1.01266
1.00000
1.00000
1.00000
1.00000
1.00000
1.00000
1.00000
1.00000
1.01266
1.02532
1.00000
1.00000
1.01266
1.00000
1.00000
1.00000
1.01266
1.00000
1.00000
1.00000
1.00000
1.00000
1.00000
1.00000
1.00000
1.01266
1.01266
1.00000
0.98734
1.00000
1.00000
1.00000
1.00000
1.00000
1.02532
1.01250
1.00000
1.03797
1.00000
1.01266
1.01250
1.05063
1.00000
1.03797
1.00000
1.00000
1.00000
1.02532
1.02532
1.00000
1.02500
1.01266
1.01266
1.01266
1.03797
1.03750
1.05063
1.05063
1.03797
1.00000
1.00000
1.01266
1.01266
1.02500
1.01266
1.01266
1.03797
1.05063
1.02532
1.02532
1.05000
1.07595
1.05063
0.98734
1.00000
1.00000
1.00000
1.06250
1.03797
1.08861
1.03750
1.02532
1.05063
1.03750
1.02532
1.07595
1.02532
1.03797
1.05063
1.00000
1.00000
1.00000
1.03797
1.03797
1.08861
1.03797
1.07595
1.02500
1.05063
1.07595
1.05063
1.02532
1.02532
1.01266
1.00000
1.00000
1.00000
1.03797
1.05063
1.03797
1.00000
1.00000
1.03750
1.03797
1.02532
1.05063
1.01266
1.01266
1.02500
1.00000
660.00000
453.17105
1.02597
1.01266
1.02500
1.01266
1.00000
3.70130
1.00000
1.05063
1.06250
1.03797
1.11392
1.02632
1.01266
1.00000
1.00000
1.01316
1.04054
1.02703
1.00000
1.05405
1.04054
1.00000
1.02703
1.00000
1.00000
1.00000
1.04000
1.00000
1.00000
1.00000
1.00000
1.05333
1.01351
1.00000
1.02703
1.01351
1.04000
1.01351
1.02703
1.01333
1.02703
1.00000
1.00000
1.00000
1.00000
1.04054
1.00000
1.01351
1.01351
1.00000
1.01351
1.00000
1.01333
1.01587
1.01351
1.02667
1.00000
1.00000
1.00000
1.01333
1.02703
1.02667
1.00000
1.01351
1.01333
1.02703
1.00000
1.01333
1.00000
1.01351
1.00000
1.00000
1.00000
1.01299
1.01351
1.01351
1.01333
1.04054
1.02703
1.00000
1.01351
1.00000
1.00000
1.02703
1.01351
0.98750
1.00000
1.00000
1.00000
1.01333
1.02703
1.00000
1.02703
1.02703
1.00000
1.02703
1.01351
1.00000
1.02667
1.00000
1.00000
1.00000
1.01299
1.02703
1.02667
1.01351
1.00000
1.01351
1.06757
1.01351
1.05333
1.01351
1.02703
1.00000
1.00000
1.00000
1.02532
1.02667
1.04054
1.02667
1.04054
1.02703
1.01333
1.00000
1.04054
1.00000
1.02703
1.01351
1.00000
1.00000
1.00000
0.00000
0.00000
0.00000
0.00000
0.00000
0.00000
0.00000
0.00000
0.00000
0.00000
0.00000
0.00000
0.00000
0.00000
0.00000
0.00000
0.00000
0.00000
0.00000
0.00000
0.00000
0.00000
0.00000
0.00000
0.00000
0.00000
0.00000
0.00000
1.00000
1.00000
1.00000
1.00000
1.02667
1.00000
1.00000
1.01333
1.01351
1.01351
1.01333
1.01351
1.01333
1.00000
1.00000
1.00000
1.00000
1.01351
1.01333
1.01282
1.02500
1.00000
1.01266
1.00000
1.02532
1.02532
1.00000
1.01250
1.00000
1.32000
1.00000
1.01266
1.00000
1.01266
1.00000
1.01266
1.02532
1.00000
1.00000
1.02532
1.00000
1.02532
1.00000
1.00000
1.00000
1.05063
1.01266
1.05000
1.00000
1.01266
1.00000
1.02500
1.00000
1.03797
1.01266
1.02532
1.03797
1.00000
1.00000
1.03797
1.01266
1.01266
1.02500
1.05063
1.01266
1.02532
1.05063
1.01266
1.02500
1.02532
1.03797
1.00000
1.00000
1.00000
1.02532
1.01266
1.02532
1.06250
1.00000
1.06329
1.12658
1.02532
1.01266
1.02500
1.02532
1.02532
1.00000
1.00000
1.02564
1.01250
1.03797
1.02532
1.02532
1.05063
1.02532
1.06250
1.01266
1.01266
1.02532
1.03797
1.00000
1.00000
1.00000
1.00000
1.02532
1.00000
1.02532
1.02532
1.01250
1.00000
1.00000
1.00000
1.00000
1.00000
1.00000
1.02532
1.02532
1.07595
1.02532
1.01250
1.03797
1.01266
1.01266
1.00000
1.00000
1.00000
1.00000
1.00000
299.49367
727.09091
0.98734
1.00000
1.01266
1.05063
1.06250
1.01266
3.39241
3.68354
1.15000
1.05263
1.02703
1.00000
1.01299
1.00000
1.00000
1.00000
1.00000
1.01351
1.05479
1.02632
1.00000
1.02667
1.04054
1.01333
1.00000
1.04054
1.00000
1.01333
1.00000
1.00000
1.00000
1.00000
1.00000
1.02703
1.04054
1.04054
1.02667
1.01351
1.04054
1.00000
1.01333
1.01351
1.02703
1.01333
1.01351
1.01316
1.00000
1.00000
1.00000
1.00000
1.00000
1.00000
1.02703
1.04054
1.04000
1.01351
1.02703
1.08000
1.09459
1.05405
1.08000
1.04054
1.06667
1.00000
1.00000
1.00000
1.02564
1.12162
1.02667
1.10811
1.04000
1.08108
1.04054
1.02667
1.06757
1.01351
1.05333
1.06757
1.09459
1.06667
1.05333
1.00000
1.00000
1.00000
1.00000
1.04000
1.05405
1.06757
1.06667
1.06757
1.04054
1.05333
1.05405
1.06757
1.08000
1.10811
1.01351
1.08000
1.06757
1.00000
1.00000
1.00000
1.00000
1.10667
1.05333
1.05405
1.02703
1.10667
1.06667
1.06757
1.04000
1.02703
1.12162
1.08000
1.08108
1.08108
1.09211
1.00000
1.00000
1.00000
1.00000
1.06667
1.08000
1.06757
1.04054
1.08000
1.09459
1.04054
1.06667
1.12162
1.06757
1.04000
1.12162
1.04054
1.00000
1.02532
1.00000
1.00000
1.00000
1.03750
1.07595
1.13924
1.02532
1.00000
1.00000
1.00000
1.02532
1.00000
1.02532
1.06329
1.01266
1.03797
1.02500
1.03797
1.00000
1.00000
1.00000
1.00000
1.01266
1.00000
1.02532
1.02532
1.00000
1.03797
1.00000
1.06329
1.01266
1.01250
1.00000
1.02532
1.01266
1.00000
1.00000
1.00000
1.00000
1.00000
1.01266
1.01266
1.05000
1.14286
0.98667
1.25000
1.41333
1.17105
1.26582
1.53165
1.02500
1.38961
1.81818
1.82278
1.89610
2.02564
1.89474
1.89744
1.92405
1.76316
1.81333
1.72368
1.55844
1.38750
1.37975
1.30380
1.31646
1.28750
1.30769
1.07500
1.06329
1.03797
1.00000
1.06329
1.01266
1.06250
1.08861
1.03797
1.08861
1.08861
1.10127
1.02500
1.07595
1.15190
1.05063
1.06329
1.10127
1.03797
1.00000
1.00000
1.00000
1.02532
1.05063
1.10127
1.13924
1.12658
1.11250
1.02532
1.03797
1.06329
1.02532
1.11392
1.01266
1.11392
1.10000
1.17722
1.00000
1.00000
1.00000
1.00000
1.01250
1.03797
1.12658
1.07595
1.07595
1.11392
1.10127
1.06250
1.07595
1.08861
1.12658
1.10000
1.07595
1.07595
1.06329
1.00000
1.00000
1.00000
1.00000
1.11392
1.08861
1.10127
1.05000
1.03797
1.06329
1.02532
1.07595
1.11392
1.13750
1.10127
1.03797
1.02532
1.00000
1.00000
1.00000
1.00000
1.03797
1.03797
1.06250
1.06329
1.06329
1.11392
1.05063
1.12658
1.07692
1.03896
414.01333
701.75641
1.12821
1.00000
1.07595
1.12658
1.18987
1.25000
1.27848
1.30380
1.12821
1.00000
1.00000
1.08974
1.00000
1.00000
1.01250
1.96053
1.89610
1.80769
1.65385
1.80000
1.84211
1.74026
1.81333
1.82895
1.69737
1.78947
1.75000
1.70667
1.64935
1.66234
1.65789
1.17722
1.18987
1.24051
1.15000
2.79747
2.08861
1.25316
1.11842
1.01351
1.05405
0.97468
1.00000
1.00000
1.00000
1.02632
1.04000
1.06667
1.01351
1.09459
1.00000
1.04054
1.05405
1.04000
1.06757
1.06757
1.02703
1.09211
1.87179
1.05063
1.00000
1.00000
1.00000
1.00000
1.07595
1.27848
1.27848
1.27500
1.31646
1.20253
1.25641
1.24051
1.05063
1.00000
1.00000
1.00000
1.02564
1.06757
1.04054
1.04000
1.04054
1.09459
1.01351
1.09459
1.05405
1.06667
1.00000
1.00000
1.00000
1.02532
1.05405
1.05405
1.02703
1.05333
1.09459
1.12000
1.05405
1.05405
1.06757
1.08000
1.06667
1.00000
1.00000
1.00000
1.00000
1.08861
1.06329
1.12658
1.11250
1.05063
1.03797
1.01266
1.16250
1.08861
1.08861
1.05063
1.11392
1.08861
1.05063
1.10000
1.12658
1.05063
1.05063
1.10127
1.02532
1.00000
1.00000
1.00000
1.00000
1.00000
1.06329
1.01266
1.22785
1.29114
1.21795
1.35443
1.17722
1.00000
1.00000
1.00000
1.07792
1.34615
1.25316
1.11392
1.00000
1.00000
1.00000
1.00000
1.00000
1.02564
1.09459
1.06667
1.00000
1.30263
1.21622
1.75949
2.00000
2.00000
2.00000
2.00000
2.02500
2.06329
2.00000
2.00000
1.70513
1.74684
1.55696
1.40506
1.64935
2.00000
2.00000
2.00000
1.25676
1.31081
1.23077
1.54430
1.65000
1.88608
1.25316
1.05063
1.13924
1.07500
1.11392
1.07595
1.11392
1.11250
1.08974
1.00000
1.01266
1.00000
1.02532
1.06329
1.06329
1.03797
1.08750
1.11392
1.21519
1.15000
1.07595
1.01266
1.02532
1.15190
1.10127
1.06250
1.03797
1.02532
1.02532
1.01266
1.07595
1.00000
1.00000
1.00000
1.00000
1.03797
1.12658
1.10000
1.13924
1.18987
1.16456
1.06329
1.06250
1.07595
1.02532
1.07595
1.08861
1.02532
1.00000
1.00000
1.00000
1.06329
1.08861
1.07595
1.12658
1.06250
1.06329
1.07595
1.05063
1.10127
1.06250
1.16456
1.12658
1.16456
1.13924
1.13924
1.08861
1.06329
1.11250
1.00000
1.00000
1.00000
1.00000
1.01266
1.06329
1.06329
1.03750
1.06329
1.05063
1.08861
1.07595
1.02532
1.00000
1.00000
1.02532
1.12658
1.03797
1.08861
1.06329
1.07595
1.05000
1.08861
1.05063
1.06329
1.08750
1.08861
1.00000
1.06329
1.02532
1.03750
1.05128
362.03797
748.25316
42.34615
2.02597
1.43590
1.06329
1.18987
1.20253
1.23750
1.10127
1.16456
1.12658
1.08861
1.03750
1.20253
1.18987
1.08750
1.07595
1.05063
1.02532
1.12500
1.08861
1.05063
1.00000
1.00000
1.49351
1.72152
4.24675
1.62821
1.63291
1.66667
1.64103
1.16456
2.08974
1.17722
1.10127
1.02532
1.00000
1.07595
1.16456
1.22785
1.11250
1.01266
1.06329
1.02532
1.03797
1.08750
1.02532
1.03797
1.05063
1.05063
1.03797
1.08861
1.03797
1.07500
1.06410
1.05063
1.00000
1.00000
1.00000
1.00000
1.08861
1.11392
1.06329
1.08861
1.08750
1.08861
1.05063
1.00000
1.00000
1.03797
1.98701
1.08861
1.11392
1.13924
1.03797
1.06250
1.06329
1.03797
1.02532
1.03797
1.11392
1.00000
1.00000
1.00000
1.12658
1.10127
1.02532
1.16456
1.10127
1.20000
1.13924
1.18987
1.22785
1.20253
1.12658
1.22500
1.08861
1.00000
1.00000
1.00000
1.05063
1.23750
1.16456
1.24051
1.20253
1.24051
1.11250
1.02532
1.00000
1.00000
1.00000
1.00000
1.08861
1.07595
1.05063
1.11392
1.18750
1.06329
1.11392
1.13924
1.10127
1.15190
1.08750
1.07595
1.07595
1.15190
1.08861
1.05063
1.06250
1.01266
1.03797
1.01266
1.00000
1.00000
1.00000
1.00000
1.02532
1.10000
1.07595
1.03797
1.24051
1.00000
0.98734
1.10256
1.72152
1.21519
1.00000
1.35065
0.96203
0.86076
1.22785
1.21795
1.17722
1.02532
1.01266
1.00000
1.00000
1.00000
1.00000
108.83333
1.00000
1.01266
1.00000
1.00000
1.00000
1.08861
1.15190
1.21250
1.08861
1.27848
1.26582
1.18987
1.17722
1.11250
1.15190
1.16456
1.11392
1.13924
1.22500
1.25316
1.06329
1.07595
1.00000
1.00000
1.06329
1.02532
1.15190
1.86842
1.93333
2.00000
2.00000
2.00000
2.00000
1.87013
1.64557
1.11392
1.06410
1.11688
1.28205
1.92105
1.92105
1.84211
1.64557
1.46250
1.68354
1.27848
2.00000
2.00000
2.00000
1.61538
1.50633
1.22500
1.39241
1.92405
1.83544
1.41772
1.21519
1.16456
1.02532
1.00000
1.00000
1.00000
1.00000
1.06329
1.11392
1.07500
1.14103
1.15000
1.11392
1.15190
1.13924
1.08750
1.00000
1.00000
1.00000
1.01266
1.11392
1.06250
1.12658
1.13924
1.11392
1.17500
1.16456
1.12658
1.15190
1.11392
1.08861
1.11392
1.18750
1.10127
1.15190
1.12658
1.01250
1.06329
1.11392
1.12658
1.00000
1.00000
1.00000
1.00000
1.00000
1.11250
1.18987
1.06329
1.03797
1.08861
1.10127
1.10000
1.13924
1.00000
1.00000
1.00000
1.10000
1.13924
1.15190
1.15190
1.29114
1.18987
1.12658
1.06250
1.16456
1.05063
1.16456
1.10127
1.16456
1.07500
1.08974
1.10000
1.05063
1.00000
571.07692
832.92308
45.06757
1.00000
1.00000
1.00000
1.00000
1.00000
1.00000
1.00000
1.02532
1.11250
4.52000
0.98734
1.00000
1.00000
1.00000
1.25641
1.15190
1.11392
1.26582
1.00000
1.00000
1.00000
1.00000
1.01266
1.00000
1.00000
1.10000
1.12658
1.22785
1.34177
1.24051
1.21519
1.26582
1.25316
1.16250
1.18987
623.68831
139.56962
42.72152
1.00000
2.78481
2.94872
4.16456
3.26582
2.50633
1.86076
1.12658
1.44304
1.27848
1.38750
1.20253
1.18987
1.21519
1.20253
1.22785
1.18750
1.13924
1.00000
1.00000
1.00000
1.00000
1.00000
1.22785
1.18987
1.17722
1.12658
1.21519
1.81013
1.48718
1.25316
1.18750
1.22785
1.15190
1.21519
1.40506
1.25000
1.20253
1.35443
1.34177
1.11250
1.00000
1.00000
1.00000
1.00000
1.17722
1.30380
1.37975
1.27500
1.34177
1.25316
1.24051
1.30380
1.29114
1.21519
1.26250
1.20253
1.17722
1.15190
1.16250
1.16456
1.18987
1.18987
1.13924
1.05063
1.00000
1.00000
1.00000
1.00000
1.07500
1.17722
1.08861
1.12658
1.07595
1.15190
1.11392
1.21250
1.11392
1.07595
1.17722
1.16456
1.12658
1.42500
1.32911
1.30380
1.80519
1.93506
1.96053
2.00000
2.00000
2.00000
2.00000
1.60256
1.56962
1.39241
1.35443
1.44156
2.00000
2.00000
2.00000
1.67532
1.04054
1.01351
1.00000
1.74684
1.79747
1.72152
1.57692
2.37975
2.01250
1.34615
1.28205
1.32911
2.22368
1.53247
1.08861
1.11392
1.07595
1.06329
1.22785
1.07500
1.00000
1.00000
1.00000
1.03797
1.06329
1.05063
1.16456
1.07595
1.10127
1.11250
1.06329
1.00000
1.00000
1.03797
1.18987
1.24051
1.18750
1.24051
1.13924
1.13924
1.15190
1.00000
1.00000
1.11250
1.12658
1.13924
1.17722
2.22078
1.06329
1.06329
0.98734
1.00000
1.00000
1.02532
1.07595
1.03797
1.03797
1.10127
1.05063
1.02532
1.05000
1.00000
1.00000
1.03797
1.13924
1.13750
1.06329
1.10127
1.08861
1.10127
1.10127
1.06329
1.00000
1.00000
1.07595
1.12658
1.11392
1.11250
1.13924
1.02532
1.03797
1.01250
1.00000
1.02532
1.12658
1.20253
1.16456
1.11392
1.16250
1.10127
1.13924
1.02532
1.00000
1.05063
1.13924
1.12500
1.21519
1.11392
1.11392
1.15190
1.07595
1.03750
1.00000
1.06329
1.07595
1.10000
1.10127
1.11392
1.15190
1.03797
1.05063
1.08861
1.00000
1.00000
1.05063
1.05063
1.08861
1.12500
1.11392
1.07595
1.10127
1.11392
1.03797
1.00000
1.03797
1.08861
1.11392
1.05063
1.15190
1.08861
1.06329
1.15190
1.06250
1.00000
1.00000
1.07595
1.05063
1.05000
1.05063
1.05063
1.07595
1.02532
1.08861
1.01266
1.00000
1.00000
1.00000
111.03797
1078.72973
114.55263
1.00000
1.00000
1.00000
1.05128
4.86486
1.00000
1.08861
1.07595
1.13924
1.07595
1.12658
1.12500
1.12658
1.08861
1.10127
1.00000
1.00000
1.18987
1.18987
1.18987
1.20253
1.18987
1.12658
1.13750
1.10127
1.03797
1.00000
1.01266
1.08861
1.15190
1.15190
1.08861
1.10000
1.11392
1.06329
1.01266
1.00000
1.00000
1.15000
1.08861
1.06329
1.08861
1.10127
1.07595
1.21250
1.10127
1.06329
1.00000
1.03797
1.06329
1.08861
1.12658
1.08861
1.07595
1.10000
1.07595
1.00000
1.00000
1.15190
1.13924
1.03797
1.07500
1.08861
1.10127
1.15190
1.08750
1.03797
1.00000
1.03797
1.15190
1.05063
1.18750
1.06329
1.06329
1.16456
1.12500
1.06329
1.00000
1.00000
1.11392
1.11392
1.16456
1.22785
1.02532
1.00000
1.01266
1.00000
1.00000
1.00000
2.01266
1.25316
1.98718
1.15190
1.06329
1.15190
1.20253
1.22785
1.05063
1.00000
1.00000
1.17722
1.11392
1.17722
1.08861
1.10127
1.12500
1.12658
1.02532
1.10127
1.00000
1.01250
1.10127
1.11392
1.10127
1.12658
1.11392
1.01266
1.13750
1.06410
1.10000
1.00000
1.02532
1.16456
1.15190
1.20253
1.23750
1.15190
1.16456
1.07595
1.07595
1.01266
1.00000
1.00000
1.43590
1.05063
1.02532
1.05063
1.06329
1.02500
1.02532
1.02532
1.15385
1.00000
1.00000
1.00000
1.03797
1.00000
1.01266
1.01266
1.16456
1.97468
1.30380
1.00000
1.21795
1.00000
1.22785
1.00000
1.26582
1.02532
1.25316
1.25641
1.07595
1.23750
1.15190
1.05063
1.02532
1.00000
1.00000
1.00000
1.10127
1.02532
1.01266
1.25000
1.06329
1.07595
1.10127
1.08861
1.02532
1.00000
1.00000
1.00000
1.01266
1.10127
1.13924
1.08861
1.00000
1.00000
1.00000
1.00000
1.00000
1.00000
1.00000
1.06329
1.26582
1.16456
1.22785
1.32500
1.27848
1.25316
1.20253
1.22785
1.08861
1.00000
1.00000
1.11392
1.25316
1.27848
1.22785
1.20253
1.31250
1.34177
1.28205
1.18750
1.00000
1.00000
1.02532
1.23750
1.27848
1.18987
1.26582
1.26582
1.26582
1.24051
1.16456
1.00000
1.00000
1.22785
1.21250
1.18987
1.20253
1.26582
1.24051
1.38750
1.22785
1.24051
1.27848
1.08861
1.02500
1.33766
1.89610
1.94667
1.70130
1.48101
1.36709
1.36709
1.35443
2.00000
2.00000
1.89474
1.18987
1.06329
1.00000
1.65000
1.92405
1.84810
1.70886
1.91139
1.54430
1.06329
1.08861
1.08750
1.07595
1.05063
1.00000
1.00000
1.06329
1.11392
1.06329
1.08750
1.10127
1.07595
1.06329
1.08861
1.07595
1.06329
1.02500
1.00000
1.00000
1.01250
1.03797
899.71429
386.55263
1.02564
1.03797
1.01266
1.00000
1.00000
1.00000
1.02564
1.00000
3.02597
3.19737
1.03797
1.06250
1.08861
1.11392
1.15190
1.13924
1.07595
1.00000
1.01266
1.13333
1.09459
1.10811
1.08108
1.09333
1.12162
1.10811
1.13333
1.08108
1.05263
1.00000
1.00000
1.09459
1.12162
1.08000
1.12162
1.20270
1.16000
1.10811
1.06757
1.00000
1.00000
1.08000
1.05333
1.08108
1.12162
1.13333
1.12162
1.14865
1.10667
1.22973
1.06757
1.09333
1.00000
1.00000
1.11538
1.02740
1.04054
1.08000
1.12162
1.05405
1.06667
1.02703
1.05195
1.00000
1.02532
1.02532
1.09459
1.10811
1.06757
1.05333
1.08219
1.00000
1.08000
1.05479
1.02703
1.01266
1.00000
1.02564
1.02667
1.05405
1.01351
1.08000
1.08108
1.08108
1.09333
1.10811
1.05405
1.03896
1.00000
1.00000
1.18919
1.14667
1.16216
1.04054
1.09333
1.13514
1.12162
1.10667
1.06757
1.03896
1.00000
1.01266
1.04054
1.04000
1.09459
1.02703
1.09459
1.05405
1.09459
1.09333
1.09459
0.98734
1.00000
1.01299
1.09459
1.06757
1.06757
1.02703
1.06757
1.05405
1.04054
1.10811
1.09459
1.01299
1.00000
1.00000
1.09459
1.02703
1.06667
1.04054
1.04054
1.04000
1.01351
1.01316
1.00000
1.00000
1.00000
1.00000
1.00000
1.00000
1.00000
1.05333
1.06757
1.04000
1.02703
1.04054
1.03947
1.00000
1.00000
1.04000
1.04054
1.05405
1.02667
1.05405
1.03947
1.02532
1.03750
1.00000
1.00000
1.02532
1.05063
1.03797
1.00000
1.01266
1.18182
1.00000
1.02532
1.00000
1.00000
1.05063
1.02532
1.05063
1.02532
1.02532
1.03750
1.10127
1.00000
1.00000
1.05063
1.07595
1.01250
1.00000
1.00000
1.03797
1.02532
1.07595
1.08750
1.05063
1.07595
1.29487
1.06410
1.00000
1.00000
1.08861
1.08750
1.05063
1.10127
1.08861
1.13924
1.11392
1.00000
1.00000
1.05063
1.20253
1.18987
1.22785
1.08861
1.06250
1.17722
1.05063
1.00000
1.01266
1.17722
1.15190
1.17722
1.06329
1.12658
1.16250
1.12658
1.15190
1.00000
1.00000
1.22785
1.15000
1.13924
1.16456
1.17722
1.13750
1.11392
1.16456
1.00000
1.00000
1.29114
1.16456
1.20000
1.24051
1.17722
1.12658
1.16456
1.20000
1.03797
1.00000
1.10127
1.20253
1.32911
1.21250
1.15190
1.21519
1.16456
1.16250
1.12821
1.00000
1.02532
1.13924
1.13924
1.18750
1.21795
1.13924
1.13750
1.12658
1.11392
1.02532
1.00000
1.17722
1.17500
1.15190
1.10127
1.11392
1.11250
1.17722
1.13924
1.06329
1.12658
1.06329
1.00000
1.00000
1.12658
1.16250
1.07595
1.13924
1.10127
1.12658
1.03797
1.13750
1.00000
1.00000
1.12658
1.15190
1.10000
1.06329
1.06329
1.06329
1.05063
1.08861
385.26582
913.45455
42.84615
1.07500
1.16456
1.08861
1.11392
1.13924
1.11392
1.25000
1.10127
1.16456
1.10127
1.20253
1.15190
1.11392
1.01266
1.89474
1.02532
1.10000
1.16456
1.18987
1.15190
1.26250
1.21519
1.22785
1.05063
1.08861
1.06329
1.00000
1.00000
1.05000
1.08861
1.13924
1.11392
1.10127
1.05063
1.06250
1.08861
1.05063
1.00000
1.01266
1.12500
1.13924
1.07595
1.07595
1.15190
1.10127
1.11392
1.03750
1.00000
1.45570
2.49351
1.04054
1.00000
1.05405
1.02703
1.08000
1.10811
1.09459
1.07895
1.00000
1.00000
1.11842
1.06757
1.02703
1.10667
1.05405
1.12162
1.08000
1.09459
1.09211
1.00000
1.00000
1.05405
1.06667
1.05405
1.06757
1.08000
1.02740
1.09211
1.07595
1.02532
1.00000
1.02532
1.03797
1.12658
1.05000
1.07595
1.11392
1.08861
1.18987
1.23750
1.02532
1.00000
1.05063
1.21250
1.21519
1.30380
1.20253
1.25316
1.26582
1.36709
1.11250
1.00000
1.00000
1.00000
1.21519
1.18987
1.20000
1.12658
1.00000
1.00000
1.00000
1.00000
1.00000
1.00000
1.00000
1.13924
1.08861
1.17722
1.12658
1.16250
1.24051
1.24051
1.20253
1.00000
1.00000
1.00000
1.13924
1.15190
1.10127
1.12500
1.05063
1.16456
1.21519
1.18987
1.12500
1.00000
1.00000
1.06329
1.10127
1.08861
1.17722
1.07595
1.07500
1.16456
1.05063
1.05063
1.00000
1.00000
1.01266
1.05063
1.08861
1.05063
1.10127
1.10127
1.03797
1.05063
1.02532
1.03750
1.00000
1.00000
1.06329
1.06250
1.06329
1.07595
1.12658
1.11392
1.10127
1.11250
1.07692
1.00000
1.00000
1.00000
1.01266
1.05000
1.05063
1.05063
1.10127
1.03797
1.05063
1.05063
1.08861
1.05063
1.00000
1.00000
1.05128
1.11250
1.11392
1.16456
1.11392
1.08861
1.03797
1.13750
1.08861
1.00000
1.00000
1.00000
1.16456
1.27848
1.20253
1.22785
1.21519
1.21519
1.29114
1.27848
1.26582
1.03750
1.00000
1.02532
1.11250
1.08861
1.13924
1.06329
1.08861
1.11392
1.10127
1.16250
1.11392
1.00000
1.00000
1.08750
1.22785
1.16456
1.13924
1.13924
1.05000
1.13924
1.10127
1.17722
1.07595
1.00000
1.00000
1.10127
1.08861
1.18987
1.16250
1.11392
1.18987
1.12658
1.13924
1.15190
1.06250
1.00000
1.03797
1.22785
1.10127
1.10127
1.15000
1.12821
1.15000
1.08974
1.07595
1.05063
1.00000
1.00000
1.06329
1.18987
1.11392
1.07500
1.08861
1.10127
1.08861
1.10127
1.11250
1.02532
1.00000
1.05063
1.03797
1.06250
1.07595
1.05063
1.05063
1.07595
1.11250
1.11392
1.02532
1.00000
1.00000
1.08861
1.01266
1.00000
1.01266
1.02532
1.00000
1.02564
1.05405
1.04000
957.88312
347.96154
42.45570
1.20253
1.24051
1.32911
1.23750
1.36709
1.16456
1.26582
1.20253
1.13924
1.01250
2.50649
3.40260
1.30000
1.22785
1.18987
1.25316
1.28750
1.35443
1.29114
1.27848
1.31646
1.27848
1.30000
1.00000
1.00000
1.06329
1.30000
1.15190
1.21519
1.24051
1.17722
1.27848
1.17500
1.16456
1.00000
1.00000
1.01266
1.00000
1.00000
1.00000
1.01266
1.01266
1.01266
1.02532
1.01266
1.20513
1.03797
1.07692
1.16883
1.25000
1.88158
1.73333
1.59740
2.16883
2.57692
1.42857
1.02500
1.02532
1.07595
1.15000
1.24051
1.21519
1.16456
1.16456
1.08861
1.00000
1.00000
1.01266
1.02532
1.01266
1.00000
1.00000
1.00000
1.00000
1.01266
1.02532
1.01266
1.01266
1.03797
1.01266
1.00000
1.00000
1.00000
1.01266
1.03797
1.01266
1.01266
1.01266
1.00000
1.02532
1.00000
1.00000
1.00000
1.00000
1.01266
1.03750
1.00000
1.00000
1.05063
1.02532
1.08861
1.03750
1.07595
1.16456
1.12658
1.16456
1.17722
1.00000
1.00000
1.08861
1.26582
1.15000
1.25316
1.16456
1.20253
1.13924
1.18987
1.35443
1.21250
1.25316
1.15190
1.00000
1.00000
1.02532
1.15000
1.17722
1.20253
1.15190
1.12658
1.22785
1.10000
1.16456
1.21519
1.13924
1.06329
1.00000
1.00000
1.00000
1.00000
1.00000
1.06329
1.16456
1.20253
1.20253
1.13924
1.15000
1.13924
1.02532
1.06329
1.00000
1.00000
1.26316
1.17105
1.17722
1.64474
1.94595
1.80263
1.32500
1.39241
1.41772
1.07595
1.96000
1.66667
1.10667
1.01266
1.11392
1.07500
1.06329
1.17722
1.10127
1.12500
1.07595
1.07595
1.10127
1.10127
1.00000
1.00000
1.00000
1.00000
1.07595
1.13924
1.12658
1.12500
1.06329
1.02532
1.12658
1.07595
1.10000
1.05063
1.02532
1.00000
1.00000
1.00000
1.06329
1.03797
1.10127
1.07595
1.16456
1.07595
1.12658
1.15000
1.07595
1.00000
1.00000
1.00000
1.15190
1.13924
1.07595
1.22500
1.16456
1.12658
1.11392
1.05063
1.11392
1.10000
1.07595
1.03797
1.00000
1.00000
1.01266
1.08861
1.13750
1.12658
1.12658
1.10127
1.21250
1.10127
1.07595
1.15190
1.18987
1.08861
1.00000
1.00000
1.07595
1.10127
1.10127
1.21519
1.15190
1.16456
1.10000
1.20253
1.10127
1.18987
1.08861
1.00000
1.00000
1.00000
1.17500
1.16456
1.16456
1.12658
1.17722
1.12658
1.20253
1.12500
1.12658
1.13924
1.13924
1.00000
1.00000
1.00000
1.00000
1.03750
1.22785
1.25316
1.24051
1.02500
1.01266
1.00000
1.00000
1.00000
1.00000
1.03797
1.07595
1.15000
1.10256
1.07595
1.06250
1.11392
1.08000
1.20253
1.12658
1.12658
769.24359
592.56962
1.15385
1.00000
1.13924
1.15190
1.15190
1.12658
1.06329
1.03750
1.05063
1.05063
1.05063
1.10127
1.07500
1.00000
1.05063
1.11538
1.07595
1.10127
1.11392
1.05063
1.07595
1.05063
1.06250
1.11392
1.05063
1.03797
1.01266
1.00000
1.00000
1.03750
1.12658
1.07595
1.06329
1.05063
1.01266
1.02500
1.02532
1.06329
1.03797
1.03797
1.00000
1.00000
1.00000
1.00000
1.10000
1.06329
1.11392
1.03797
1.01266
1.01266
1.02532
1.00000
1.00000
1.00000
1.00000
1.00000
1.00000
1.00000
1.02532
1.03797
1.00000
1.07500
1.01266
1.00000
1.00000
1.00000
1.05063
1.06329
1.10127
1.02532
1.03797
1.06329
1.10127
1.11250
1.07595
1.01266
1.06494
1.01266
1.00000
1.00000
1.00000
1.02532
1.00000
1.02532
1.02532
1.03797
1.06410
1.12162
1.01351
1.01333
1.06849
0.98734
1.00000
1.00000
1.06579
1.06667
1.08108
1.06579
1.06494
1.05479
1.05405
1.08000
1.00000
1.00000
1.00000
1.02564
1.02703
1.05333
1.05405
1.04054
1.06757
1.06667
1.05405
1.04054
1.04000
1.00000
1.00000
1.00000
1.01282
1.05405
1.04000
1.04054
1.06757
1.02703
1.03896
1.00000
1.01266
1.01266
1.00000
1.00000
1.00000
1.01266
1.00000
1.05063
1.05000
1.11392
1.02532
1.01250
1.01266
1.01266
1.00000
1.00000
1.00000
1.00000
1.00000
1.00000
2.76250
1.13924
1.05063
1.06329
1.01266
1.10127
1.05063
1.00000
1.00000
1.00000
1.00000
1.08861
1.08861
1.05063
1.11250
1.05063
1.02532
1.00000
1.00000
1.11392
1.07595
1.11392
1.07595
1.05000
1.08861
1.02532
1.00000
1.00000
1.03797
1.02500
1.07595
1.05063
1.11392
1.06329
1.03797
1.00000
1.02500
1.03797
1.07595
1.06329
1.10127
1.07595
1.07595
1.00000
1.00000
1.01266
1.06329
1.10127
1.10127
1.01266
1.07595
1.05063
1.00000
1.02532
1.08861
1.10127
1.08750
1.02532
1.08861
1.07595
1.01266
1.00000
1.05063
1.08750
1.06349
1.12658
1.06250
1.08861
1.03797
1.00000
1.00000
1.01266
1.10000
1.05063
1.08861
1.13924
1.08861
1.01266
1.00000
1.01250
1.10127
1.13924
1.05063
1.07500
1.07595
1.08861
0.98734
1.00000
1.05063
1.08861
1.06329
1.13924
1.07500
1.13924
1.08861
1.00000
1.00000
1.01266
1.08861
1.03797
1.06250
1.02532
1.07595
1.00000
1.00000
1.05063
1.06329
1.02532
1.10127
1.07595
1.05063
1.11250
1.00000
1.00000
1.03797
1.08861
1.10127
1.07595
1.13924
1.07595
1.12500
1.00000
1.00000
1.11392
1.12658
1.06329
1.29487
1.36709
608.19481
767.84416
16.28947
1.36486
1.10256
1.76000
1.57143
1.46250
1.36709
1.35443
1.29114
1.30380
1.10127
1.00000
1.18987
1.24051
1.40506
1.60759
1.27848
1.74359
1.93243
1.96053
2.00000
2.00000
2.00000
2.00000
1.98667
1.63291
2.00000
2.00000
2.00000
2.01282
2.00000
2.00000
2.00000
1.91139
1.62025
1.44304
1.51899
1.87342
1.93671
1.38158
1.13158
1.01266
1.10127
1.01316
1.00000
1.00000
1.00000
1.00000
1.00000
1.00000
1.00000
1.06329
1.00000
1.07692
1.14103
1.69231
1.24359
1.00000
1.00000
1.00000
1.00000
1.00000
1.00000
1.00000
1.00000
1.02532
1.10127
1.16456
1.57692
1.41026
1.20253
1.12658
1.54545
1.13514
1.13158
1.02564
1.13514
1.10390
1.02564
1.05000
1.05063
1.07595
1.08861
1.07595
1.06329
1.03750
1.07595
1.02532
1.00000
1.00000
1.00000
1.00000
1.00000
1.02532
1.03797
1.07595
1.39241
1.85897
1.67089
1.91026
1.96154
1.72152
1.91026
1.76923
1.75949
1.44304
1.32500
1.10127
1.37975
1.35443
1.31646
1.28750
1.35443
1.36709
1.32911
1.52308
1.22785
1.73418
1.83544
1.83544
1.91026
1.98718
1.93506
1.75325
1.87179
1.26582
1.24051
1.10127
1.17722
1.21250
1.20253
1.03797
1.01266
1.00000
1.00000
1.00000
1.88000
1.90667
1.89333
1.82895
1.84000
1.89333
1.88000
1.30769
1.22500
1.27273
1.34667
1.39241
1.57333
1.32051
1.08861
1.10000
1.11392
1.02532
1.07895
1.24051
1.17722
1.12658
1.52000
1.12162
1.06757
1.75641
1.91139
2.00000
2.01266
2.00000
2.00000
1.61333
1.13333
1.23077
1.17333
1.17949
2.00000
2.00000
2.00000
1.95946
1.40506
1.11688
1.00000
1.18182
1.18421
1.20000
1.02532
1.02532
1.07595
1.07595
1.05063
1.00000
1.00000
1.00000
1.00000
1.00000
1.00000
1.00000
1.00000
1.00000
1.00000
1.00000
1.00000
1.00000
1.00000
1.00000
1.00000
1.00000
1.00000
1.00000
0.96774
1.00000
1.00000
1.00000
1.00000
1.02532
1.02532
1.01266
1.00000
1.00000
1.00000
1.06329
1.02532
1.02500
1.03797
1.08861
1.05063
1.13750
1.05063
1.06329
1.02532
1.07595
1.05000
1.06329
1.08861
1.05063
1.11250
1.08861
1.17722
1.05063
1.06329
1.06329
1.03750
1.10127
1.11392
1.10127
1.12658
1.03797
1.02532
1.07500
1.07595
1.02532
1.02532
1.03750
1.00000
1.00000
1.00000
1.00000
1.00000
1.08861
1.05063
1.07595
1.03750
1.03797
1.05063
1.02532
1.05063
1.08861
1.03797
1.02500
1.00000
1.00000
1.00000
1.01266
1.01266
1.06329
1.02532
1.08750
1.06329
1.07595
1.07595
1.02532
1.03797
1.06250
1.06329
1.00000
1.00000
1.00000
1.00000
1.05063
1.01266
1.02532
1.03797
1.05063
1.06250
1.06329
1.06329
70.22785
1076.61842
126.72368
1.00000
1.00000
1.00000
1.01266
1.08861
3.31169
3.02597
1.00000
1.00000
1.07595
1.05063
1.10127
1.11392
1.11392
1.15000
1.13924
1.10127
1.00000
1.00000
1.00000
1.02532
1.17722
1.16456
1.25316
1.13924
1.00000
1.00000
0.00000
0.00000
0.00000
0.00000
0.00000
0.00000
0.00000
0.00000
0.00000
0.00000
0.00000
0.00000
0.00000
1.09091
1.10000
1.15190
1.11392
1.12658
1.07595
1.15190
1.07500
1.17722
1.00000
1.00000
1.00000
1.00000
1.07595
1.07500
1.10127
1.13924
1.12658
1.10127
1.11250
1.11392
1.11392
1.18987
1.17722
1.11392
1.00000
1.00000
1.00000
1.10127
1.20253
1.20253
1.10526
1.05405
1.06667
1.05405
1.06757
1.02667
1.12658
1.11250
1.02532
1.00000
1.00000
1.01266
1.05063
1.11392
1.05063
1.02500
1.13924
1.06329
1.08861
1.07595
1.11250
1.03797
1.16456
1.08861
1.01266
1.00000
1.00000
1.01250
1.12658
1.08861
1.07595
1.11250
1.10127
1.08861
1.12658
1.06329
1.12658
1.15000
1.13924
1.15190
1.05063
1.00000
1.00000
1.01250
1.12658
1.18987
1.10127
1.20000
1.16456
1.20253
1.16250
1.16456
1.10127
1.03797
1.00000
1.00000
1.00000
1.01266
1.10127
1.07595
1.00000
1.01266
1.00000
1.15190
1.50633
1.22078
1.07792
1.00000
1.02532
1.00000
0.98734
0.98734
1.00000
1.00000
1.00000
1.00000
1.00000
1.09333
1.00000
1.00000
1.00000
1.00000
1.00000
1.00000
1.01266
1.02532
1.05000
1.02564
1.02500
1.01266
1.00000
1.02564
1.00000
1.00000
0.98734
1.00000
1.00000
1.00000
1.00000
1.00000
1.01266
1.01266
1.01250
1.02532
1.01266
1.00000
1.03896
1.03797
1.05063
1.03797
1.05063
1.02532
1.03797
1.07500
1.12658
1.11392
1.29487
1.90789
1.94737
2.00000
2.00000
2.00000
2.00000
1.55844
1.00000
1.00000
1.18987
1.13924
2.00000
2.00000
2.00000
2.00000
1.35443
1.15190
1.06329
1.35000
1.64557
1.82278
1.31646
1.00000
1.00000
1.00000
1.00000
1.03750
1.06329
1.08861
1.06329
1.01250
1.03797
1.03797
1.02532
1.08861
1.02500
1.07595
1.01266
1.05063
1.06329
1.06329
1.00000
1.00000
1.00000
1.00000
1.01266
1.16456
1.03797
1.08861
1.05063
1.06329
1.01266
1.01250
1.07595
1.07595
1.05063
1.07595
1.11392
1.06329
1.02532
1.00000
1.00000
1.00000
1.01266
1.03797
1.07595
1.01266
1.03797
1.06329
1.05063
1.06329
1.06329
1.08750
1.07595
1.02532
1.07595
1.03750
1.06329
1.01266
1.00000
1.00000
1.00000
1.01266
1.02532
1.05063
1.06329
1.06329
1.01266
1.01266
1.01266
1.01250
1.01266
1.08861
1.03797
1.02532
1.00000
0.98734
572.43590
730.71053
29.13514
1.93333
1.00000
1.00000
1.00000
1.02564
1.06329
1.11392
1.10127
4.21519
1.18987
1.34615
1.32432
1.07895
1.03947
1.06494
2.23077
1.15190
1.01250
1.06410
1.01316
1.04000
1.04110
1.01333
1.00000
1.00000
1.04000
1.03947
1.00000
1.00000
1.00000
1.01282
1.02703
1.05405
1.00000
1.00000
1.04000
1.01351
1.00000
1.02703
1.00000
1.01333
1.02632
1.00000
1.00000
1.00000
1.00000
1.01351
1.02703
1.02703
1.00000
1.00000
1.02703
1.01333
1.00000
1.04054
1.01333
1.04000
1.00000
1.00000
1.00000
1.01299
1.04054
1.04000
1.02703
1.02703
1.01351
1.02703
1.02703
1.01333
1.05405
1.04054
1.00000
1.00000
1.00000
1.00000
1.00000
1.00000
1.06757
1.02703
1.00000
1.00000
1.00000
1.06757
1.01333
1.01351
1.02703
1.02667
1.00000
1.00000
0.00000
0.00000
0.00000
0.00000
0.00000
0.00000
0.00000
0.00000
0.00000
0.00000
0.00000
0.00000
0.00000
0.00000
0.00000
0.00000
