4.93590
4.93750
4.91139
4.40260
4.39744
4.00000
4.00000
4.00000
4.00000
4.00000
4.00000
4.00000
4.00000
303.29114
4.00000
4.00000
4.00000
4.00000
4.00000
4.00000
4.00000
4.00000
4.00000
4.00000
4.00000
187.34177
4.00000
4.00000
319.13924
238.88608
175.70886
4.00000
4.00000
4.00000
4.00000
4.00000
4.00000
4.00000
4.00000
4.00000
4.00000
4.00000
4.00000
4.00000
4.00000
4.00000
4.00000
4.00000
4.00000
4.00000
4.00000
4.00000
4.00000
4.00000
4.00000
4.00000
4.00000
4.00000
4.00000
4.00000
4.00000
4.00000
4.00000
4.00000
4.00000
4.00000
4.13158
292.91026
5.64557
4.77215
4.00000
4.00000
4.00000
4.00000
4.00000
4.00000
4.00000
4.00000
4.00000
4.12821
4.27848
321.39241
591.74359
4.44304
4.40506
4.53165
4.39241
4.35000
4.40506
4.41772
4.31646
4.29114
4.17722
4.25316
4.17105
4.22785
4.26582
4.30380
4.35443
4.07595
4.10000
4.10127
4.15190
4.27848
4.38750
4.18987
4.31646
4.13924
4.26582
153.16456
180.82051
288.10256
3.34615
3.88608
4.36709
4.01266
1004.44304
312.28750
4.30769
4.13924
594.43038
5.24051
4.67500
4.78481
877.54430
4.54430
4.06329
4.06250
4.06329
186.72152
23.98701
4.09091
4.07692
4.03846
4.05333
4.09459
4.09459
4.12162
4.02703
4.02667
4.01250
4.06329
4.03896
4.07500
4.03846
4.02564
4.03947
4.06579
4.11842
4.17722
4.26582
4.27848
4.31250
4.40506
4.21519
4.22785
4.22500
4.19231
4.15000
4.07595
4.17722
4.25316
4.46250
4.51899
4.31646
4.34177
7.81333
4.03750
4.00000
4.00000
4.00000
4.00000
4.00000
4.00000
4.00000
4.00000
4.00000
4.00000
4.00000
4.00000
4.00000
4.00000
4.00000
4.00000
4.00000
4.00000
4.00000
4.00000
4.00000
4.00000
4.00000
4.00000
4.00000
4.00000
4.00000
4.00000
4.00000
4.00000
4.00000
4.00000
4.00000
4.00000
4.00000
4.00000
4.00000
4.00000
4.00000
4.00000
4.00000
4.00000
4.00000
4.00000
4.00000
4.00000
4.00000
4.00000
4.00000
4.00000
4.00000
4.00000
4.00000
4.00000
4.00000
4.00000
4.00000
4.00000
4.00000
4.00000
4.00000
4.00000
4.00000
4.00000
4.00000
4.00000
4.00000
4.00000
4.00000
4.00000
4.00000
4.00000
4.00000
4.00000
4.00000
4.00000
4.00000
4.00000
4.00000
4.00000
4.00000
4.00000
4.00000
4.00000
4.00000
4.00000
4.00000
4.00000
4.00000
4.00000
4.00000
4.00000
4.00000
4.00000
4.00000
306.47436
302.41558
4.39241
4.25316
605.45570
4.27848
4.16250
4.21519
4.08861
4.34177
4.17722
4.24051
4.27500
4.32911
4.37975
4.37975
4.36709
4.25316
4.33750
4.32911
4.27848
4.44304
4.35443
4.27500
4.36709
4.31646
4.34177
302.87342
360.97403
4.41772
4.48101
4.30000
4.21519
4.18987
4.35443
4.28750
4.25316
4.21519
4.21519
4.25316
4.20000
4.08861
4.07595
4.07595
4.13924
43.27500
4.25316
4.30380
4.30380
4.32911
4.44304
4.26250
4.34177
4.50633
4.53165
4.46835
4.40000
4.24051
4.39241
4.28571
4.27848
4.21519
4.47500
4.43038
4.45570
4.47500
4.45570
4.46835
4.32911
4.18987
4.30000
4.21519
4.20253
4.30380
4.30380
4.40506
4.30000
4.27848
4.20513
4.28750
4.39241
4.40506
4.35443
4.35443
4.27848
4.36250
4.22785
4.32911
4.32911
4.30000
4.30380
4.45570
4.40506
4.41772
4.48750
4.29114
4.22785
4.36709
4.27848
4.36250
4.43038
4.39241
4.46835
4.51899
4.48101
4.57500
4.48101
4.48101
4.31646
4.36709
4.32500
4.41772
4.27848
4.30380
4.17722
4.29114
4.20253
4.45000
4.31646
4.25316
4.24051
4.16456
752.16883
138.25316
5.18987
4.22785
4.31646
139.97468
81.67089
4.31250
4.43038
4.44304
4.36709
4.37975
4.26582
4.36250
4.27848
4.29167
0.00000
0.00000
0.00000
0.00000
0.00000
0.00000
0.00000
0.00000
0.00000
0.00000
0.00000
0.00000
0.00000
0.00000
0.00000
0.00000
0.00000
0.00000
4.03030
4.02532
4.07595
4.13924
4.07595
188.82278
4.01266
4.05063
4.13924
521.08974
445.71795
4.00000
4.00000
4.00000
4.00000
4.00000
4.00000
4.00000
4.00000
4.00000
4.00000
4.00000
4.00000
4.00000
4.00000
4.00000
4.00000
4.00000
4.00000
4.00000
4.00000
4.00000
4.00000
4.00000
4.00000
4.00000
4.00000
4.00000
4.00000
4.00000
4.00000
4.00000
4.00000
4.00000
4.00000
4.00000
4.00000
4.00000
4.00000
4.00000
4.00000
4.00000
4.00000
4.00000
4.00000
4.00000
4.00000
4.00000
4.00000
4.00000
4.00000
4.00000
4.00000
4.00000
4.00000
4.00000
4.00000
4.00000
4.00000
4.00000
4.00000
4.00000
4.00000
4.00000
4.00000
4.00000
4.00000
4.00000
4.00000
4.00000
4.00000
4.00000
4.00000
4.00000
4.00000
4.00000
4.00000
4.00000
4.00000
4.00000
4.00000
4.00000
4.00000
4.00000
4.00000
4.00000
4.00000
4.00000
4.00000
4.00000
4.00000
4.00000
4.00000
4.00000
4.00000
4.00000
4.00000
4.00000
4.00000
4.00000
4.00000
4.00000
4.00000
4.00000
4.00000
4.00000
4.00000
4.00000
4.00000
4.12658
2.43421
3.78205
4.32911
309.51282
4.30380
4.30380
4.24051
4.13924
4.20253
4.22785
4.13750
4.12658
904.58442
4.91250
4.13924
4.15190
4.15190
4.07595
4.16456
4.37500
4.39241
4.32911
4.25000
4.15190
4.12658
4.21250
4.24051
4.10127
4.06329
3.25000
3.48718
305.34177
424.10526
4.00000
4.00000
4.00000
4.00000
4.00000
4.00000
4.00000
4.00000
4.00000
4.00000
4.00000
4.00000
4.00000
4.00000
4.00000
4.00000
4.00000
4.00000
4.00000
4.00000
4.00000
4.00000
4.00000
4.00000
4.00000
4.00000
4.00000
4.00000
4.00000
4.00000
4.00000
4.00000
4.00000
4.00000
4.00000
4.00000
4.00000
4.00000
4.00000
4.00000
4.00000
4.00000
4.00000
4.00000
4.00000
4.00000
4.00000
4.00000
4.00000
4.00000
4.00000
4.00000
4.00000
4.00000
4.00000
4.00000
4.00000
4.00000
4.00000
4.00000
4.00000
4.00000
4.00000
4.00000
4.00000
4.00000
4.00000
4.00000
4.00000
4.00000
4.00000
4.00000
4.00000
4.00000
4.00000
4.00000
4.00000
4.00000
4.00000
4.00000
4.00000
4.00000
4.00000
4.00000
4.00000
4.00000
4.00000
4.00000
4.00000
4.00000
4.00000
4.00000
4.00000
4.00000
4.00000
4.00000
4.10127
902.50000
877.92308
136.67500
594.51899
4.43038
4.36709
389.05063
4.36250
4.30380
4.18987
4.20253
4.26582
4.16250
4.17722
4.13924
4.20000
4.13924
4.26582
4.25316
4.15190
4.15000
4.21519
4.21519
4.37975
165.88608
722.12987
4.18987
4.28750
4.13924
4.12658
4.11392
4.07595
4.03797
4.07500
4.03797
4.05063
4.00000
4.03797
4.00000
4.01250
4.02532
4.01266
4.00000
4.00000
4.00000
4.00000
4.00000
4.00000
3.98734
4.00000
4.00000
4.00000
4.00000
4.00000
4.00000
4.00000
4.00000
4.00000
4.00000
4.00000
4.00000
4.00000
4.00000
4.00000
4.00000
4.00000
4.00000
4.00000
4.00000
4.00000
4.00000
4.00000
4.00000
4.00000
4.00000
4.00000
4.00000
4.00000
4.00000
4.00000
4.00000
4.00000
4.00000
4.00000
4.00000
4.00000
4.00000
4.00000
4.00000
4.00000
4.00000
4.00000
4.00000
4.00000
4.00000
4.00000
4.00000
4.00000
4.00000
4.00000
4.00000
4.00000
4.00000
4.00000
4.00000
4.00000
4.00000
4.00000
4.00000
4.00000
4.00000
4.00000
4.00000
4.00000
4.00000
4.00000
4.00000
4.00000
4.00000
4.00000
4.00000
4.00000
4.00000
4.00000
4.00000
4.00000
4.00000
4.00000
4.00000
4.00000
4.00000
4.00000
4.00000
4.00000
4.00000
4.00000
4.00000
4.00000
4.00000
4.00000
4.00000
4.00000
4.00000
4.00000
4.00000
4.00000
4.00000
4.00000
4.00000
4.00000
4.00000
4.00000
4.00000
4.00000
4.00000
4.00000
4.00000
4.00000
4.00000
4.00000
4.01266
4.02667
4.21519
4.43038
4.27848
4.30380
4.27848
4.30380
4.27500
4.16456
4.10127
604.43421
286.38667
4.32911
4.31646
4.20000
4.17722
4.25316
4.31646
4.26582
4.24051
299.56250
374.46835
4.49333
4.00000
4.00000
4.00000
4.00000
4.00000
4.00000
4.00000
4.00000
4.00000
4.00000
4.00000
4.00000
4.00000
4.00000
4.00000
4.00000
4.00000
4.00000
4.00000
4.00000
4.00000
4.00000
4.00000
4.00000
4.00000
4.00000
4.00000
4.00000
4.00000
4.00000
4.00000
4.00000
4.00000
4.00000
4.00000
4.00000
4.00000
4.00000
4.00000
4.00000
4.00000
4.00000
4.00000
4.00000
4.00000
4.00000
4.00000
4.00000
4.00000
4.00000
4.00000
4.00000
4.00000
4.00000
4.00000
4.00000
4.00000
4.00000
4.00000
4.00000
4.00000
7.67105
213.72368
4.00000
4.00000
4.00000
4.00000
4.00000
4.00000
4.00000
4.00000
4.00000
4.00000
4.00000
4.00000
4.00000
4.00000
4.00000
4.00000
4.00000
4.00000
4.00000
4.00000
4.00000
4.00000
4.00000
4.00000
4.00000
682.29487
262.15789
4.00000
4.89189
4.00000
4.00000
249.10526
4.00000
4.00000
4.00000
4.00000
4.00000
4.00000
4.00000
4.00000
4.00000
4.00000
4.00000
4.00000
4.00000
4.00000
4.00000
4.00000
4.00000
0.00000
0.00000
0.00000
0.00000
0.00000
0.00000
0.00000
0.00000
0.00000
0.00000
0.00000
0.00000
0.00000
0.00000
0.00000
0.00000
0.00000
0.00000
0.00000
0.00000
0.00000
0.00000
4.00000
4.00000
4.00000
4.00000
4.00000
905.97333
4.44304
4.02500
4.08861
4.06329
4.10127
4.08861
4.10127
4.02532
4.01266
4.08861
4.08750
4.06329
4.01266
4.00000
4.00000
4.00000
4.00000
4.00000
4.00000
4.00000
4.00000
4.00000
4.00000
4.00000
4.00000
4.00000
4.00000
4.00000
4.00000
4.00000
4.00000
4.00000
4.00000
4.00000
4.00000
4.00000
4.00000
4.00000
4.00000
4.00000
4.00000
4.00000
4.00000
4.00000
4.00000
4.00000
4.00000
4.00000
4.00000
4.00000
4.00000
4.00000
4.00000
4.00000
4.00000
4.00000
4.00000
4.00000
4.00000
4.00000
4.00000
4.00000
4.00000
4.00000
4.00000
4.00000
4.00000
4.00000
4.00000
4.00000
4.00000
4.00000
4.00000
4.00000
4.00000
4.00000
4.00000
4.00000
4.00000
4.00000
4.00000
4.00000
4.00000
4.00000
4.00000
4.00000
4.00000
4.00000
4.00000
4.00000
4.00000
4.00000
4.00000
4.00000
4.00000
4.00000
4.00000
4.00000
4.00000
4.00000
4.00000
4.00000
4.00000
4.00000
4.00000
4.00000
4.00000
4.00000
4.00000
4.00000
4.00000
4.00000
4.00000
4.00000
4.00000
4.00000
4.00000
4.00000
4.00000
4.00000
4.00000
4.00000
4.00000
4.00000
4.00000
4.00000
4.00000
4.00000
4.00000
4.00000
4.00000
4.00000
4.00000
4.00000
3.35443
3.75949
4.00000
4.00000
4.00000
4.00000
4.00000
4.00000
4.00000
4.00000
301.36250
4.00000
4.03797
4.10127
4.01266
4.01266
4.20253
4.48101
4.62500
4.68354
4.72152
4.77215
4.58228
4.61250
4.60759
4.77215
4.77215
4.67089
4.69620
4.65823
4.56962
4.20253
2.50649
306.70886
4.87342
4.00000
4.00000
4.00000
4.00000
4.00000
4.00000
4.00000
4.00000
4.00000
4.00000
4.00000
4.00000
4.00000
4.00000
4.00000
4.00000
4.00000
4.00000
4.00000
4.00000
4.00000
4.00000
4.00000
4.00000
4.00000
4.00000
4.00000
4.00000
4.00000
4.00000
4.00000
4.00000
4.00000
4.00000
4.00000
4.00000
4.00000
4.00000
4.00000
4.00000
4.00000
4.00000
4.00000
4.00000
4.00000
4.00000
4.00000
4.00000
4.00000
4.00000
4.00000
4.00000
4.00000
4.00000
4.00000
4.00000
4.00000
4.00000
4.00000
4.00000
4.00000
4.00000
4.00000
4.00000
3.48052
4.00000
4.00000
4.00000
4.00000
4.00000
4.00000
4.00000
4.00000
4.00000
4.00000
4.00000
4.00000
4.00000
4.00000
4.00000
4.00000
4.00000
4.00000
4.00000
4.00000
4.00000
4.00000
4.00000
4.00000
4.00000
4.00000
4.00000
4.00000
4.00000
4.00000
4.00000
4.00000
4.00000
4.00000
4.00000
4.00000
4.00000
4.00000
4.00000
4.00000
4.00000
4.00000
4.00000
4.00000
4.00000
4.00000
4.00000
4.00000
4.00000
4.00000
4.00000
4.00000
4.00000
4.00000
4.00000
4.00000
4.00000
4.06579
4.51899
4.55696
4.68750
4.73418
4.69620
4.69620
4.73418
4.47500
4.60759
4.69620
4.65823
4.81250
4.79747
4.69620
4.73418
4.03797
4.00000
4.00000
4.00000
4.00000
4.00000
4.00000
4.00000
4.00000
4.00000
4.00000
4.00000
4.00000
4.00000
4.00000
4.00000
4.00000
4.00000
4.00000
4.00000
4.00000
4.00000
4.00000
4.00000
4.00000
4.00000
4.00000
4.00000
4.00000
4.00000
4.00000
4.00000
4.00000
4.00000
4.00000
4.00000
4.00000
4.00000
4.00000
4.00000
4.00000
4.00000
4.00000
4.00000
4.00000
4.00000
4.00000
4.00000
4.00000
4.00000
4.00000
4.00000
4.00000
4.00000
4.00000
4.00000
4.00000
4.00000
4.00000
4.00000
4.00000
4.00000
4.00000
4.00000
4.00000
4.00000
4.00000
4.00000
4.00000
4.00000
4.00000
4.00000
4.00000
4.00000
4.00000
4.00000
4.01266
4.01266
4.00000
4.00000
4.00000
4.00000
4.00000
4.00000
4.00000
4.00000
4.00000
4.00000
4.00000
4.00000
4.00000
4.00000
4.00000
4.00000
4.00000
4.00000
4.00000
4.00000
4.00000
4.00000
4.00000
4.00000
4.00000
4.00000
4.00000
4.00000
4.00000
4.00000
4.00000
4.00000
4.00000
4.00000
4.00000
4.00000
4.00000
4.00000
4.00000
4.00000
4.00000
4.00000
4.00000
4.00000
4.00000
4.00000
4.00000
4.00000
4.00000
4.00000
4.00000
4.00000
4.00000
4.07595
481.54545
734.57143
4.08108
4.04054
4.06494
4.08861
4.07595
4.13750
4.18987
4.11392
4.03797
4.06329
4.03750
4.07595
4.11392
4.02532
4.10000
4.07595
4.07595
4.06329
4.02532
4.11250
4.17722
4.16456
4.12658
4.11392
303.32911
4.01250
263.83333
158.46835
4.03797
4.03797
4.02532
4.45570
4.03797
4.10000
4.02532
4.07595
4.03797
4.01250
4.05063
4.08861
4.11538
314.32895
306.73684
141.67949
4.05128
4.03797
4.03947
4.02703
4.06667
4.04054
4.07692
4.08861
4.05000
4.13333
4.02564
4.06410
4.01351
4.01333
4.09091
4.11250
4.15190
4.16667
4.16456
4.11250
4.08861
4.11392
4.16250
4.15190
6.88462
5.50000
4.05000
4.03797
4.08861
4.02597
4.00000
4.01333
4.00000
3.98734
4.00000
4.00000
4.00000
4.00000
4.00000
4.00000
4.00000
4.00000
4.00000
4.00000
4.00000
4.00000
4.00000
4.00000
4.00000
4.03896
4.08750
4.00000
4.00000
4.00000
4.00000
4.03846
4.00000
4.01299
4.05263
4.03896
4.05263
4.15190
4.01266
4.00000
4.00000
4.00000
4.00000
4.00000
4.00000
4.00000
4.00000
4.00000
4.00000
4.00000
4.00000
4.00000
4.00000
4.00000
4.00000
4.00000
4.00000
4.00000
4.00000
4.00000
4.00000
4.00000
4.00000
4.00000
4.00000
4.00000
4.00000
4.00000
4.00000
4.00000
4.00000
4.00000
4.00000
4.00000
4.00000
4.00000
4.00000
4.00000
4.00000
4.00000
4.00000
4.00000
4.00000
4.00000
4.00000
4.00000
4.00000
4.00000
4.00000
4.00000
4.00000
4.00000
4.00000
4.00000
4.00000
4.00000
4.00000
4.00000
4.00000
4.00000
4.00000
4.00000
4.00000
4.13924
498.58750
411.35443
4.60759
4.35897
4.63636
4.48052
183.88608
4.00000
4.00000
4.00000
4.00000
4.00000
4.00000
4.00000
4.00000
4.00000
4.00000
4.00000
4.00000
4.00000
4.00000
4.00000
4.00000
4.00000
4.00000
4.00000
4.00000
4.00000
4.00000
4.00000
4.00000
4.00000
4.00000
4.00000
4.00000
4.00000
4.00000
4.00000
4.00000
4.00000
4.00000
4.00000
4.00000
4.00000
4.00000
4.00000
4.00000
4.00000
4.00000
4.00000
4.00000
4.00000
4.00000
4.00000
4.00000
4.00000
4.00000
4.00000
4.00000
4.00000
4.00000
4.00000
4.00000
4.00000
4.00000
4.00000
4.00000
4.00000
4.00000
4.00000
4.00000
4.00000
4.00000
4.00000
4.00000
4.00000
4.00000
4.00000
4.00000
4.00000
4.00000
4.00000
4.00000
4.00000
4.00000
4.00000
4.00000
4.00000
4.00000
4.00000
4.00000
4.00000
4.00000
4.00000
4.00000
4.00000
4.00000
4.00000
4.00000
4.00000
4.00000
4.00000
4.00000
4.00000
4.00000
3.64557
309.36364
4.75949
4.00000
4.00000
4.00000
4.00000
4.00000
4.00000
4.00000
3.98701
3.67568
3.64000
3.70667
3.69333
3.82667
48.19737
562.31169
277.48052
3.86842
3.88312
3.88158
4.00000
168.53947
4.00000
4.00000
4.00000
4.00000
4.00000
4.00000
4.00000
4.00000
4.00000
4.00000
4.00000
4.00000
4.00000
4.00000
4.00000
4.00000
4.00000
4.00000
4.25316
4.75949
4.81250
4.81013
4.79747
4.74684
4.82278
4.91139
4.88608
29.25000
7.56962
4.67089
10.15190
1324.62025
1348.11538
1478.62338
1476.93590
1436.73077
1116.12658
1427.65000
1333.44304
1434.46835
1369.21795
1422.36842
1382.78750
551.74359
1008.90000
872.18987
28.87342
10.96250
3.55263
4.33333
3.92405
1213.36709
1306.97436
1172.40000
789.84615
13.87179
274.08861
4.31646
4.20253
4.15190
4.26250
4.20253
4.21519
4.08861
4.07595
4.07595
4.20000
4.18987
4.30380
4.20000
4.58228
4.68354
4.72152
4.81013
4.83544
4.50000
4.00000
4.00000
4.00000
4.00000
4.00000
4.00000
4.00000
4.00000
4.00000
4.00000
4.00000
4.05405
4.02703
4.06667
4.26250
283.58974
614.34177
4.31646
4.27848
4.15190
4.23750
4.13924
4.13924
4.20000
4.10127
4.07595
4.11392
4.07595
4.05063
4.00000
4.03797
4.03797
4.02532
4.01266
4.01266
4.00000
4.01250
4.02532
4.00000
4.01266
4.01266
226.38961
4.01266
4.00000
4.00000
4.00000
4.00000
4.00000
4.00000
4.01250
4.96154
6.75000
4.00000
4.00000
165.27273
4.00000
4.01266
4.02500
4.00000
4.00000
4.00000
4.00000
4.00000
4.00000
4.00000
4.00000
4.00000
4.00000
4.00000
4.00000
4.00000
4.00000
4.00000
4.00000
4.00000
4.00000
4.00000
4.00000
4.00000
4.00000
4.00000
4.02532
4.00000
4.00000
4.00000
4.00000
4.00000
4.00000
4.00000
4.00000
4.00000
4.00000
4.00000
4.00000
4.00000
4.00000
4.00000
4.00000
4.00000
4.00000
4.00000
4.00000
4.00000
4.00000
4.00000
4.00000
4.00000
4.00000
4.00000
4.00000
4.00000
4.00000
4.00000
4.00000
4.00000
4.00000
4.00000
4.00000
4.00000
4.00000
4.00000
4.00000
4.00000
4.00000
4.00000
4.00000
4.00000
4.00000
4.00000
4.00000
4.00000
4.00000
4.00000
4.00000
4.00000
4.00000
4.00000
4.00000
4.00000
4.00000
4.00000
4.00000
4.00000
4.00000
4.00000
4.00000
4.00000
4.00000
4.00000
4.00000
4.00000
4.00000
4.00000
4.00000
4.00000
4.00000
4.00000
4.00000
4.00000
4.00000
4.00000
4.00000
4.00000
4.00000
4.00000
4.00000
4.00000
4.00000
4.06329
4.17722
4.02632
4.11392
4.21519
4.17722
4.21519
4.21250
4.06329
4.03797
4.10127
4.03797
571.53846
603.09333
220.61842
4.00000
4.01282
4.01266
4.01266
4.00000
4.01266
3.97403
979.35443
4.46835
4.02500
4.01266
4.00000
4.00000
4.00000
4.00000
4.00000
4.00000
4.00000
4.00000
4.00000
4.00000
4.00000
4.00000
4.00000
4.00000
4.00000
4.00000
4.00000
4.00000
4.00000
4.00000
4.00000
4.00000
4.00000
4.00000
4.00000
4.00000
4.00000
4.00000
4.00000
4.00000
4.00000
4.00000
4.00000
4.00000
4.00000
4.00000
4.00000
4.00000
4.00000
4.00000
4.00000
4.00000
4.00000
4.00000
4.00000
4.00000
4.00000
130.46053
4.00000
4.00000
4.00000
4.00000
4.00000
4.00000
4.00000
4.00000
4.00000
4.00000
4.00000
4.00000
4.00000
4.00000
4.00000
4.00000
4.00000
4.00000
4.00000
4.00000
4.00000
4.00000
4.00000
4.00000
4.00000
4.00000
4.00000
4.00000
4.00000
4.00000
4.00000
4.00000
4.00000
4.00000
4.00000
4.00000
4.00000
4.00000
4.00000
4.00000
4.00000
4.00000
4.00000
4.00000
4.00000
4.00000
4.00000
4.00000
4.00000
4.00000
4.00000
4.00000
4.10667
4.70886
4.81013
4.87342
4.82278
4.87342
4.77500
4.89873
4.83544
4.77215
4.76250
4.64557
4.59494
4.73418
4.81013
4.80000
4.83544
4.75949
4.74684
4.74684
4.77500
4.73418
4.79747
4.72152
4.67089
4.49367
4.39241
340.24359
366.36364
342.40260
4.83544
4.01266
4.01266
4.00000
4.00000
4.01266
4.00000
4.00000
4.00000
4.00000
4.02532
4.00000
917.11392
4.00000
4.00000
300.63158
4.50000
4.00000
4.00000
4.00000
4.00000
4.00000
4.00000
4.00000
4.00000
4.01266
4.01266
4.00000
4.01266
4.00000
4.00000
4.00000
4.00000
4.01282
4.01266
4.02500
4.05063
4.06329
4.08861
4.15000
4.05128
4.17500
4.11392
4.16456
4.17722
4.15190
4.00000
4.00000
4.00000
4.00000
4.00000
4.00000
4.00000
4.00000
4.00000
4.00000
4.00000
4.00000
4.00000
4.00000
4.00000
4.00000
4.00000
4.00000
4.00000
4.00000
4.00000
4.00000
4.00000
4.00000
4.00000
4.00000
4.00000
4.00000
4.00000
4.00000
4.00000
4.00000
4.00000
4.00000
4.00000
4.00000
4.00000
4.00000
4.00000
4.00000
4.00000
4.00000
4.00000
4.00000
4.00000
4.00000
4.00000
4.00000
4.00000
4.00000
4.00000
4.00000
4.00000
4.00000
4.00000
4.00000
4.00000
4.00000
4.00000
4.00000
4.00000
4.00000
4.00000
4.00000
4.00000
4.00000
4.00000
4.00000
4.00000
4.00000
4.00000
4.00000
4.00000
4.00000
4.00000
4.00000
4.00000
4.00000
4.00000
4.00000
4.00000
4.00000
4.00000
4.00000
4.00000
4.00000
4.00000
4.00000
4.00000
4.00000
4.00000
4.08861
4.16250
4.13924
4.15190
4.07595
4.07595
4.00000
4.01266
4.00000
995.93421
782.71053
428.97403
133.20513
4.03797
4.02532
4.08750
3.38462
2.63158
3.87342
4.00000
4.01266
4.00000
4.01266
4.03797
362.33333
197.29487
4.00000
4.00000
4.00000
4.00000
4.00000
4.00000
4.00000
4.00000
4.00000
4.00000
4.00000
4.00000
4.00000
4.00000
4.01282
4.26582
4.37975
16.21519
133.16667
773.11842
4.00000
4.00000
4.00000
4.00000
4.00000
4.00000
4.00000
4.00000
4.00000
4.00000
4.00000
4.00000
4.00000
4.00000
4.00000
4.00000
4.00000
4.00000
4.00000
4.00000
4.00000
4.00000
4.00000
4.00000
4.00000
4.00000
4.00000
4.00000
4.00000
4.00000
4.00000
4.00000
4.00000
4.00000
4.00000
4.00000
4.00000
4.00000
4.00000
4.00000
4.00000
4.00000
4.00000
4.00000
4.00000
4.00000
4.00000
4.00000
4.00000
4.00000
4.00000
4.00000
4.00000
4.00000
4.00000
4.00000
4.00000
4.00000
4.00000
4.00000
4.00000
4.00000
4.00000
4.00000
4.00000
4.00000
4.00000
4.00000
4.00000
4.00000
4.00000
4.00000
4.00000
4.00000
4.00000
4.00000
4.00000
4.00000
4.00000
4.00000
4.00000
4.00000
4.00000
4.00000
4.00000
4.00000
4.00000
4.00000
4.00000
4.00000
4.00000
4.00000
4.00000
4.00000
4.00000
4.00000
4.00000
4.00000
4.00000
4.00000
4.00000
4.00000
4.02532
4.18987
4.07595
4.01266
4.02532
901.68354
4.02500
4.00000
4.01266
4.01266
4.03750
4.02532
4.02532
4.02532
4.01266
4.01266
4.02532
4.03750
4.03797
4.03797
4.01266
4.02532
4.10127
4.06250
4.03797
4.06329
4.07595
4.05063
4.11250
4.15190
4.05063
4.05063
4.20000
4.12658
900.59494
4.00000
4.00000
4.00000
4.00000
4.00000
4.00000
4.00000
4.00000
4.00000
4.00000
4.00000
4.00000
4.00000
4.00000
4.00000
4.00000
4.00000
4.00000
4.00000
4.00000
4.00000
4.00000
4.00000
4.00000
4.00000
4.00000
4.00000
4.00000
4.00000
4.00000
4.00000
4.00000
4.00000
4.00000
4.00000
4.00000
4.00000
4.00000
4.00000
4.00000
4.00000
4.00000
4.00000
4.00000
4.00000
4.00000
4.00000
4.00000
4.00000
4.00000
4.00000
4.00000
4.00000
4.00000
4.00000
4.00000
4.00000
4.00000
4.00000
4.00000
4.00000
4.00000
4.00000
4.00000
4.00000
4.00000
4.00000
4.00000
4.00000
4.00000
4.00000
4.00000
4.00000
4.00000
4.00000
4.00000
4.00000
4.00000
4.00000
4.00000
4.00000
4.00000
4.00000
4.00000
4.00000
4.00000
4.00000
4.00000
4.00000
4.00000
4.00000
4.00000
4.00000
4.00000
4.00000
4.00000
4.00000
4.00000
4.00000
4.00000
4.00000
4.00000
4.00000
4.11392
4.10526
4.24051
4.21519
4.17722
4.11392
4.27500
4.41772
4.31646
4.20253
283.54430
904.00000
63.75949
4.25000
4.27848
4.39241
4.24051
4.38750
4.37975
4.50633
4.54430
4.32911
4.27500
4.34177
4.39241
4.24051
435.62338
4.00000
4.00000
4.00000
4.00000
4.00000
4.00000
4.00000
4.00000
4.00000
4.00000
4.00000
4.00000
4.00000
4.00000
4.00000
4.00000
4.00000
4.00000
4.00000
4.00000
4.00000
4.00000
4.00000
4.00000
4.00000
4.00000
4.00000
4.00000
4.00000
4.00000
4.00000
4.00000
4.00000
4.00000
4.00000
4.00000
4.00000
4.00000
4.00000
4.00000
4.00000
4.00000
4.00000
4.00000
4.00000
4.00000
4.00000
4.00000
4.00000
4.00000
4.00000
4.00000
4.00000
4.00000
4.00000
4.00000
4.00000
4.00000
4.00000
4.00000
4.00000
4.00000
4.00000
4.00000
4.00000
4.00000
4.00000
4.00000
4.00000
4.00000
4.00000
4.00000
4.00000
4.00000
4.00000
4.00000
4.00000
4.00000
4.00000
4.00000
4.00000
4.00000
4.00000
4.00000
4.00000
4.00000
4.00000
4.00000
4.00000
4.00000
4.00000
4.00000
4.00000
4.00000
4.00000
4.00000
4.00000
4.00000
4.00000
4.00000
4.00000
4.00000
4.00000
4.00000
4.00000
4.00000
4.00000
4.00000
4.00000
4.00000
4.00000
4.00000
4.00000
4.00000
4.00000
4.00000
4.00000
4.00000
4.00000
4.00000
4.00000
4.00000
4.00000
4.00000
4.00000
4.00000
4.00000
4.00000
4.00000
4.00000
4.00000
4.00000
4.00000
4.00000
4.00000
4.00000
4.00000
4.00000
4.00000
4.00000
4.00000
4.00000
4.00000
4.00000
4.00000
4.00000
4.00000
4.00000
4.00000
4.00000
4.00000
4.00000
4.00000
4.00000
4.00000
4.00000
914.80769
4.00000
4.00000
4.00000
4.00000
4.00000
4.00000
4.00000
4.00000
4.00000
4.00000
4.00000
4.00000
4.00000
4.00000
4.00000
4.00000
4.00000
4.00000
4.00000
4.00000
4.00000
4.00000
4.00000
4.00000
4.00000
4.00000
4.00000
4.00000
4.00000
4.00000
4.00000
4.00000
4.00000
4.00000
4.00000
4.00000
4.00000
4.00000
4.00000
4.00000
4.00000
4.00000
4.00000
4.00000
4.00000
4.00000
4.00000
4.00000
4.00000
4.00000
4.00000
4.00000
4.00000
4.00000
4.00000
4.00000
4.00000
4.00000
4.00000
4.00000
4.00000
4.00000
4.00000
4.00000
4.00000
4.00000
4.00000
4.00000
4.00000
4.00000
4.00000
4.00000
4.00000
4.00000
4.00000
4.00000
4.00000
4.00000
4.00000
4.00000
4.00000
4.00000
4.00000
4.00000
4.00000
4.00000
4.00000
4.00000
4.00000
4.00000
4.00000
4.00000
4.00000
4.00000
4.00000
4.00000
4.00000
4.00000
4.00000
4.00000
4.00000
4.00000
4.00000
4.00000
4.00000
4.00000
311.42105
295.18987
4.64557
4.11250
4.12658
4.07595
4.07595
4.08861
4.05195
4.02597
4.05063
4.00000
4.02500
4.01282
43.42500
392.29114
282.01333
4.00000
4.00000
4.00000
4.00000
4.00000
4.00000
4.00000
4.00000
4.00000
4.00000
4.00000
4.00000
4.00000
4.00000
4.00000
4.00000
4.00000
4.00000
4.00000
4.00000
4.00000
4.00000
4.00000
4.00000
4.00000
4.00000
4.00000
4.00000
4.00000
4.00000
4.00000
4.00000
4.00000
4.00000
4.00000
4.00000
4.00000
4.00000
4.00000
4.00000
4.00000
4.00000
4.00000
4.00000
4.00000
4.00000
4.00000
4.00000
4.00000
4.00000
4.00000
3.98667
4.00000
4.00000
4.00000
4.00000
4.00000
4.00000
4.00000
4.00000
4.00000
4.00000
4.00000
4.00000
4.00000
4.00000
4.00000
4.00000
4.00000
4.00000
4.00000
4.00000
4.00000
4.00000
4.00000
4.00000
4.00000
4.00000
4.00000
4.00000
4.00000
4.00000
4.00000
4.00000
4.00000
4.00000
4.00000
4.00000
4.00000
4.00000
4.00000
4.00000
4.00000
4.00000
4.00000
4.00000
4.00000
4.00000
4.00000
4.00000
4.00000
4.00000
4.00000
4.00000
4.00000
4.00000
4.00000
4.00000
4.00000
4.00000
4.00000
4.00000
4.00000
4.00000
4.00000
4.00000
4.00000
4.00000
4.00000
4.00000
4.00000
4.00000
4.00000
4.00000
4.00000
4.00000
4.00000
4.37662
4.65823
4.61250
4.71795
4.76316
4.74324
4.66667
4.64557
4.66667
4.59494
4.58228
4.53165
4.58228
4.28205
4.34177
4.28750
4.24051
5.17949
6.84416
4.44304
4.35443
4.30380
24.36709
877.14286
4.03797
4.49367
4.10000
4.03797
4.07595
4.06329
4.10127
4.08861
4.08750
4.12658
4.05063
4.05063
4.06329
4.11392
4.13750
4.06329
4.02532
4.12500
4.03797
4.01266
4.06329
4.10127
4.10127
4.11392
4.12658
4.24051
4.15000
4.24051
4.16456
7.46667
5.37838
4.10667
4.20000
4.12000
4.27848
4.02532
4.00000
4.00000
4.00000
4.00000
4.00000
4.00000
4.00000
4.00000
4.00000
4.00000
4.00000
4.00000
4.00000
4.00000
4.00000
4.00000
4.00000
4.00000
4.00000
4.00000
4.00000
4.00000
4.00000
4.00000
4.00000
4.00000
4.00000
4.00000
4.00000
4.00000
4.00000
4.00000
4.00000
4.00000
4.00000
4.00000
4.00000
4.00000
4.00000
4.00000
4.00000
4.00000
4.00000
4.00000
4.00000
4.00000
4.00000
4.00000
4.00000
4.00000
4.00000
4.00000
4.00000
4.00000
4.00000
4.00000
4.00000
4.00000
4.00000
4.00000
4.00000
4.00000
4.00000
4.00000
4.00000
4.00000
4.00000
4.00000
4.00000
4.00000
4.00000
4.00000
4.00000
4.00000
4.00000
4.00000
4.00000
4.00000
4.00000
4.00000
2.70130
85.12821
830.45333
422.35065
4.38750
4.41772
4.32911
4.39241
4.29114
4.20253
4.16250
4.21519
4.16456
4.27848
4.17722
4.12658
4.15000
4.10127
4.18987
4.01266
4.00000
4.00000
3.26250
3.83544
546.66234
118.51899
4.00000
4.00000
574.75000
4.00000
4.00000
4.00000
4.00000
4.00000
4.00000
4.00000
4.00000
4.00000
4.00000
4.00000
4.00000
4.00000
4.00000
4.00000
4.00000
4.00000
4.00000
4.00000
4.00000
4.00000
4.00000
4.00000
4.00000
4.00000
4.00000
4.00000
4.00000
4.00000
4.00000
4.00000
4.00000
4.00000
4.00000
4.00000
4.00000
4.00000
4.00000
4.00000
4.00000
4.00000
4.00000
4.00000
4.00000
4.00000
4.00000
4.00000
4.00000
4.00000
4.00000
4.00000
4.00000
4.00000
4.00000
4.00000
4.00000
4.00000
4.00000
4.00000
4.00000
4.00000
4.00000
4.00000
4.00000
4.00000
4.00000
4.00000
4.00000
4.00000
4.00000
4.00000
4.00000
4.00000
4.00000
4.00000
4.00000
4.00000
4.00000
4.00000
4.00000
4.00000
4.00000
4.00000
4.00000
4.00000
4.00000
4.00000
4.00000
4.00000
4.00000
4.00000
4.00000
4.00000
4.00000
4.00000
4.00000
4.00000
4.00000
4.00000
4.00000
4.00000
4.00000
4.00000
4.00000
4.00000
4.00000
4.00000
4.00000
4.00000
4.00000
4.00000
4.00000
4.00000
4.00000
4.00000
4.00000
4.00000
4.00000
4.00000
4.00000
4.00000
4.00000
4.00000
4.00000
4.00000
4.00000
4.00000
4.23750
4.78481
4.69620
4.77215
4.76250
4.49367
302.40506
590.42857
4.10127
4.11392
4.11392
4.07500
4.12658
4.11392
4.18987
4.07500
4.08861
4.15190
4.26582
4.21519
4.15190
4.08861
4.11250
4.08974
4.07500
4.15190
4.12658
4.12658
4.12500
4.11392
4.02532
4.13924
4.17722
4.12658
4.12500
4.20253
4.17722
4.13924
4.15190
4.31646
4.18750
4.34177
4.43038
4.21519
4.34177
4.48485
4.20253
4.22667
4.00000
4.00000
4.00000
4.00000
4.00000
4.00000
4.00000
4.00000
4.00000
4.00000
4.00000
4.00000
4.00000
4.00000
4.00000
4.00000
4.00000
4.00000
4.00000
4.00000
4.00000
4.00000
4.00000
4.00000
4.00000
4.00000
4.00000
4.00000
4.00000
4.00000
4.00000
4.00000
4.00000
4.00000
4.00000
4.00000
4.00000
4.00000
4.00000
4.00000
4.00000
4.00000
4.00000
4.00000
4.00000
4.00000
4.00000
4.00000
4.00000
4.00000
4.00000
4.00000
4.00000
4.00000
4.00000
4.00000
4.00000
4.00000
4.00000
4.00000
4.00000
4.00000
4.00000
4.00000
4.00000
4.00000
4.00000
4.00000
4.00000
4.00000
4.00000
4.00000
4.00000
4.00000
4.00000
4.00000
4.00000
4.00000
4.00000
4.00000
4.00000
4.00000
4.00000
4.00000
4.00000
4.00000
4.00000
4.00000
4.00000
4.00000
4.00000
4.00000
4.00000
4.00000
4.08861
4.16456
23.96104
579.35526
30.34177
4.20253
4.13750
4.17722
4.11392
4.11392
4.08750
4.05128
4.01250
4.00000
4.03797
4.10000
4.11392
4.01266
4.01266
4.02532
441.00000
448.51899
285.11392
4.02532
4.02532
4.02532
4.00000
4.00000
4.00000
4.00000
4.00000
4.00000
4.00000
4.00000
3.87342
3.10127
4.00000
4.00000
4.00000
4.00000
4.00000
4.00000
4.00000
4.00000
4.00000
4.00000
4.00000
4.00000
2.28000
7.18987
287.32468
4.00000
4.00000
4.02532
4.00000
4.01266
4.05063
4.03797
4.06329
4.07500
4.02532
4.01266
4.03797
4.07500
3.51899
3.44872
3.76923
138.20253
1015.81013
974.18987
3.35000
3.98718
4.07595
4.07692
4.11538
4.06410
4.10127
4.05063
4.11392
4.05195
4.00000
3.98718
4.00000
4.00000
4.01299
3.98718
4.02564
4.02564
4.00000
3.92208
3.88000
3.86667
3.89333
3.98667
3.89610
4.00000
4.00000
4.00000
4.00000
3.79747
3.88462
3.94937
3.92308
3.90909
3.98718
4.00000
4.00000
4.00000
4.00000
4.00000
4.00000
4.00000
4.00000
4.00000
282.17722
4.00000
4.00000
4.00000
4.00000
3.98734
4.00000
4.89189
411.01316
4.00000
4.00000
4.00000
4.00000
4.00000
4.00000
4.00000
4.00000
4.00000
4.00000
4.00000
4.00000
4.00000
4.00000
4.00000
4.00000
4.00000
4.00000
4.00000
4.00000
4.00000
597.23377
107.06329
4.41250
4.01266
4.03797
4.01250
4.03797
392.60759
515.24051
4.00000
4.00000
4.03797
4.00000
4.02500
4.00000
4.01266
4.00000
4.00000
4.05063
4.02532
4.03797
4.05063
4.07500
4.03797
4.01266
4.01266
4.03797
4.11392
4.06329
4.07595
4.06250
4.03797
4.11392
4.13924
4.18750
4.15190
4.21519
4.24051
4.27848
4.34177
4.51899
4.18987
4.00000
4.00000
4.00000
4.00000
4.00000
4.00000
4.00000
4.00000
4.01316
4.00000
4.01250
4.01266
4.00000
4.00000
4.00000
4.00000
4.00000
4.00000
4.00000
4.00000
4.00000
4.00000
4.00000
4.00000
4.00000
4.00000
4.00000
4.00000
4.00000
4.00000
4.00000
4.00000
4.00000
4.00000
4.00000
4.00000
4.00000
4.00000
4.00000
4.00000
4.00000
4.00000
4.00000
4.00000
4.00000
4.00000
4.00000
4.00000
4.00000
4.00000
4.00000
4.00000
4.00000
4.00000
4.00000
4.00000
4.00000
4.00000
4.00000
4.00000
4.00000
4.00000
4.00000
4.00000
4.00000
4.00000
4.00000
4.00000
4.00000
4.00000
4.00000
4.00000
4.00000
4.00000
4.00000
4.00000
4.00000
4.00000
4.00000
4.00000
4.00000
4.00000
4.00000
4.00000
4.00000
4.00000
4.00000
4.00000
4.00000
4.00000
4.00000
4.00000
4.31646
318.05263
4.58442
593.54054
281.68831
5.64557
4.74684
4.61250
4.60759
4.93671
4.87342
4.78481
4.68354
4.78481
4.81250
4.69620
4.68354
4.59494
4.46835
4.44304
4.56250
4.53165
4.49367
4.32911
4.68354
4.55000
4.54430
4.48101
4.20253
4.30380
4.29114
4.32911
4.39241
4.32911
4.39241
4.21519
4.24051
302.51250
299.16456
4.00000
4.00000
4.00000
4.00000
4.00000
4.00000
4.00000
4.00000
4.00000
4.00000
4.00000
4.00000
4.00000
4.00000
4.00000
4.00000
316.97368
4.00000
4.00000
4.00000
4.00000
4.00000
4.00000
4.00000
4.00000
4.00000
4.00000
4.00000
4.00000
4.00000
4.00000
4.00000
4.00000
4.00000
4.00000
313.07792
4.45946
4.00000
4.00000
4.00000
4.00000
4.00000
4.00000
4.00000
4.00000
4.00000
4.00000
2.40260
316.37662
4.00000
4.00000
4.00000
4.00000
4.00000
4.00000
4.00000
4.00000
4.00000
4.00000
4.00000
4.00000
4.00000
4.00000
4.00000
4.00000
4.00000
4.00000
4.00000
4.00000
4.00000
4.00000
4.00000
4.00000
4.00000
4.00000
4.00000
4.00000
4.00000
4.00000
4.00000
4.00000
4.00000
4.00000
4.00000
4.00000
3.98718
3.94872
4.00000
3.92208
4.00000
4.00000
4.00000
4.00000
4.00000
4.00000
4.00000
4.00000
4.00000
3.97403
487.16667
910.89873
4.06494
4.15789
4.15385
4.22368
4.31250
4.10127
4.08861
4.02597
4.24051
4.27848
4.27848
4.20000
4.17722
4.29114
4.26582
4.25316
4.13750
4.16456
4.21519
4.17722
4.07500
4.07595
4.06329
4.02532
4.07595
4.12500
4.12658
4.06329
4.06329
4.05063
4.16456
4.07500
4.07595
4.10127
4.05063
4.07595
4.13750
4.06329
4.20253
4.12500
4.20253
4.16456
4.22785
4.21519
4.25316
4.27848
4.17722
4.12500
4.30380
4.48101
4.56962
4.58228
4.51250
4.54430
4.51899
922.91139
4.00000
4.00000
4.00000
4.00000
4.00000
4.00000
4.00000
4.00000
4.00000
4.00000
4.00000
4.00000
4.00000
4.00000
4.00000
4.00000
4.00000
4.00000
4.00000
4.00000
4.00000
4.00000
4.00000
4.00000
4.00000
4.00000
4.00000
4.00000
4.00000
4.00000
4.00000
4.00000
4.00000
4.00000
4.00000
4.00000
4.00000
4.00000
4.00000
4.00000
4.00000
4.00000
4.00000
4.00000
4.00000
4.00000
4.00000
4.00000
4.00000
4.00000
4.00000
4.00000
4.00000
4.00000
4.00000
4.00000
4.00000
4.00000
4.00000
4.00000
4.00000
4.00000
4.00000
4.00000
4.00000
4.00000
4.00000
4.00000
4.00000
4.00000
4.00000
4.00000
4.00000
4.00000
4.00000
4.00000
4.00000
4.00000
4.00000
4.00000
4.00000
4.00000
4.00000
4.00000
4.00000
4.00000
4.00000
4.00000
4.00000
4.00000
4.00000
4.00000
4.00000
4.00000
4.00000
4.00000
4.00000
4.00000
4.00000
4.00000
4.00000
4.00000
3.74359
2.22973
287.69620
4.06410
4.17722
4.23750
4.32911
4.03947
4.00000
4.00000
4.00000
4.00000
4.00000
4.00000
4.00000
4.00000
4.00000
4.00000
4.00000
4.00000
4.00000
4.00000
4.00000
4.00000
4.00000
4.00000
4.00000
4.00000
4.00000
4.00000
4.00000
4.00000
4.00000
4.00000
4.00000
4.00000
4.00000
4.00000
4.00000
4.00000
4.00000
4.00000
4.00000
4.00000
4.00000
4.00000
4.00000
4.00000
4.00000
4.00000
4.00000
4.00000
4.00000
4.00000
4.00000
4.00000
4.00000
4.00000
4.00000
4.00000
4.00000
4.00000
4.00000
4.00000
4.00000
4.00000
4.00000
4.00000
4.00000
4.00000
4.00000
4.00000
4.00000
4.00000
4.00000
4.00000
4.00000
4.00000
4.00000
4.00000
4.00000
4.00000
4.00000
4.00000
4.00000
4.00000
4.00000
4.00000
4.00000
4.00000
4.00000
4.00000
4.00000
4.00000
4.00000
4.00000
4.00000
4.00000
4.00000
4.00000
4.00000
4.00000
4.00000
4.00000
4.00000
4.00000
4.00000
4.00000
4.00000
4.00000
4.00000
4.00000
4.00000
4.00000
4.00000
4.00000
4.00000
4.00000
4.00000
4.00000
4.00000
4.00000
4.00000
4.00000
4.00000
4.00000
4.00000
4.00000
4.00000
4.00000
4.00000
4.00000
4.00000
4.00000
4.00000
4.00000
4.00000
4.00000
4.00000
4.00000
4.00000
4.00000
4.00000
4.00000
4.00000
4.00000
4.00000
4.00000
4.00000
4.00000
4.00000
4.00000
4.00000
4.00000
4.00000
4.00000
4.07595
4.08861
4.08861
844.94937
4.08974
4.17722
4.05000
4.02532
4.05063
4.11538
4.16456
4.08974
4.20513
4.07692
4.03846
4.06329
4.08974
4.00000
4.00000
4.00000
4.00000
4.00000
4.00000
4.00000
4.00000
4.00000
4.00000
4.00000
4.00000
4.00000
4.00000
4.00000
4.00000
4.00000
4.00000
4.00000
4.00000
4.00000
4.00000
4.00000
4.00000
4.00000
4.00000
4.00000
4.00000
4.00000
4.00000
4.00000
4.00000
4.00000
4.00000
4.00000
4.00000
4.00000
4.00000
4.00000
4.00000
4.00000
4.00000
4.00000
4.00000
4.00000
4.00000
4.00000
4.00000
4.00000
4.00000
4.00000
4.00000
4.00000
4.00000
4.00000
4.00000
4.00000
4.00000
4.00000
4.00000
4.00000
4.00000
4.00000
4.00000
4.00000
4.00000
4.00000
4.00000
4.00000
4.00000
4.00000
4.00000
4.00000
4.00000
4.00000
4.00000
4.00000
4.00000
4.00000
4.00000
4.00000
4.00000
4.00000
4.00000
4.00000
4.00000
4.00000
4.00000
4.00000
4.00000
4.00000
4.00000
4.00000
4.32468
2.25000
4.62025
304.05128
281.11538
4.91139
4.83333
4.76623
4.88608
4.89744
4.94872
4.83544
4.81013
4.82278
4.75949
4.89873
4.88462
4.92405
4.70513
4.62821
4.39744
4.52564
4.44304
4.34615
4.15789
4.27632
4.00000
4.00000
4.00000
4.00000
4.00000
4.00000
4.00000
4.00000
4.00000
4.00000
4.00000
4.00000
4.00000
4.00000
4.00000
4.00000
4.00000
4.00000
4.00000
4.00000
4.00000
4.00000
4.00000
4.00000
4.00000
4.00000
4.00000
4.00000
4.00000
4.00000
4.00000
4.00000
4.00000
4.00000
4.00000
4.00000
4.00000
4.00000
4.00000
4.00000
4.00000
4.00000
4.00000
4.00000
4.00000
4.00000
4.00000
4.00000
4.00000
4.00000
4.00000
4.00000
4.00000
4.00000
4.00000
4.00000
4.00000
4.00000
4.00000
4.00000
4.00000
4.00000
4.00000
4.00000
4.00000
4.00000
4.00000
4.00000
4.00000
4.00000
4.00000
4.00000
4.00000
4.00000
4.00000
4.00000
4.00000
4.00000
4.00000
4.00000
4.00000
4.00000
4.00000
4.00000
4.00000
4.00000
4.00000
4.00000
4.00000
4.00000
4.00000
4.00000
4.00000
4.00000
4.00000
4.00000
4.00000
4.00000
4.00000
4.00000
4.00000
4.00000
4.00000
4.00000
4.00000
4.00000
4.00000
4.00000
4.00000
4.00000
4.00000
4.00000
4.00000
4.00000
4.00000
4.00000
4.00000
4.00000
4.00000
4.00000
4.00000
0.00000
0.00000
0.00000
0.00000
0.00000
0.00000
0.00000
0.00000
0.00000
0.00000
0.00000
0.00000
0.00000
0.00000
0.00000
0.00000
0.00000
0.00000
0.00000
0.00000
0.00000
0.00000
0.00000
0.00000
0.00000
0.00000
0.00000
0.00000
0.00000
0.00000
0.00000
0.00000
0.00000
0.00000
0.00000
0.00000
0.00000
0.00000
0.00000
0.00000
0.00000
0.00000
0.00000
0.00000
0.00000
0.00000
0.00000
0.00000
0.00000
0.00000
0.00000
0.00000
0.00000
0.00000
0.00000
0.00000
0.00000
0.00000
0.00000
0.00000
0.00000
0.00000
0.00000
0.00000
0.00000
0.00000
0.00000
0.00000
0.00000
0.00000
0.00000
0.00000
0.00000
0.00000
0.00000
0.00000
0.00000
0.00000
0.00000
0.00000
0.00000
0.00000
0.00000
0.00000
0.00000
0.00000
0.00000
0.00000
0.00000
0.00000
0.00000
0.00000
0.00000
0.00000
0.00000
0.00000
0.00000
0.00000
0.00000
0.00000
0.00000
0.00000
0.00000
0.00000
0.00000
0.00000
0.00000
0.00000
0.00000
0.00000
0.00000
0.00000
0.00000
0.00000
0.00000
0.00000
0.00000
0.00000
0.00000
0.00000
0.00000
0.00000
0.00000
0.00000
0.00000
0.00000
0.00000
0.00000
0.00000
0.00000
0.00000
0.00000
0.00000
0.00000
0.00000
0.00000
0.00000
0.00000
0.00000
0.00000
0.00000
0.00000
0.00000
0.00000
0.00000
0.00000
0.00000
0.00000
0.00000
0.00000
0.00000
0.00000
0.00000
0.00000
0.00000
0.00000
0.00000
0.00000
0.00000
0.00000
0.00000
0.00000
0.00000
0.00000
0.00000
0.00000
0.00000
0.00000
0.00000
0.00000
0.00000
0.00000
0.00000
0.00000
0.00000
0.00000
0.00000
0.00000
0.00000
0.00000
0.00000
0.00000
0.00000
0.00000
0.00000
0.00000
0.00000
0.00000
0.00000
0.00000
0.00000
0.00000
0.00000
0.00000
0.00000
0.00000
0.00000
0.00000
0.00000
0.00000
0.00000
0.00000
0.00000
0.00000
0.00000
0.00000
0.00000
0.00000
0.00000
0.00000
0.00000
0.00000
0.00000
0.00000
0.00000
0.00000
0.00000
0.00000
0.00000
0.00000
0.00000
0.00000
0.00000
0.00000
0.00000
0.00000
0.00000
0.00000
0.00000
0.00000
0.00000
0.00000
0.00000
0.00000
0.00000
0.00000
0.00000
0.00000
0.00000
0.00000
0.00000
0.00000
0.00000
0.00000
0.00000
0.00000
0.00000
0.00000
0.00000
0.00000
0.00000
0.00000
0.00000
0.00000
0.00000
0.00000
0.00000
0.00000
0.00000
0.00000
0.00000
0.00000
0.00000
0.00000
0.00000
0.00000
0.00000
0.00000
0.00000
0.00000
0.00000
0.00000
0.00000
0.00000
0.00000
0.00000
0.00000
0.00000
0.00000
0.00000
0.00000
0.00000
0.00000
0.00000
0.00000
0.00000
0.00000
0.00000
0.00000
0.00000
0.00000
0.00000
0.00000
0.00000
0.00000
0.00000
0.00000
0.00000
0.00000
0.00000
0.00000
0.00000
0.00000
0.00000
0.00000
0.00000
0.00000
0.00000
0.00000
0.00000
0.00000
0.00000
0.00000
0.00000
0.00000
0.00000
0.00000
0.00000
0.00000
0.00000
0.00000
0.00000
0.00000
0.00000
0.00000
0.00000
0.00000
0.00000
0.00000
0.00000
0.00000
0.00000
0.00000
0.00000
0.00000
0.00000
0.00000
0.00000
0.00000
0.00000
0.00000
0.00000
0.00000
0.00000
0.00000
0.00000
0.00000
0.00000
0.00000
0.00000
0.00000
0.00000
0.00000
0.00000
0.00000
0.00000
0.00000
0.00000
0.00000
0.00000
0.00000
0.00000
0.00000
0.00000
0.00000
0.00000
0.00000
0.00000
0.00000
0.00000
0.00000
0.00000
0.00000
0.00000
0.00000
0.00000
0.00000
0.00000
0.00000
0.00000
0.00000
0.00000
0.00000
0.00000
0.00000
0.00000
0.00000
0.00000
0.00000
0.00000
0.00000
0.00000
0.00000
0.00000
0.00000
0.00000
0.00000
0.00000
0.00000
0.00000
0.00000
0.00000
0.00000
0.00000
0.00000
0.00000
0.00000
0.00000
0.00000
0.00000
0.00000
0.00000
0.00000
0.00000
0.00000
0.00000
0.00000
0.00000
0.00000
0.00000
0.00000
0.00000
0.00000
0.00000
0.00000
0.00000
0.00000
0.00000
0.00000
0.00000
0.00000
0.00000
0.00000
0.00000
0.00000
0.00000
0.00000
0.00000
0.00000
0.00000
0.00000
0.00000
0.00000
0.00000
0.00000
0.00000
0.00000
0.00000
0.00000
0.00000
0.00000
0.00000
0.00000
0.00000
0.00000
0.00000
0.00000
0.00000
0.00000
0.00000
0.00000
0.00000
0.00000
0.00000
0.00000
0.00000
0.00000
0.00000
0.00000
0.00000
0.00000
0.00000
0.00000
0.00000
0.00000
0.00000
0.00000
0.00000
0.00000
0.00000
0.00000
0.00000
0.00000
0.00000
0.00000
0.00000
0.00000
0.00000
0.00000
0.00000
0.00000
0.00000
0.00000
0.00000
0.00000
0.00000
0.00000
0.00000
0.00000
0.00000
0.00000
0.00000
0.00000
0.00000
0.00000
0.00000
0.00000
0.00000
0.00000
0.00000
0.00000
0.00000
0.00000
0.00000
0.00000
0.00000
0.00000
0.00000
0.00000
0.00000
0.00000
0.00000
0.00000
0.00000
0.00000
0.00000
0.00000
0.00000
0.00000
0.00000
0.00000
0.00000
0.00000
0.00000
0.00000
0.00000
0.00000
0.00000
0.00000
0.00000
0.00000
0.00000
0.00000
0.00000
0.00000
0.00000
0.00000
0.00000
0.00000
0.00000
0.00000
0.00000
0.00000
0.00000
0.00000
0.00000
0.00000
0.00000
0.00000
0.00000
0.00000
0.00000
0.00000
0.00000
0.00000
0.00000
0.00000
0.00000
0.00000
0.00000
0.00000
0.00000
0.00000
0.00000
0.00000
0.00000
0.00000
0.00000
0.00000
0.00000
0.00000
0.00000
0.00000
0.00000
0.00000
0.00000
0.00000
0.00000
0.00000
0.00000
0.00000
0.00000
0.00000
0.00000
0.00000
0.00000
0.00000
0.00000
0.00000
0.00000
0.00000
0.00000
0.00000
0.00000
0.00000
0.00000
0.00000
0.00000
0.00000
0.00000
0.00000
0.00000
0.00000
0.00000
0.00000
0.00000
0.00000
0.00000
0.00000
0.00000
0.00000
0.00000
0.00000
0.00000
0.00000
0.00000
0.00000
0.00000
0.00000
0.00000
0.00000
0.00000
0.00000
0.00000
0.00000
0.00000
0.00000
0.00000
0.00000
0.00000
0.00000
0.00000
0.00000
0.00000
0.00000
0.00000
0.00000
0.00000
0.00000
0.00000
0.00000
0.00000
0.00000
0.00000
0.00000
0.00000
0.00000
0.00000
0.00000
0.00000
0.00000
0.00000
0.00000
0.00000
0.00000
0.00000
0.00000
0.00000
0.00000
0.00000
0.00000
0.00000
0.00000
0.00000
0.00000
0.00000
0.00000
0.00000
0.00000
0.00000
0.00000
0.00000
0.00000
0.00000
0.00000
0.00000
0.00000
0.00000
0.00000
0.00000
0.00000
0.00000
0.00000
0.00000
0.00000
0.00000
0.00000
0.00000
0.00000
0.00000
0.00000
0.00000
0.00000
0.00000
0.00000
0.00000
0.00000
0.00000
0.00000
0.00000
0.00000
0.00000
0.00000
0.00000
0.00000
0.00000
0.00000
0.00000
0.00000
0.00000
0.00000
0.00000
0.00000
0.00000
0.00000
0.00000
0.00000
0.00000
0.00000
0.00000
0.00000
0.00000
0.00000
0.00000
0.00000
0.00000
0.00000
0.00000
0.00000
0.00000
0.00000
0.00000
0.00000
0.00000
0.00000
0.00000
0.00000
0.00000
0.00000
0.00000
0.00000
0.00000
0.00000
0.00000
0.00000
0.00000
0.00000
0.00000
0.00000
0.00000
0.00000
0.00000
0.00000
0.00000
0.00000
0.00000
0.00000
0.00000
0.00000
0.00000
0.00000
0.00000
0.00000
0.00000
0.00000
0.00000
0.00000
0.00000
0.00000
0.00000
0.00000
0.00000
0.00000
4.00000
4.00000
4.00000
4.00000
4.00000
4.00000
4.00000
4.00000
4.00000
4.00000
4.00000
4.00000
4.00000
4.00000
4.00000
4.00000
4.00000
4.00000
4.00000
4.00000
4.00000
4.00000
4.00000
4.00000
4.00000
4.00000
4.00000
4.00000
4.00000
4.00000
4.00000
4.00000
4.00000
4.00000
4.00000
4.00000
4.00000
4.00000
4.00000
4.00000
4.00000
4.00000
4.00000
4.00000
4.00000
4.00000
4.00000
4.00000
4.00000
4.00000
4.00000
4.00000
4.00000
4.00000
4.00000
4.00000
4.00000
4.00000
4.00000
4.00000
4.00000
4.00000
4.00000
4.00000
4.00000
4.00000
4.00000
4.00000
4.00000
4.00000
4.00000
4.00000
4.00000
4.00000
4.00000
4.00000
4.00000
4.00000
4.00000
4.00000
4.00000
4.00000
4.00000
4.00000
4.00000
4.00000
4.00000
4.00000
4.00000
4.00000
4.00000
4.00000
4.00000
4.00000
4.00000
4.00000
4.00000
4.00000
4.00000
4.00000
4.00000
4.00000
4.00000
4.00000
4.00000
4.00000
4.00000
4.00000
4.00000
4.00000
4.00000
4.00000
4.00000
4.00000
4.01266
4.30380
932.70000
174.89873
4.43038
4.44304
4.43038
881.51899
4.93750
4.41772
4.40506
4.36709
4.26582
4.32911
4.32911
4.43038
4.45000
4.36709
4.26582
4.17722
4.22785
4.26582
4.31250
4.29114
4.34177
4.26582
4.40506
4.46835
4.50000
4.35897
4.05000
4.00000
4.00000
4.00000
4.00000
4.00000
4.00000
4.00000
4.00000
4.00000
4.00000
4.00000
4.00000
4.00000
4.00000
4.00000
4.00000
4.00000
4.00000
4.00000
4.00000
4.00000
4.00000
4.00000
4.00000
4.00000
4.00000
4.00000
4.00000
4.00000
4.00000
4.00000
4.00000
4.00000
4.00000
4.00000
4.00000
4.00000
4.00000
4.00000
4.00000
4.00000
4.00000
4.00000
4.00000
4.00000
4.00000
4.00000
4.00000
4.00000
4.00000
4.00000
4.00000
4.00000
4.00000
4.00000
4.00000
4.00000
4.00000
4.00000
4.00000
4.00000
4.00000
4.00000
4.00000
4.00000
4.00000
4.00000
4.00000
4.00000
4.00000
4.00000
4.00000
4.00000
4.00000
4.00000
4.00000
4.00000
4.00000
4.01250
4.00000
4.00000
4.00000
4.00000
4.00000
4.00000
4.00000
4.00000
4.00000
4.00000
4.00000
4.00000
4.00000
4.00000
4.00000
4.00000
4.00000
4.00000
4.00000
4.00000
4.00000
4.00000
4.00000
4.00000
4.00000
4.00000
4.00000
4.00000
4.00000
4.00000
4.00000
4.00000
4.00000
4.00000
4.00000
4.00000
4.00000
4.00000
4.00000
4.00000
4.00000
4.00000
4.00000
3.05128
3.82278
4.00000
4.00000
4.00000
4.00000
4.00000
4.00000
4.00000
4.00000
4.00000
4.00000
4.00000
4.00000
4.00000
4.00000
4.00000
4.00000
4.00000
4.00000
4.00000
4.00000
4.00000
4.00000
4.00000
4.00000
4.00000
4.00000
4.00000
4.00000
2.56962
3.24051
147.35897
4.00000
3.98684
4.00000
4.00000
4.00000
4.00000
4.00000
4.00000
4.00000
4.00000
4.00000
4.00000
4.00000
4.00000
4.00000
4.00000
4.00000
4.00000
4.00000
4.00000
4.00000
4.00000
4.00000
4.00000
4.00000
4.00000
4.00000
4.00000
4.00000
4.00000
4.00000
4.00000
4.00000
4.00000
4.00000
4.00000
4.00000
4.00000
4.00000
4.00000
4.00000
4.00000
4.00000
4.00000
4.00000
4.00000
4.00000
4.00000
4.00000
4.00000
316.73684
402.70130
4.00000
4.00000
4.00000
4.00000
4.24051
4.21519
4.16456
4.06329
4.07595
4.13924
4.15000
4.06329
4.07595
4.15190
4.16456
4.17722
4.21519
4.21250
4.07595
4.12658
4.05063
4.01266
4.02500
4.07692
4.03750
4.05063
4.06329
4.13924
4.16456
4.16456
4.15190
4.21250
4.15190
4.22785
4.21250
4.31646
4.22785
4.24051
4.18987
4.13924
4.15000
4.17722
4.15190
4.11392
4.01266
4.02532
4.05000
4.06329
4.02532
4.05063
4.11392
4.02532
4.00000
4.00000
4.01266
4.03750
4.03797
4.08861
4.02532
4.02500
4.01266
4.02532
4.03750
4.01266
4.13924
4.05063
4.05063
4.07595
4.17722
4.12500
4.25316
4.31646
872.15190
120.01250
6.66667
4.00000
4.00000
4.00000
4.00000
4.00000
4.00000
4.00000
4.00000
4.00000
4.00000
4.00000
4.00000
4.00000
4.00000
4.00000
4.00000
4.00000
4.00000
4.00000
4.00000
4.00000
4.00000
4.00000
4.00000
4.00000
4.00000
4.00000
4.00000
4.00000
4.00000
4.00000
4.00000
4.00000
4.00000
4.00000
4.00000
4.00000
4.00000
4.00000
4.00000
4.00000
4.00000
4.00000
4.00000
4.00000
4.00000
4.00000
4.00000
4.00000
4.00000
4.00000
4.00000
4.00000
4.00000
4.00000
4.00000
4.00000
4.00000
4.00000
4.00000
4.00000
4.00000
4.00000
4.00000
4.00000
4.00000
4.00000
4.00000
4.00000
4.00000
4.00000
4.00000
4.00000
4.00000
4.00000
4.00000
4.00000
4.00000
4.00000
4.00000
4.00000
4.00000
4.00000
4.00000
4.00000
4.00000
4.00000
4.00000
4.00000
4.00000
4.00000
4.00000
4.00000
4.00000
4.00000
4.00000
4.00000
4.00000
4.00000
4.00000
4.00000
4.00000
4.00000
4.00000
4.00000
4.00000
4.00000
4.00000
4.00000
3.67089
3.58228
4.31169
4.57143
4.55696
4.62025
4.74684
4.74684
4.64557
4.62025
4.43038
4.43750
4.51899
4.37975
4.27500
276.48718
326.42308
4.20253
4.22500
4.12658
140.54430
6.51948
4.07595
4.10127
4.33750
4.44304
4.34177
3.36709
287.23077
4.69620
4.32500
4.32911
4.15190
4.35000
4.19231
4.25000
4.18987
4.01351
4.01351
4.06329
4.27848
4.00000
4.06250
4.12658
4.16456
4.16456
605.82278
186.10000
4.13924
4.15190
4.24051
4.36709
4.31646
4.05263
4.08974
4.05128
4.03896
4.00000
4.13924
4.11538
4.25974
4.32468
4.41772
311.51282
244.35443
273.17722
720.83544
4.81013
4.78481
4.23684
4.00000
4.00000
4.00000
4.00000
4.00000
4.00000
4.00000
4.00000
4.00000
4.00000
4.00000
4.00000
4.00000
4.00000
4.00000
4.00000
4.00000
4.00000
4.00000
4.00000
4.00000
4.00000
4.00000
4.00000
4.00000
4.00000
4.00000
4.00000
4.00000
4.00000
4.00000
4.00000
4.00000
4.00000
3.98684
4.00000
4.00000
4.00000
4.00000
4.00000
2.25316
331.79487
4.00000
4.00000
4.00000
4.00000
4.00000
4.00000
4.00000
4.00000
4.00000
4.00000
4.00000
4.00000
4.00000
4.00000
4.00000
4.00000
4.00000
4.00000
4.00000
3.91892
3.98667
4.00000
4.00000
4.00000
4.00000
4.01266
4.00000
4.16456
4.41772
4.23750
4.21519
4.05063
4.05063
4.01250
4.01266
4.06329
4.01266
4.02500
4.05063
4.03896
4.00000
4.02500
4.00000
4.03846
4.02564
4.01299
4.02564
4.06410
4.02632
4.01316
4.02632
4.06579
4.05128
4.01266
4.12987
4.20253
4.27848
4.35443
4.31646
4.25676
4.29730
4.18667
4.27027
4.50633
4.46835
4.43038
4.56962
4.58228
4.65000
4.29114
4.20253
4.25316
4.31646
4.30380
4.26582
4.32500
4.32911
4.48101
4.51899
4.46835
4.53165
4.46835
4.36250
4.36709
4.44304
4.44304
4.53165
4.53750
4.32911
4.40506
4.58750
4.07595
4.00000
4.00000
4.00000
4.00000
4.00000
4.00000
4.00000
4.00000
4.00000
4.00000
4.00000
4.00000
4.00000
4.00000
4.00000
4.00000
4.00000
4.00000
4.00000
4.00000
4.00000
4.00000
4.00000
4.00000
4.00000
4.00000
4.00000
4.00000
4.00000
4.00000
4.00000
4.00000
4.00000
4.00000
4.00000
4.00000
4.00000
4.00000
4.00000
4.00000
4.00000
4.00000
4.00000
4.00000
4.00000
4.00000
4.00000
4.00000
4.00000
4.00000
4.00000
4.00000
4.00000
4.00000
4.00000
4.00000
4.00000
4.00000
4.00000
4.00000
4.00000
4.00000
4.40506
3.07895
3.67532
65.22785
245.78481
4.41772
4.39241
4.54430
4.53165
187.69620
707.79747
4.78481
4.30380
4.27848
4.12658
4.07500
4.08861
4.12658
4.08861
4.08861
4.00000
4.11538
4.07595
4.11392
321.22785
423.93421
4.00000
4.00000
4.00000
4.00000
4.00000
4.00000
4.00000
4.00000
4.06667
607.85000
5.29114
4.83544
4.88608
4.52564
4.00000
4.00000
4.00000
4.00000
4.00000
4.00000
4.00000
4.00000
4.00000
4.00000
4.00000
4.00000
4.00000
4.00000
4.00000
4.00000
4.00000
4.00000
4.00000
4.00000
4.00000
4.00000
4.00000
4.00000
4.00000
4.00000
4.00000
4.00000
4.00000
4.00000
4.00000
4.00000
4.00000
4.00000
4.00000
4.00000
4.00000
4.00000
4.00000
4.00000
4.00000
4.00000
4.00000
4.00000
4.00000
4.00000
4.00000
4.00000
4.00000
4.00000
4.00000
4.00000
4.00000
4.00000
4.00000
4.00000
4.00000
4.00000
4.00000
4.00000
4.00000
4.00000
4.00000
4.00000
4.00000
4.00000
4.00000
4.00000
4.00000
4.00000
4.00000
4.00000
4.00000
4.00000
4.00000
4.00000
4.00000
4.00000
4.00000
4.00000
4.00000
4.00000
4.00000
4.00000
4.00000
4.00000
4.00000
4.00000
4.00000
4.00000
4.00000
4.00000
4.00000
4.00000
4.00000
4.00000
4.00000
4.00000
4.00000
4.00000
4.00000
4.00000
4.00000
4.00000
4.00000
4.00000
4.00000
4.00000
4.00000
4.00000
4.14474
4.80000
4.81013
4.77215
4.94937
29.69620
544.20253
76.93671
108.48750
4.81013
4.88608
4.91139
4.87342
4.73750
4.73418
1375.49333
950.40000
4.12500
4.10127
59.69620
807.62025
4.01266
4.00000
4.03750
4.01266
271.29487
4.05063
4.05063
4.08750
4.13924
4.05063
145.35526
4.01333
4.04000
4.00000
4.01333
4.00000
4.00000
4.00000
4.08861
4.07595
4.17333
4.10127
4.05405
4.02703
4.14865
4.21333
4.30667
4.33766
4.03797
4.00000
4.00000
4.00000
4.00000
4.00000
4.00000
4.00000
4.00000
4.00000
4.00000
4.00000
4.00000
4.00000
4.00000
4.00000
3.98734
4.00000
4.00000
4.00000
4.00000
4.00000
4.00000
4.00000
4.00000
4.00000
4.00000
4.00000
4.00000
4.00000
4.00000
4.00000
4.00000
4.00000
4.00000
4.00000
4.00000
4.00000
4.00000
4.00000
4.00000
4.00000
4.00000
4.00000
4.00000
4.00000
4.00000
4.00000
4.00000
4.00000
4.00000
4.00000
4.00000
4.00000
4.00000
4.00000
4.00000
4.00000
4.00000
4.00000
4.00000
4.00000
4.00000
4.00000
4.00000
4.00000
4.00000
4.00000
4.00000
4.00000
4.00000
4.00000
4.00000
4.00000
4.00000
4.00000
4.00000
4.00000
4.00000
4.00000
4.00000
4.00000
4.00000
4.00000
4.00000
4.00000
4.00000
4.00000
4.00000
4.00000
4.00000
3.70886
3.54430
4.00000
4.00000
4.00000
4.00000
4.00000
4.00000
4.00000
4.00000
589.07692
301.12821
4.68354
4.18987
4.06329
4.08750
4.08974
4.00000
4.11250
4.10256
362.50000
549.60000
4.08861
4.00000
4.00000
4.00000
4.00000
4.00000
4.00000
4.00000
4.00000
4.00000
4.00000
4.00000
4.00000
4.00000
4.00000
4.00000
4.00000
4.00000
4.00000
4.00000
4.00000
4.00000
4.00000
4.00000
4.00000
4.00000
4.00000
4.10127
11.13924
4.98734
4.92405
4.57692
4.00000
4.00000
4.00000
4.00000
4.00000
4.00000
4.00000
4.00000
4.00000
4.00000
4.00000
4.00000
4.00000
4.00000
4.00000
4.00000
4.00000
4.00000
4.00000
4.00000
4.00000
4.00000
4.00000
4.00000
4.00000
4.00000
4.00000
4.00000
4.00000
4.00000
4.00000
4.00000
3.90667
3.43243
3.48649
3.45333
3.63514
3.69333
3.82432
4.00000
4.00000
4.00000
4.00000
4.00000
4.00000
4.00000
4.00000
4.00000
4.00000
4.00000
4.00000
4.00000
4.00000
4.00000
4.00000
4.00000
4.00000
4.00000
4.00000
4.00000
4.00000
4.00000
4.00000
4.00000
4.00000
4.00000
4.00000
4.00000
4.00000
4.00000
4.00000
4.00000
4.00000
4.00000
4.00000
4.00000
4.00000
4.00000
4.00000
4.00000
4.00000
4.00000
4.00000
4.00000
4.00000
4.00000
4.00000
4.00000
4.00000
4.00000
4.00000
4.00000
4.00000
4.00000
4.00000
4.00000
4.00000
4.00000
4.00000
4.00000
4.00000
4.00000
4.00000
4.00000
4.00000
4.00000
4.00000
4.00000
4.00000
4.00000
4.00000
4.00000
4.00000
4.00000
4.00000
4.00000
4.00000
4.00000
4.00000
4.00000
4.00000
4.00000
4.00000
4.05000
4.16456
4.17722
4.10127
4.05000
4.00000
4.00000
4.00000
4.00000
4.00000
4.00000
4.00000
4.00000
3.98734
4.00000
4.00000
4.00000
4.00000
4.00000
4.00000
4.00000
4.00000
4.00000
4.00000
4.00000
4.00000
4.00000
4.00000
4.00000
4.00000
4.00000
4.00000
4.00000
4.00000
4.00000
4.00000
4.00000
4.00000
4.00000
4.00000
4.00000
4.00000
4.00000
4.00000
4.00000
4.00000
4.00000
4.00000
4.00000
4.00000
4.00000
4.00000
4.00000
4.00000
4.00000
4.00000
4.00000
4.00000
4.00000
4.00000
4.00000
4.00000
4.00000
4.00000
4.00000
4.00000
4.00000
4.00000
4.00000
4.00000
4.00000
4.00000
4.00000
4.00000
4.00000
4.00000
4.00000
4.00000
4.00000
4.00000
4.00000
4.00000
4.00000
4.00000
4.00000
4.00000
4.00000
4.00000
4.00000
4.00000
4.00000
4.00000
4.00000
4.00000
4.00000
4.00000
4.00000
4.00000
4.00000
4.00000
4.00000
4.00000
4.00000
4.00000
4.00000
4.00000
4.00000
4.00000
4.00000
4.00000
4.00000
4.00000
4.00000
4.00000
4.00000
4.00000
4.00000
4.24051
306.81013
476.86842
6.23077
4.40506
4.41772
4.15000
4.24051
4.12658
4.24051
4.26582
4.29114
4.11250
4.30380
4.26582
4.17500
4.10127
4.18987
4.18987
4.30380
4.16456
4.13924
4.00000
4.00000
4.00000
4.00000
4.00000
4.00000
4.00000
4.00000
4.00000
4.00000
4.00000
4.00000
4.00000
4.00000
4.00000
4.00000
4.00000
4.00000
4.00000
4.00000
4.00000
4.00000
4.00000
4.00000
4.00000
4.00000
4.00000
4.00000
4.00000
4.00000
4.00000
4.00000
4.00000
4.00000
4.00000
4.00000
4.00000
4.00000
4.00000
4.00000
4.00000
4.00000
4.00000
4.00000
4.00000
4.00000
4.00000
4.00000
4.00000
4.00000
4.00000
4.00000
4.00000
4.00000
4.00000
4.00000
4.00000
4.00000
4.00000
4.00000
4.00000
4.00000
4.00000
4.00000
4.00000
4.00000
4.00000
4.00000
4.00000
4.00000
4.00000
4.00000
4.00000
4.00000
4.00000
4.00000
4.00000
4.00000
4.00000
4.00000
4.00000
4.00000
4.00000
4.00000
4.00000
4.00000
4.00000
4.00000
4.00000
4.00000
4.00000
4.00000
4.00000
4.00000
4.00000
4.00000
4.00000
4.00000
4.00000
4.00000
4.00000
4.00000
4.00000
4.00000
4.00000
4.00000
4.00000
4.00000
4.00000
4.00000
4.00000
4.00000
4.00000
4.00000
4.00000
4.00000
4.00000
4.00000
4.00000
4.00000
4.00000
4.00000
4.00000
4.00000
4.00000
4.00000
4.00000
4.00000
4.00000
4.00000
4.00000
4.00000
4.00000
4.00000
4.00000
4.00000
4.00000
4.00000
4.00000
4.00000
4.06329
4.17500
4.16667
4.10000
1054.96104
4.27848
4.12658
4.10000
4.11392
4.18987
4.18987
4.13924
4.12658
4.12658
4.11392
4.10000
4.03797
4.03797
4.07595
4.15190
4.07595
4.00000
4.00000
4.00000
4.00000
4.00000
4.00000
4.00000
4.00000
4.00000
4.00000
4.00000
4.00000
4.00000
4.00000
4.00000
4.00000
4.00000
4.00000
4.00000
4.00000
4.00000
4.00000
4.00000
4.00000
4.00000
4.00000
4.00000
4.00000
4.00000
4.00000
4.00000
4.00000
4.00000
4.00000
4.00000
4.00000
4.00000
4.00000
4.00000
4.00000
4.00000
4.00000
4.00000
4.00000
4.00000
4.00000
4.00000
4.00000
4.00000
4.00000
4.00000
4.00000
4.00000
4.00000
4.00000
4.00000
4.00000
4.00000
4.00000
4.00000
4.00000
4.00000
4.00000
4.00000
4.00000
4.00000
4.00000
4.00000
4.00000
4.00000
4.00000
4.00000
4.00000
4.00000
4.00000
4.00000
4.00000
4.00000
4.00000
4.00000
4.00000
4.00000
4.00000
4.00000
4.00000
4.00000
4.00000
4.00000
4.00000
4.00000
4.00000
4.00000
4.00000
4.00000
4.00000
4.00000
4.00000
4.00000
4.00000
4.00000
4.00000
4.00000
4.00000
4.00000
4.00000
4.00000
4.00000
4.00000
4.00000
4.07595
2.93590
906.03947
278.67532
4.34177
4.33750
4.39241
4.32911
4.11688
4.35443
4.08861
4.06250
4.06329
397.97468
24.82895
4.00000
4.00000
4.00000
4.00000
4.00000
4.00000
4.00000
4.00000
4.00000
4.00000
4.00000
4.00000
4.00000
4.00000
4.00000
4.00000
4.00000
4.00000
4.00000
4.00000
4.00000
4.00000
4.00000
4.00000
4.00000
4.00000
4.00000
4.00000
4.00000
4.00000
4.00000
4.00000
4.00000
4.00000
4.00000
4.00000
4.00000
4.00000
4.00000
4.00000
4.00000
4.00000
4.00000
4.00000
4.00000
4.00000
4.00000
4.00000
4.00000
4.00000
4.00000
4.00000
4.00000
4.00000
4.00000
4.00000
4.00000
4.00000
4.00000
4.00000
4.00000
4.00000
4.00000
4.00000
4.00000
4.00000
4.00000
4.00000
4.00000
4.00000
4.00000
4.00000
4.00000
4.00000
4.00000
4.00000
4.00000
4.00000
4.00000
4.00000
4.00000
4.00000
4.00000
4.00000
4.00000
4.00000
4.00000
4.00000
4.00000
4.00000
4.00000
4.00000
4.00000
4.00000
4.00000
4.00000
4.00000
4.00000
4.00000
4.00000
4.00000
4.00000
4.00000
4.00000
4.00000
4.00000
4.00000
4.00000
4.00000
4.00000
4.00000
4.00000
4.00000
4.00000
4.00000
4.00000
4.00000
4.00000
4.00000
0.00000
0.00000
0.00000
0.00000
0.00000
0.00000
0.00000
0.00000
0.00000
0.00000
0.00000
0.00000
0.00000
0.00000
0.00000
0.00000
0.00000
0.00000
0.00000
0.00000
0.00000
0.00000
0.00000
0.00000
0.00000
0.00000
0.00000
0.00000
4.00000
4.00000
4.00000
4.00000
4.00000
4.00000
4.00000
4.00000
4.00000
4.00000
4.00000
4.00000
4.00000
4.00000
4.00000
4.00000
4.00000
4.00000
4.00000
4.32051
4.23750
4.16456
4.15190
4.27848
4.17722
4.29114
4.40506
4.33750
4.17722
911.48000
4.10127
4.00000
4.00000
4.00000
4.00000
4.00000
4.00000
4.00000
4.00000
4.00000
4.00000
4.00000
4.00000
4.00000
4.00000
4.00000
4.00000
4.00000
4.00000
4.00000
4.00000
4.00000
4.00000
4.00000
4.00000
4.00000
4.00000
4.00000
4.00000
4.00000
4.00000
4.00000
4.00000
4.00000
4.00000
4.00000
4.00000
4.00000
4.00000
4.00000
4.00000
4.00000
4.00000
4.00000
4.00000
4.00000
4.00000
4.00000
4.00000
4.00000
4.00000
4.00000
4.00000
4.00000
4.00000
4.00000
4.00000
4.00000
4.00000
4.00000
4.00000
4.00000
4.00000
4.00000
4.00000
4.00000
4.00000
4.00000
4.00000
4.00000
4.00000
4.00000
4.00000
4.00000
4.00000
4.00000
4.00000
4.00000
4.00000
4.00000
4.00000
4.00000
4.00000
4.00000
4.00000
4.00000
4.00000
4.00000
4.00000
4.00000
4.00000
4.00000
4.00000
4.00000
4.00000
4.00000
4.00000
4.00000
3.48101
926.42857
277.92405
4.21519
4.29114
4.24051
4.26250
4.26582
4.06329
4.00000
4.12500
475.98684
4.00000
4.00000
4.00000
4.00000
4.00000
4.00000
4.00000
4.00000
4.00000
4.00000
4.00000
4.00000
4.00000
4.00000
4.00000
4.00000
4.00000
4.00000
4.00000
4.00000
4.00000
4.00000
4.00000
4.00000
4.00000
4.00000
4.00000
4.00000
4.00000
4.00000
4.00000
4.00000
4.00000
4.00000
4.00000
4.00000
4.00000
4.00000
4.00000
4.00000
4.00000
4.00000
4.00000
4.00000
4.00000
4.00000
4.00000
4.00000
4.00000
4.00000
4.00000
4.00000
4.00000
4.00000
4.00000
4.00000
4.00000
4.00000
4.00000
4.00000
4.00000
4.00000
4.00000
4.00000
4.00000
4.00000
4.00000
4.00000
4.00000
4.00000
4.00000
4.00000
4.00000
4.00000
4.00000
4.00000
4.00000
4.00000
4.00000
4.00000
4.00000
4.00000
4.00000
4.00000
4.00000
4.00000
4.00000
4.00000
4.00000
4.00000
4.00000
4.00000
4.00000
4.00000
4.00000
4.00000
4.00000
4.00000
4.00000
4.00000
4.00000
4.00000
4.00000
4.00000
4.00000
4.00000
4.00000
4.00000
4.00000
4.00000
4.00000
4.00000
4.00000
4.00000
4.00000
4.00000
4.00000
4.00000
4.00000
4.00000
4.00000
4.00000
4.00000
4.00000
4.00000
4.00000
4.00000
4.00000
4.22785
4.31250
4.26582
4.35443
4.40506
4.43038
4.31646
4.48750
4.45570
4.43038
4.49367
4.46835
4.44304
4.45570
4.27500
4.36709
4.26582
4.25316
4.25316
4.16456
4.08861
4.17500
4.18987
4.26582
4.37975
4.24051
4.34177
4.27848
4.36709
4.27500
4.21519
4.17722
4.16456
4.12658
4.08861
4.13750
4.08861
4.20253
4.29114
4.16456
4.20000
652.42857
1145.89333
457.96053
139.45333
4.03947
4.00000
4.00000
4.00000
4.00000
4.00000
3.81013
3.72727
3.75641
3.92105
3.98718
3.87342
4.00000
4.00000
4.00000
4.00000
4.00000
4.00000
4.00000
4.00000
4.00000
4.00000
4.00000
4.00000
4.00000
4.00000
4.00000
4.00000
4.00000
4.00000
4.00000
4.00000
4.00000
4.00000
4.00000
4.00000
4.00000
4.00000
4.00000
4.00000
4.00000
4.00000
4.00000
4.00000
4.00000
4.00000
4.00000
4.00000
4.00000
4.00000
4.00000
4.00000
4.00000
4.00000
4.00000
4.00000
4.00000
4.00000
4.00000
4.00000
4.00000
4.00000
4.00000
4.01250
4.00000
4.00000
4.00000
4.00000
4.00000
4.00000
4.00000
4.00000
4.00000
4.00000
4.00000
4.00000
4.00000
4.00000
4.00000
4.00000
4.00000
4.00000
4.00000
4.00000
4.00000
4.00000
4.00000
4.00000
4.00000
4.00000
4.00000
4.00000
4.00000
4.00000
4.00000
4.00000
4.00000
4.00000
4.00000
4.00000
4.00000
4.00000
4.00000
4.00000
4.00000
4.00000
4.00000
4.00000
4.00000
3.25333
300.08974
285.51282
4.59494
4.50633
4.56962
4.72152
4.76250
4.86076
4.84810
289.12821
4.49367
4.61250
299.80769
5.07595
4.67089
4.32500
169.65789
96.02597
4.07692
4.14103
4.18667
4.22368
4.09091
4.00000
3.81579
3.98684
4.00000
4.00000
4.00000
3.97403
4.00000
3.98684
4.00000
4.00000
4.00000
4.00000
3.51899
3.75949
4.00000
4.00000
4.00000
4.00000
4.00000
4.00000
4.00000
4.00000
4.00000
4.00000
4.00000
4.00000
4.00000
4.00000
4.00000
4.00000
4.00000
4.00000
4.00000
4.00000
4.00000
7.10256
5.11392
4.97468
5.00000
5.00000
4.97468
5.00000
5.00000
5.00000
4.98750
4.97468
5.00000
4.97436
4.94937
4.49367
4.00000
4.00000
4.00000
4.00000
4.00000
4.00000
4.00000
4.00000
4.00000
4.00000
4.00000
4.00000
4.00000
4.00000
4.00000
4.00000
4.00000
4.00000
4.00000
4.00000
4.00000
4.00000
4.00000
4.00000
4.00000
4.00000
4.00000
4.00000
4.37975
4.45570
4.45570
4.32500
4.26582
4.36709
4.39241
4.26250
4.36709
4.30380
4.20253
4.36250
4.39241
4.34177
4.35443
4.17722
4.26582
4.24051
4.22500
4.25316
4.37975
4.24051
4.29114
4.17722
4.15000
4.20253
4.25316
4.32911
4.48101
4.45570
4.51899
4.39241
4.45570
662.64103
509.62025
4.44304
4.58750
4.92308
4.93750
561.48052
329.87179
4.81013
4.48101
4.31646
4.35443
4.40506
4.35443
4.20270
917.61538
4.51351
4.02667
4.17568
4.05263
213.74324
4.07595
4.00000
4.00000
4.00000
4.03797
4.00000
4.00000
4.05195
4.09211
4.25641
4.34177
4.50633
4.55696
4.42857
4.36842
4.41026
4.55128
4.70270
4.59459
4.78205
4.69620
4.58750
4.58228
4.56962
4.72152
4.68354
4.76250
4.65823
4.63291
4.64557
4.70000
4.67949
4.73750
4.78481
4.75949
4.74684
4.48101
4.51899
4.43038
4.43750
4.55696
911.81013
431.43750
4.29114
4.00000
4.00000
4.00000
4.00000
4.00000
4.00000
4.00000
4.00000
4.00000
4.00000
4.00000
4.00000
4.00000
4.00000
4.00000
4.00000
4.00000
4.00000
4.00000
4.00000
4.00000
4.00000
4.00000
4.00000
4.00000
4.00000
4.00000
4.00000
4.00000
4.00000
4.00000
4.00000
4.00000
4.00000
4.00000
4.00000
4.00000
4.00000
4.00000
4.00000
4.00000
4.00000
4.00000
4.00000
4.00000
4.00000
4.00000
4.00000
4.00000
4.00000
4.00000
4.00000
4.00000
4.00000
4.00000
4.00000
4.00000
4.00000
4.00000
4.00000
4.00000
4.00000
4.00000
4.00000
4.00000
4.00000
4.00000
4.00000
4.00000
4.00000
4.00000
4.00000
4.00000
4.00000
4.00000
4.00000
4.00000
4.00000
4.00000
4.00000
3.34177
228.15190
146.25641
27.22078
5.71795
4.46835
4.32911
4.40506
4.53750
4.48101
4.35443
4.26582
4.24051
4.22500
4.39241
4.37975
4.35000
4.30380
4.30380
4.40506
4.36250
4.34177
4.39241
4.43038
4.37179
4.11688
4.02532
3.44156
306.66667
372.88608
4.14103
4.14103
120.64557
6.97436
4.25316
4.16456
4.26582
4.15000
4.21519
4.26582
4.35443
4.20000
4.17722
4.22785
4.26582
4.20253
4.25000
4.22785
4.11392
4.13924
4.20253
4.10127
4.44304
4.45570
4.36250
4.42308
4.39241
4.43038
4.55000
4.36709
4.36709
4.35443
4.29114
4.26582
4.30380
4.27500
4.32911
4.30380
4.26582
4.13750
47.07595
68.77922
4.24051
4.22785
299.84810
4.16456
4.18750
4.07595
4.13924
4.25316
4.18987
297.69620
4.92405
4.18987
4.18750
4.27848
4.22785
4.25316
177.93671
112.60759
4.42500
4.35443
4.39241
4.29114
4.39241
4.25316
4.41250
4.30380
4.35443
4.32911
4.37975
4.24051
4.25000
4.35443
4.49367
4.43038
4.40506
4.37500
4.31646
4.26582
4.32911
4.24051
4.23750
4.18987
4.13924
4.18987
4.13924
4.12500
4.10127
4.22785
4.06329
4.22785
4.17722
4.17500
4.10127
4.10127
4.17722
4.07595
4.03797
4.06250
4.07595
4.06329
4.03797
4.13750
4.07595
4.08861
4.17722
4.16456
4.12500
4.08861
4.06329
920.58228
577.43038
4.86076
115.83333
3.30380
3.86076
4.08861
3.74026
236.65823
659.32911
3.83544
3.93590
571.25316
5.68354
4.03797
4.02500
4.00000
4.00000
4.00000
3.89744
4.08861
4.39241
4.34177
4.45000
4.41772
4.32911
4.36709
4.32500
4.34177
4.44304
4.48101
4.20253
4.32911
4.20000
4.18987
4.15190
4.15190
4.29114
4.35000
4.50633
4.46835
320.67089
4.37500
4.40506
4.43038
4.34177
4.35443
4.18421
4.20000
4.27027
4.24000
4.18919
4.37838
4.44156
4.56962
4.50633
4.73077
4.79221
4.80769
4.57895
4.51316
4.68421
4.81013
4.80000
4.81013
4.54430
4.00000
4.00000
4.00000
4.00000
4.00000
4.00000
4.00000
4.00000
4.00000
4.00000
4.00000
4.00000
4.00000
4.00000
4.00000
4.00000
4.00000
4.00000
4.00000
4.00000
4.00000
4.00000
4.00000
4.00000
4.00000
4.00000
4.00000
4.00000
4.00000
4.00000
4.00000
4.00000
4.00000
4.00000
4.00000
4.00000
4.00000
4.00000
4.00000
4.00000
4.00000
4.00000
4.00000
4.00000
4.00000
4.00000
4.00000
4.00000
4.00000
4.00000
4.00000
4.00000
4.00000
4.00000
4.00000
4.00000
4.00000
4.00000
4.00000
4.00000
4.00000
4.00000
4.00000
4.00000
4.00000
4.00000
4.00000
4.00000
4.00000
4.00000
4.00000
4.00000
4.00000
4.00000
4.00000
4.00000
4.00000
4.00000
4.00000
4.00000
4.00000
4.00000
4.00000
4.01266
3.10256
287.62821
893.22973
25.01351
4.36486
4.52564
4.38750
4.16456
4.18987
4.18987
4.41772
4.35000
4.08000
4.45570
4.29114
4.47500
4.49367
369.21795
4.65823
4.68354
4.72152
4.73418
4.70886
4.73418
4.71250
4.78481
4.64557
4.60759
261.43750
64.45570
5.22785
4.81013
4.75949
4.74684
4.82278
4.69620
4.78750
4.72152
3.16883
124.64557
205.94937
93.65823
5.26582
4.60256
6.03797
5.79747
5.41772
5.08861
560.11392
80.88608
62.03797
4.45000
4.69620
4.78481
83.78481
4.62025
4.54430
4.70000
4.62025
4.74684
4.77215
4.88608
4.89873
4.90000
4.88608
4.84810
4.84810
4.81013
4.78481
6.30380
5.73077
4.88608
4.83750
4.81013
4.82278
4.88608
4.86076
4.85000
4.82278
4.83544
4.89873
4.88750
4.79747
4.86076
4.86076
4.76250
4.83544
4.82278
4.82278
4.87500
4.92405
4.93671
4.94937
4.89873
4.86076
4.75949
4.87500
4.73418
4.72152
4.69620
4.73750
4.74684
4.75949
4.77215
4.65823
4.65823
4.62025
4.70000
4.62025
4.72152
4.60000
4.55696
4.65823
4.73418
4.69620
4.70886
4.73418
4.56250
4.70886
4.67089
4.74684
4.78481
4.72152
4.63750
4.58228
4.45570
4.40260
4.38961
4.23684
4.21333
4.10526
4.12000
4.16216
4.48718
4.46835
4.37975
4.36709
4.28571
4.14865
4.21053
4.26582
4.19481
4.29730
4.33784
4.26582
4.27848
4.17722
4.20253
297.89744
394.37975
3.00000
4.05128
4.00000
684.16456
1270.25000
1204.05195
207.20253
9.72152
726.40506
151.82278
279.02532
4.32500
284.03846
4.32500
4.15190
4.31646
4.34177
4.30380
4.30380
4.22785
4.21519
4.31250
4.39241
4.22785
4.32911
4.36709
4.45570
4.44304
4.53750
4.58228
4.74684
4.58228
4.59494
4.48101
4.70886
4.70000
4.74684
4.77215
4.68354
7.70130
4.00000
4.00000
4.00000
4.00000
4.00000
4.00000
4.00000
4.00000
4.00000
4.00000
4.00000
4.00000
4.00000
4.00000
4.00000
4.00000
4.00000
4.00000
4.00000
4.00000
4.00000
4.00000
4.00000
4.00000
4.00000
4.00000
4.00000
4.00000
4.00000
4.00000
4.00000
4.00000
4.00000
4.00000
4.00000
4.00000
4.00000
4.00000
4.00000
4.00000
4.00000
4.00000
4.00000
4.00000
4.00000
4.00000
4.00000
4.00000
4.00000
4.00000
4.00000
4.00000
4.00000
4.00000
4.00000
4.00000
4.00000
4.00000
4.00000
4.00000
4.00000
4.00000
4.00000
4.00000
4.00000
4.00000
4.00000
4.00000
4.00000
4.00000
4.00000
4.00000
4.00000
4.00000
4.00000
4.00000
4.00000
4.00000
4.00000
4.00000
4.00000
4.00000
4.00000
4.00000
4.00000
4.00000
4.00000
4.00000
4.00000
4.00000
4.00000
4.00000
4.00000
4.00000
4.00000
4.00000
4.00000
4.00000
4.00000
3.86076
312.56757
881.97368
265.78205
4.34177
4.27848
509.66667
65.10811
4.64103
291.83544
4.53165
4.77215
4.77215
4.73418
4.85000
4.92405
4.93671
4.86076
4.74684
4.86250
4.94937
4.86076
4.92405
4.96203
4.75949
4.79747
4.81250
4.75949
4.78481
4.65823
4.69620
4.69620
4.68354
4.68354
4.84810
4.85000
4.77215
4.68354
4.72152
4.70886
4.74684
4.77500
4.81013
4.68354
4.67089
4.69620
4.84810
4.78750
4.83544
4.79747
4.80000
4.74684
4.84810
4.84810
310.91139
4.79747
4.72152
4.73750
4.70886
4.73418
4.68354
4.59494
4.67089
4.64557
4.70000
4.79747
4.78481
4.84810
4.76250
4.74684
4.77215
4.62025
4.84810
4.72152
4.73750
4.68354
4.78481
4.79747
4.85000
4.70886
4.81013
4.70886
4.81013
4.65823
4.81013
4.77215
4.67089
4.60000
4.74684
4.83544
4.79747
4.87342
4.73418
4.89873
7.29487
4.91139
4.87342
4.73418
4.84810
4.82278
4.79747
4.61250
4.81013
4.77215
4.79747
4.81013
4.81013
4.73418
4.81250
4.77215
4.75949
4.69620
4.70886
4.66250
4.75949
4.73418
4.67089
4.72152
4.77215
4.63291
4.70000
4.61538
4.62500
4.59494
4.58228
4.58228
4.54430
4.65823
4.71250
4.67089
4.65823
4.63291
4.68354
4.43038
4.60000
4.43038
5.80769
4.27848
4.40506
4.26582
4.34177
4.17500
4.25316
4.26582
307.58974
4.17722
4.26250
102.53846
82.69620
4.12500
4.17722
4.16456
4.07595
3.05063
3.74684
4.11392
3.83333
4.08861
3.81013
4.21519
3.91139
4.26582
3.98734
3.94872
4.27848
4.08750
4.16456
4.13924
4.22785
4.38750
4.37975
4.29114
4.51899
4.30380
24.88608
1281.07895
5.02532
4.58228
4.59494
4.69620
4.69620
4.54430
4.68750
4.70886
4.67089
4.77215
4.68354
4.72152
4.67500
4.79747
4.83544
4.48101
4.48101
4.41772
4.48750
4.62025
4.69620
4.69620
4.74684
4.62500
4.63291
4.82278
4.86076
4.86076
4.88608
4.79747
4.87500
4.92405
4.89873
4.87342
4.94937
4.84810
4.86250
4.89873
4.96154
4.97500
4.96203
4.88608
4.97468
4.96250
4.97468
4.96203
5.00000
5.00000
5.00000
5.00000
4.97468
4.92500
4.94937
4.94937
4.96250
5.00000
4.98734
4.93671
5.00000
4.97500
4.96203
4.96203
4.35443
4.00000
4.00000
4.00000
4.00000
4.00000
4.00000
4.00000
4.00000
4.00000
4.00000
4.00000
4.00000
4.00000
4.00000
4.00000
4.00000
4.00000
4.00000
4.00000
4.00000
4.00000
4.00000
4.00000
4.00000
4.00000
4.00000
4.00000
4.00000
4.00000
4.00000
4.00000
4.00000
4.00000
4.00000
4.00000
4.00000
4.00000
4.00000
4.00000
4.00000
4.00000
4.00000
4.08750
4.60759
600.72727
665.23684
220.56410
4.68354
4.59494
4.33333
4.21622
4.29333
4.53846
4.55696
4.24675
4.27632
4.53165
4.58750
4.41772
4.78481
4.68354
401.00000
5.05063
4.00000
4.00000
4.00000
4.00000
4.00000
4.00000
4.00000
4.00000
4.00000
4.00000
4.00000
4.00000
4.00000
4.00000
4.00000
4.00000
4.00000
4.00000
4.00000
4.00000
4.00000
4.00000
4.00000
4.00000
4.00000
4.00000
4.00000
4.00000
4.00000
4.00000
4.00000
4.00000
4.00000
4.00000
4.00000
4.00000
4.00000
4.00000
4.00000
4.00000
4.00000
4.00000
4.00000
4.00000
4.00000
4.00000
4.00000
4.00000
615.56962
4.00000
4.00000
4.00000
4.00000
4.00000
4.00000
4.00000
4.00000
4.00000
4.00000
4.00000
4.00000
4.00000
4.00000
4.00000
4.00000
4.00000
4.00000
4.00000
4.00000
4.00000
4.00000
4.00000
4.00000
4.00000
4.00000
4.00000
4.00000
4.00000
4.00000
4.00000
4.00000
4.00000
4.00000
4.00000
4.00000
4.00000
4.00000
4.00000
4.00000
4.00000
4.00000
4.00000
4.00000
4.00000
4.00000
4.00000
4.00000
4.00000
4.00000
4.00000
4.00000
4.00000
4.00000
4.00000
4.00000
4.00000
4.00000
4.00000
4.00000
4.00000
4.00000
4.00000
4.00000
4.00000
4.00000
4.00000
4.00000
4.00000
4.00000
4.00000
4.00000
4.00000
4.00000
4.00000
4.00000
4.00000
4.00000
4.00000
4.00000
4.00000
4.00000
4.00000
4.00000
4.00000
4.00000
4.00000
4.00000
4.01316
4.27848
4.27500
4.20253
4.46835
4.48101
4.36709
4.26582
4.30380
4.34177
1135.79221
4.89873
4.49367
4.48101
4.50000
4.44304
4.41772
4.46835
4.51899
4.49367
4.35000
4.32911
4.35443
4.44304
4.40506
4.55696
4.53750
4.45570
4.41772
4.44304
4.60759
4.65823
4.71250
4.64557
4.72152
544.85897
336.38462
5.64557
4.73418
4.44304
4.11250
4.07595
4.13924
4.08861
4.24051
4.15190
4.16250
4.20253
4.11392
4.29114
4.22785
4.27848
4.29114
4.20000
4.15190
4.22785
4.34177
4.30380
4.36709
4.31646
4.25316
4.29114
4.18987
4.37500
4.18987
4.56962
4.26582
4.36709
4.44304
4.43750
4.39241
4.29114
4.36709
4.23750
4.24051
4.29114
4.46835
4.40506
4.40506
4.29114
4.43750
4.40506
4.49367
4.48101
4.35443
4.42500
4.39241
4.39241
4.54430
4.45570
4.46835
4.32500
4.43038
4.40506
4.49367
4.51250
4.44872
4.52500
4.44304
4.39241
4.36709
4.47500
4.41026
4.41772
4.51250
4.35443
4.39241
4.40506
4.36709
4.55696
4.42500
4.40506
4.35443
4.26582
4.11250
4.24051
4.29114
4.30380
4.21519
4.32911
4.34177
4.26582
4.31646
4.30000
4.30380
4.22785
4.13924
4.25316
4.18987
4.16250
4.10127
4.12658
4.17722
4.26582
4.17500
4.08861
4.03797
4.03797
4.05063
4.07595
3.56962
2.32468
291.29487
4.65000
4.55696
4.59494
4.56962
4.54430
4.68354
4.65000
4.56962
4.59494
4.73418
4.67089
4.56962
248.63291
45.39241
91.17105
4.58228
298.27500
4.68354
4.65823
4.75949
4.70000
4.73418
469.13924
5.02532
4.53165
4.37975
4.46835
4.59494
4.55000
4.53165
4.48101
4.43038
4.35443
4.30380
4.38750
4.31646
4.35443
4.17722
4.36709
4.28750
4.26582
4.31646
4.29114
4.31646
4.31646
4.21519
4.33750
4.26582
4.27848
6.94805
4.00000
4.00000
4.00000
4.00000
4.00000
3.98649
4.00000
4.00000
4.00000
4.00000
4.00000
4.00000
4.00000
4.00000
4.00000
4.00000
4.00000
4.00000
4.00000
4.00000
4.00000
4.00000
4.00000
4.00000
4.00000
4.00000
4.00000
4.00000
4.00000
4.00000
4.00000
4.00000
4.00000
4.00000
4.00000
4.00000
4.00000
4.00000
4.00000
4.00000
4.00000
4.00000
4.00000
4.00000
4.00000
4.00000
4.00000
4.00000
4.27848
4.69620
4.75000
4.55696
4.54430
4.34177
4.37975
4.58228
4.62500
4.60759
4.62025
4.67500
4.55696
4.64557
4.63291
4.67089
4.77500
4.63291
4.54430
4.49367
4.69620
4.71250
4.68354
4.73418
4.58228
4.54430
4.74684
4.76250
4.73418
4.58228
4.48101
4.52500
4.49367
166.30380
772.53165
4.63291
5.38750
4.37975
4.20253
221.44304
82.55696
4.37975
4.32911
4.34177
4.25000
4.20253
4.20253
4.18987
4.34177
4.21250
4.17722
4.15190
4.16456
4.12658
4.02532
4.06329
4.10127
4.08861
4.07595
4.03750
4.15190
4.08861
4.15190
4.10000
4.11392
4.21519
4.16456
4.17722
4.22785
4.17500
4.08974
4.16456
4.35443
4.39241
4.50633
4.41250
4.43038
4.50633
4.50633
4.51899
4.50633
4.51899
4.41772
4.46835
4.46835
4.57500
4.67949
4.67500
4.86076
4.81013
4.62025
4.68354
4.75949
4.73750
4.77215
4.74684
4.82278
4.78750
4.96203
4.92405
4.93671
4.88608
4.93671
4.91139
4.93671
4.89873
4.93671
4.90000
4.89873
4.78481
4.00000
4.00000
4.00000
4.00000
4.00000
4.00000
4.00000
4.00000
4.00000
4.00000
4.00000
4.00000
4.00000
4.00000
4.00000
4.00000
4.00000
4.00000
4.00000
4.00000
4.00000
4.00000
4.00000
4.00000
4.00000
4.00000
4.00000
4.00000
4.00000
4.00000
4.00000
4.00000
4.00000
4.00000
4.00000
4.00000
4.00000
4.00000
4.00000
4.00000
4.00000
4.00000
4.00000
4.00000
4.00000
4.00000
4.00000
4.00000
4.00000
4.00000
4.00000
4.00000
4.00000
4.00000
4.00000
4.00000
4.00000
4.00000
4.00000
4.00000
4.00000
4.00000
4.00000
4.00000
4.00000
4.00000
4.00000
4.00000
4.00000
4.00000
4.00000
4.00000
4.00000
4.00000
4.00000
4.00000
4.00000
4.02667
311.23377
301.47436
4.32911
4.50633
4.51899
4.59494
4.75000
4.64557
4.64557
4.59494
4.53165
4.53165
4.61250
4.36364
4.27273
600.11250
4.78481
4.73418
4.75949
4.87500
4.88608
4.87342
4.77215
4.83544
4.81013
4.82500
4.78481
4.73418
4.78481
4.77500
4.64557
4.70886
4.62025
4.67089
4.72152
4.77500
4.67089
4.54430
4.63291
4.58228
4.58750
4.67089
4.69620
4.67089
4.60759
4.58228
4.70886
4.58228
4.11538
4.05063
4.16667
4.33766
4.10526
4.05263
4.28000
321.03896
6.03896
8.38462
293.80519
4.90000
4.81013
4.63291
4.56250
4.67089
4.67089
4.64557
4.59494
4.53165
4.32911
4.27500
4.44304
4.50633
4.67089
4.65823
4.41772
4.45000
4.51899
4.68354
4.58228
4.58228
4.68354
4.73418
4.69620
4.69620
4.70886
4.73750
4.74684
4.56962
4.62025
4.70886
4.63291
4.68750
4.54430
4.54430
4.44304
4.54430
4.64557
4.67089
4.70000
4.62025
4.62025
4.64557
4.54430
4.63291
4.73750
4.69620
4.51899
4.54430
4.53165
4.49367
4.55000
4.63291
4.70886
4.63291
4.42500
4.46835
4.64557
4.59494
4.53165
4.59494
4.53165
4.51250
4.62025
4.67089
4.65823
4.59494
4.60759
4.41250
4.54430
4.58228
4.59494
4.70886
4.58228
4.60000
4.77215
4.65823
4.58228
4.37975
4.43038
4.62500
4.65823
4.63291
4.46250
4.51899
4.50633
4.36709
4.49367
4.41772
4.38750
4.26582
4.20253
4.29114
4.26582
4.21519
611.77632
4.19737
4.16456
4.07895
4.02703
4.05263
4.22500
4.24051
4.24051
4.15190
4.02667
173.88000
737.88000
4.18987
4.26582
4.15000
4.24051
4.27848
4.27848
4.23750
4.21519
4.35443
4.21519
4.15190
4.17500
4.25316
4.22785
4.35000
4.54430
4.49367
4.56962
4.57500
4.56962
4.51899
4.72152
4.60759
4.53750
4.62025
4.51899
4.60759
4.50000
4.54430
4.56962
4.73418
4.72152
4.79747
4.79747
4.78481
152.29114
307.12500
5.62025
4.89873
4.84810
4.92405
4.92405
4.91139
4.91139
4.88750
4.97468
4.51899
4.00000
4.00000
4.00000
4.00000
4.00000
4.00000
4.00000
4.00000
4.00000
4.00000
4.00000
4.00000
4.00000
4.00000
4.00000
4.00000
4.00000
4.00000
4.00000
4.00000
4.00000
4.00000
4.00000
4.00000
4.00000
4.00000
4.00000
4.00000
4.00000
4.00000
4.00000
4.00000
4.00000
4.00000
4.00000
4.00000
4.00000
4.00000
4.00000
4.00000
4.00000
4.00000
4.00000
4.00000
4.00000
4.00000
4.00000
4.00000
4.00000
4.01266
4.00000
4.00000
4.00000
4.00000
4.00000
4.00000
4.00000
4.00000
4.00000
4.00000
4.00000
4.00000
4.00000
4.00000
4.00000
4.00000
4.00000
89.26582
4.00000
4.21519
4.73418
4.56962
2.71795
3.55696
290.42308
4.39241
741.17722
136.13924
4.35443
4.26582
5.13924
4.37500
4.30380
4.26582
4.35443
4.31646
4.30000
4.22785
106.60759
183.78205
4.39241
4.40506
14.59494
301.97468
4.32911
4.16456
4.16250
4.15190
4.08861
4.11392
4.11392
4.15190
4.07595
4.12500
4.12658
4.18987
4.10127
4.02532
4.02532
4.11250
4.15190
4.08861
4.12658
4.08861
4.05063
4.08750
4.01266
4.06329
4.13750
4.16456
619.87342
296.26582
677.58228
4.00000
4.00000
4.00000
4.00000
4.00000
4.00000
4.00000
4.00000
4.00000
4.00000
4.00000
67.06329
333.73750
4.00000
4.00000
4.00000
4.00000
4.00000
4.00000
4.00000
4.00000
89.79747
4.00000
4.00000
4.00000
4.00000
4.00000
4.00000
4.00000
4.00000
4.00000
4.00000
4.00000
4.00000
4.00000
4.00000
4.00000
4.00000
4.00000
4.00000
4.00000
4.00000
3.98734
4.00000
4.00000
4.00000
4.00000
4.00000
151.85526
44.79221
4.00000
4.00000
4.00000
4.00000
4.00000
4.00000
4.00000
4.00000
4.00000
4.00000
4.00000
4.00000
4.00000
4.00000
4.00000
4.00000
4.00000
4.00000
4.00000
4.00000
4.00000
4.00000
4.00000
4.00000
4.00000
4.00000
4.00000
4.00000
4.00000
4.00000
4.00000
4.00000
4.00000
4.00000
4.00000
4.00000
4.00000
4.00000
4.00000
4.00000
4.00000
4.00000
4.00000
4.00000
4.00000
4.00000
4.00000
3.60000
4.01266
4.03797
4.07595
4.05063
904.69620
4.05063
4.01266
4.01250
4.05063
4.02532
4.17722
4.30380
4.21519
4.30000
4.25316
4.25316
4.44304
4.43750
4.37975
4.50633
4.34177
4.11392
4.15000
4.10127
4.22785
4.30380
4.32911
4.36709
4.47500
4.35443
4.36709
4.54430
4.58228
4.62025
4.55696
4.33750
4.39241
4.34177
4.40506
4.68354
4.67089
4.54430
4.41250
4.48101
4.51899
4.67089
4.63291
4.67089
4.60759
4.55696
4.48101
4.70886
4.67089
4.70886
4.72152
4.71250
4.64557
4.70886
4.11392
4.05063
4.07595
4.00000
4.00000
4.00000
4.00000
4.00000
4.00000
4.00000
4.00000
4.00000
4.00000
4.00000
4.00000
4.00000
4.00000
4.00000
4.00000
4.00000
4.00000
4.00000
4.00000
4.00000
4.00000
4.00000
4.00000
4.00000
4.00000
4.00000
4.00000
4.00000
4.00000
4.00000
4.00000
4.00000
4.00000
4.00000
4.00000
4.00000
4.00000
4.00000
4.00000
4.00000
4.00000
4.00000
4.00000
4.00000
4.00000
4.00000
4.00000
4.00000
4.00000
4.00000
4.00000
4.00000
4.00000
4.00000
4.00000
4.00000
4.00000
4.00000
4.00000
4.00000
4.00000
4.00000
4.00000
4.33333
4.97468
3.32468
2.64935
307.76316
4.24324
4.78205
4.29333
4.72727
4.86250
4.82278
4.83544
4.79747
4.68354
4.72152
4.58750
4.73418
4.69620
4.65823
4.58228
4.68354
4.33333
4.12162
4.19737
4.25333
4.16883
4.26667
4.24324
4.25333
4.37975
4.00000
4.00000
4.00000
3.98718
3.97468
3.92405
3.98718
3.98734
4.00000
4.00000
4.00000
4.00000
4.00000
4.00000
4.00000
4.00000
4.00000
4.00000
4.00000
4.00000
4.00000
4.00000
4.00000
4.00000
4.03797
4.20253
4.15000
151.88462
444.08974
394.92308
43.92308
4.82278
4.39241
4.36250
4.34177
4.44304
4.44304
4.28750
4.00000
4.00000
4.00000
4.00000
4.00000
3.98718
4.00000
4.00000
4.00000
50.86486
271.90789
4.00000
397.39189
4.00000
4.00000
4.00000
4.00000
4.00000
4.00000
4.00000
4.00000
4.00000
4.00000
4.00000
4.00000
4.00000
4.00000
4.00000
4.00000
4.00000
4.00000
4.00000
4.00000
3.97436
619.30380
6.64103
3.76923
3.97468
3.66667
3.88462
3.98734
3.98734
3.98750
4.00000
4.00000
4.00000
4.00000
4.00000
4.00000
4.00000
4.00000
4.55385
4.00000
3.91139
3.92405
3.75949
3.55128
3.60256
3.76623
4.00000
3.93590
4.00000
4.00000
4.00000
4.00000
4.00000
4.00000
4.00000
4.00000
4.00000
4.00000
4.00000
3.98667
3.97333
3.97333
3.97368
3.98667
3.98667
4.00000
4.00000
4.00000
276.83117
163.33333
687.51899
13.17333
526.25641
4.63291
4.52500
4.31646
4.29114
882.67105
4.10127
4.15190
4.10127
4.06667
4.01351
4.06757
4.02564
4.01266
4.00000
4.00000
4.02703
4.00000
4.10667
4.20000
4.17949
4.10667
4.16667
4.02703
4.01351
4.02703
4.13514
4.08861
4.10390
4.08861
4.14286
4.10526
4.13333
4.24051
4.20253
4.22785
4.31646
4.37975
4.29114
4.25316
4.32911
4.26250
4.40506
4.40506
4.36250
4.44304
4.44304
4.43038
4.58228
4.51250
4.36709
4.30769
4.20253
4.39241
4.46154
4.45000
4.60759
4.45161
4.53165
4.68750
4.72152
4.65823
4.67089
4.58228
4.34177
4.00000
4.00000
4.00000
4.00000
4.00000
4.00000
4.00000
4.00000
4.00000
4.00000
4.00000
4.00000
4.00000
4.00000
4.00000
4.00000
4.00000
4.00000
4.00000
4.00000
4.00000
4.00000
4.00000
4.00000
4.00000
4.00000
4.00000
4.00000
4.00000
4.00000
4.00000
4.00000
4.00000
4.00000
4.00000
4.00000
4.00000
4.00000
4.00000
4.00000
4.00000
4.00000
4.00000
4.00000
4.00000
4.00000
4.00000
4.00000
4.00000
4.00000
4.00000
4.00000
4.00000
4.00000
4.00000
4.00000
4.00000
4.00000
4.00000
4.00000
4.00000
4.00000
4.00000
4.00000
4.00000
4.00000
4.00000
4.00000
4.00000
4.00000
4.00000
4.00000
4.00000
4.00000
4.00000
4.00000
4.00000
4.00000
4.00000
3.97468
458.19737
825.19737
4.46250
4.46835
4.59494
4.43038
4.53165
4.27273
4.23377
4.26250
4.37975
4.40506
4.35443
4.56962
499.35443
341.07595
4.66250
4.72152
4.72152
4.72152
4.75949
4.65000
4.58228
4.53165
4.56962
4.73418
4.70886
4.58228
4.47436
0.00000
0.00000
0.00000
0.00000
0.00000
0.00000
0.00000
0.00000
0.00000
0.00000
0.00000
0.00000
0.00000
4.36364
4.37500
4.37975
4.32911
4.25316
4.22785
4.17722
4.28750
4.26582
4.18987
4.22785
4.25316
4.31646
4.34177
4.38750
4.32911
4.24051
4.40506
4.41772
4.37500
4.43038
4.35443
4.30380
4.41772
4.43038
4.17722
4.28750
4.26582
4.29114
4.37975
4.35443
4.02632
4.00000
4.00000
4.00000
4.00000
4.00000
308.87342
4.28750
4.17722
4.24051
4.34177
4.36709
4.39241
4.24051
4.29114
4.25000
4.32911
4.32911
4.51899
4.44304
4.33750
4.32911
4.45570
4.53165
4.51899
4.40506
4.41772
4.20000
4.46835
4.54430
4.39241
4.33750
4.26582
4.31646
4.30380
4.43038
4.37975
4.31250
4.26582
4.34177
4.25316
4.37975
4.37975
4.30000
4.40506
4.50633
4.51899
4.48750
4.43038
4.32911
4.35000
4.30380
4.26582
4.21519
4.17722
4.26250
4.12658
4.13924
4.13924
4.20253
4.29114
4.31646
4.20253
197.91139
486.60759
146.09091
315.63636
4.07895
1040.53165
152.35000
283.58228
4.02532
4.00000
4.11538
4.32468
4.15000
4.24359
873.76000
4.21519
4.16250
4.29114
4.18987
4.11392
4.15190
4.20253
4.17722
4.11250
4.03846
4.06250
4.05063
4.10127
588.14103
4.88608
4.22785
4.11392
4.13924
4.06329
4.13750
4.07595
4.07595
4.13924
4.10127
4.03750
4.07595
4.20253
4.26582
882.32468
4.36709
4.53165
4.50633
4.20253
4.37975
4.27848
4.18750
4.00000
4.00000
4.00000
4.00000
4.00000
4.00000
4.00000
4.00000
4.00000
4.00000
4.00000
4.00000
4.00000
4.00000
4.00000
4.00000
4.00000
4.00000
4.00000
4.00000
4.00000
4.00000
4.00000
4.00000
4.00000
4.00000
4.00000
4.00000
4.00000
4.00000
4.00000
4.00000
4.00000
4.00000
4.00000
4.00000
4.00000
4.00000
4.00000
4.00000
4.00000
4.00000
4.00000
4.00000
4.00000
4.00000
4.00000
4.00000
4.00000
4.00000
4.00000
4.00000
4.00000
4.00000
4.00000
4.00000
4.00000
4.00000
4.00000
4.00000
4.00000
4.00000
4.00000
4.00000
4.00000
4.00000
4.00000
4.00000
4.00000
4.00000
4.00000
4.00000
4.00000
4.00000
4.00000
4.00000
4.00000
4.00000
4.00000
4.00000
4.00000
4.00000
4.00000
4.00000
4.00000
4.00000
4.00000
4.00000
4.00000
4.00000
4.00000
4.00000
4.00000
4.00000
4.00000
4.00000
4.00000
4.00000
4.00000
4.02532
347.21795
203.46053
146.78378
7.26667
4.06667
4.01316
4.02532
184.12821
408.78481
4.16456
4.22785
4.02532
4.10127
4.07692
4.00000
4.03947
4.07895
4.02597
3.69231
306.46835
364.16250
589.97436
4.86842
4.00000
4.00000
4.00000
4.00000
4.00000
4.00000
4.00000
4.00000
4.00000
4.00000
4.00000
4.00000
4.00000
4.00000
4.00000
4.00000
4.00000
4.00000
4.00000
4.00000
4.00000
4.00000
4.00000
4.00000
4.00000
4.00000
4.00000
4.00000
4.00000
4.00000
4.00000
4.00000
4.00000
4.00000
4.00000
4.00000
4.00000
4.00000
4.00000
4.00000
4.00000
4.00000
4.00000
4.00000
4.00000
4.00000
4.00000
4.00000
4.00000
4.00000
4.00000
4.00000
4.00000
4.00000
4.00000
4.00000
4.00000
4.00000
4.00000
4.00000
4.00000
4.00000
4.00000
4.00000
4.00000
4.00000
4.00000
4.00000
4.00000
0.00000
0.00000
0.00000
0.00000
0.00000
0.00000
0.00000
0.00000
0.00000
0.00000
0.00000
0.00000
0.00000
0.00000
0.00000
0.00000
