65.03846
65.07500
65.05063
65.93506
42.12821
0.00000
0.00000
0.00000
0.00000
0.00000
0.00000
0.00000
0.65823
0.00000
0.00000
0.00000
0.00000
0.00000
0.00000
0.00000
0.00000
0.00000
0.00000
0.00000
0.00000
0.00000
0.00000
0.00000
0.00000
0.00000
0.00000
0.00000
0.00000
0.00000
0.00000
0.00000
0.00000
0.00000
0.00000
0.00000
0.00000
0.00000
0.00000
0.00000
0.00000
0.00000
0.00000
0.00000
0.00000
0.00000
0.00000
0.00000
0.00000
0.00000
0.00000
0.00000
0.00000
0.00000
0.00000
0.00000
0.00000
0.00000
0.00000
0.00000
0.00000
0.00000
0.15789
4.80769
2.00000
0.92405
0.00000
0.00000
0.00000
0.00000
0.00000
0.00000
0.00000
0.00000
0.00000
40.98718
66.49367
65.65823
65.79487
66.01266
66.02532
66.00000
65.86076
65.18750
65.00000
65.00000
65.00000
64.94937
64.51899
64.56962
64.52632
64.72152
64.73418
64.88608
64.60759
64.26582
64.38750
64.67089
64.63291
64.55696
64.77500
64.43038
64.53165
64.54430
64.83544
64.74684
64.67949
64.53846
63.42308
64.10127
64.73418
64.21519
63.98734
64.30000
64.17949
83.89873
94.62025
95.18987
97.80000
98.54430
71.74684
63.98734
65.22785
64.05000
64.01266
65.22785
64.18182
64.07792
67.88462
67.92308
64.21333
64.12162
64.17568
64.06757
63.89189
63.62667
64.03750
63.79747
63.80519
63.76250
63.61538
63.80769
63.86842
63.94737
64.05263
64.05063
64.07595
64.00000
64.05000
64.16456
64.05063
64.03797
64.20000
64.06410
64.00000
64.00000
64.00000
64.02532
64.06250
64.21519
64.35443
65.64557
69.00000
4.83750
0.00000
0.00000
0.00000
0.00000
0.00000
0.00000
0.00000
0.00000
0.00000
0.00000
0.00000
0.00000
0.00000
0.00000
0.00000
0.00000
0.00000
0.00000
0.00000
0.00000
0.00000
0.00000
0.00000
0.00000
0.00000
0.00000
0.00000
0.00000
0.00000
0.00000
0.00000
0.00000
0.00000
0.00000
0.00000
0.00000
0.00000
0.00000
0.00000
0.00000
0.00000
0.00000
0.00000
0.00000
0.00000
0.00000
0.00000
0.00000
0.00000
0.00000
0.00000
0.00000
0.00000
0.00000
0.00000
0.00000
0.00000
0.00000
0.00000
0.00000
0.00000
0.00000
0.00000
0.00000
0.00000
0.00000
0.00000
0.00000
0.00000
0.00000
0.00000
0.00000
0.00000
0.00000
0.00000
0.00000
0.00000
0.00000
0.00000
0.00000
0.00000
0.00000
0.00000
0.00000
0.00000
0.00000
0.00000
0.00000
0.56962
8.80000
1.62025
0.00000
0.00000
0.00000
0.00000
48.19231
64.42857
65.00000
65.49367
65.82278
65.68354
70.33750
73.91139
72.75949
71.68354
71.17722
71.01266
69.52500
63.91139
63.91139
63.96203
63.79747
63.64557
63.55000
63.89873
63.40506
63.78481
63.84810
63.96250
63.97468
63.93671
63.94937
63.97468
63.97403
64.05063
64.15190
64.00000
63.98734
64.00000
64.01266
64.01250
64.01266
64.01266
64.00000
63.98734
63.98750
63.91139
63.84810
64.01266
64.10127
64.00000
64.03797
64.12658
64.10127
64.15190
64.11392
64.00000
64.03797
64.12658
64.25316
64.03797
64.00000
63.98734
64.01266
63.95714
63.89873
63.84810
64.00000
64.00000
64.02532
64.01250
64.01266
64.00000
64.00000
63.82278
63.98750
63.91139
63.97468
63.98734
64.01266
64.07595
64.08750
64.15190
64.56410
64.43750
64.69620
64.63291
64.35443
64.17722
64.53165
64.42500
64.37975
64.46835
64.16456
64.08750
64.15190
64.40506
64.49367
64.37975
64.11250
64.08861
64.10127
64.07595
64.06329
64.25000
64.34177
68.88608
64.48101
64.49367
64.78481
64.60000
64.40506
64.50633
64.24051
64.24051
64.28750
64.34177
64.10127
64.17722
64.02532
64.05063
64.03797
64.07500
64.03797
64.02532
63.97468
64.00000
64.57143
64.13924
64.00000
64.01266
64.13924
64.20253
64.02532
64.00000
64.01266
64.00000
64.01266
64.16456
64.24051
64.16250
64.10127
64.04167
0.00000
0.00000
0.00000
0.00000
0.00000
0.00000
0.00000
0.00000
0.00000
0.00000
0.00000
0.00000
0.00000
0.00000
0.00000
0.00000
0.00000
0.00000
71.78788
64.13924
63.78481
63.87342
63.70886
63.54430
63.20253
64.03797
64.54430
64.75641
42.48718
0.00000
0.00000
0.00000
0.00000
0.00000
0.00000
0.00000
0.00000
0.00000
0.00000
0.00000
0.00000
0.00000
0.00000
0.00000
0.00000
0.00000
0.00000
0.00000
0.00000
0.00000
0.00000
0.00000
0.00000
0.00000
0.00000
0.00000
0.00000
0.00000
0.00000
0.00000
0.00000
0.00000
0.00000
0.00000
0.00000
0.00000
0.00000
0.00000
0.00000
0.00000
0.00000
0.00000
0.00000
0.00000
0.00000
0.00000
0.00000
0.00000
0.00000
0.00000
0.00000
0.00000
0.00000
0.00000
0.00000
0.00000
0.00000
0.00000
0.00000
0.00000
0.00000
0.00000
0.00000
0.00000
0.00000
0.00000
0.00000
0.00000
0.00000
0.00000
0.00000
0.00000
0.00000
0.00000
0.00000
0.00000
0.00000
0.00000
0.00000
0.00000
0.00000
0.00000
0.00000
0.00000
0.00000
0.00000
0.00000
0.00000
0.00000
0.00000
0.00000
0.00000
0.00000
0.00000
0.00000
0.00000
0.00000
0.00000
0.00000
0.00000
0.00000
0.00000
0.00000
0.00000
0.00000
0.00000
0.00000
24.31646
62.67105
64.39744
65.20253
65.79487
66.00000
65.98734
65.37975
65.07595
65.00000
64.94937
64.60000
64.49367
64.57143
64.06250
64.03797
64.02532
64.00000
64.00000
64.07595
64.36250
64.69620
64.69620
64.05000
64.05063
64.02532
64.02500
64.02532
68.41772
42.91139
7.82895
7.39744
2.77215
0.00000
0.00000
0.00000
0.00000
0.00000
0.00000
0.00000
0.00000
0.00000
0.00000
0.00000
0.00000
0.00000
0.00000
0.00000
0.00000
0.00000
0.00000
0.00000
0.00000
0.00000
0.00000
0.00000
0.00000
0.00000
0.00000
0.00000
0.00000
0.00000
0.00000
0.00000
0.00000
0.00000
0.00000
0.00000
0.00000
0.00000
0.00000
0.00000
0.00000
0.00000
0.00000
0.00000
0.00000
0.00000
0.00000
0.00000
0.00000
0.00000
0.00000
0.00000
0.00000
0.00000
0.00000
0.00000
0.00000
0.00000
0.00000
0.00000
0.00000
0.00000
0.00000
0.00000
0.00000
0.00000
0.00000
0.00000
0.00000
0.00000
0.00000
0.00000
0.00000
0.00000
0.00000
0.00000
0.00000
0.00000
0.00000
0.00000
0.00000
0.00000
0.00000
0.00000
0.00000
0.00000
0.00000
0.00000
0.00000
0.00000
0.00000
0.00000
0.00000
0.00000
0.00000
0.00000
0.00000
0.00000
51.22785
74.77500
72.83333
72.90000
73.01266
73.03797
73.00000
72.69620
72.25000
72.02532
72.00000
71.82278
71.93671
71.78750
71.36709
71.22785
71.38750
71.20253
71.39241
71.34177
71.20253
71.06250
70.65823
64.29114
64.16456
64.17722
64.22078
63.96203
64.00000
64.00000
64.00000
64.03797
64.16456
64.56962
64.65000
64.60759
64.26582
64.21519
64.17722
64.46835
64.31250
64.26582
6.48101
0.00000
0.00000
0.00000
0.00000
0.00000
0.00000
0.00000
0.00000
0.00000
0.00000
0.00000
0.00000
0.00000
0.00000
0.00000
0.00000
0.00000
0.00000
0.00000
0.00000
0.00000
0.00000
0.00000
0.00000
0.00000
0.00000
0.00000
0.00000
0.00000
0.00000
0.00000
0.00000
0.00000
0.00000
0.00000
0.00000
0.00000
0.00000
0.00000
0.00000
0.00000
0.00000
0.00000
0.00000
0.00000
0.00000
0.00000
0.00000
0.00000
0.00000
0.00000
0.00000
0.00000
0.00000
0.00000
0.00000
0.00000
0.00000
0.00000
0.00000
0.00000
0.00000
0.00000
0.00000
0.00000
0.00000
0.00000
0.00000
0.00000
0.00000
0.00000
0.00000
0.00000
0.00000
0.00000
0.00000
0.00000
0.00000
0.00000
0.00000
0.00000
0.00000
0.00000
0.00000
0.00000
0.00000
0.00000
0.00000
0.00000
0.00000
0.00000
0.00000
0.00000
0.00000
0.00000
0.00000
0.00000
0.00000
0.00000
0.00000
0.00000
0.00000
0.00000
0.00000
0.00000
0.00000
0.00000
0.00000
0.00000
0.00000
0.00000
0.00000
0.00000
0.00000
0.00000
0.00000
0.00000
4.96203
19.26582
71.50667
72.77215
65.62025
65.05063
65.49367
65.73418
65.73418
65.26250
65.12658
64.96203
63.57895
63.06667
64.78481
64.81013
64.72500
64.70886
64.65823
64.59494
64.74684
64.56962
64.37500
64.18987
13.66667
0.00000
0.00000
0.00000
0.00000
0.00000
0.00000
0.00000
0.00000
0.00000
0.00000
0.00000
0.00000
0.00000
0.00000
0.00000
0.00000
0.00000
0.00000
0.00000
0.00000
0.00000
0.00000
0.00000
0.00000
0.00000
0.00000
0.00000
0.00000
0.00000
0.00000
0.00000
0.00000
0.00000
0.00000
0.00000
0.00000
0.00000
0.00000
0.00000
0.00000
0.00000
0.00000
0.00000
0.00000
0.00000
0.00000
0.00000
0.00000
0.00000
0.00000
0.00000
0.00000
0.00000
0.00000
0.00000
0.00000
0.00000
0.00000
0.00000
0.00000
0.00000
3.01316
0.00000
0.00000
0.00000
0.00000
0.00000
0.00000
0.00000
0.00000
0.00000
0.00000
0.00000
0.00000
0.00000
0.00000
0.00000
0.00000
0.00000
0.00000
0.00000
0.00000
0.00000
0.00000
0.00000
0.00000
0.00000
0.00000
0.00000
0.00000
0.00000
0.00000
0.00000
0.00000
0.00000
0.00000
0.00000
0.00000
0.00000
0.00000
0.00000
0.00000
0.00000
0.00000
0.00000
0.00000
0.00000
0.00000
0.00000
5.20000
0.00000
0.00000
0.00000
0.00000
0.00000
0.00000
0.00000
0.00000
0.00000
0.00000
0.00000
0.00000
0.00000
0.00000
0.00000
0.00000
0.00000
0.00000
0.00000
0.00000
0.00000
0.00000
0.00000
0.00000
65.33333
66.06329
66.25316
66.43750
66.06329
65.58667
67.36709
65.67500
65.69620
65.84810
65.00000
64.45570
64.49367
65.53165
65.60759
65.18987
65.16250
65.68354
34.02532
0.00000
0.00000
0.00000
0.00000
0.00000
0.00000
0.00000
0.00000
0.00000
0.00000
0.00000
0.00000
0.00000
0.00000
0.00000
0.00000
0.00000
0.00000
0.00000
0.00000
0.00000
0.00000
0.00000
0.00000
0.00000
0.00000
0.00000
0.00000
0.00000
0.00000
0.00000
0.00000
0.00000
0.00000
0.00000
0.00000
0.00000
0.00000
0.00000
0.00000
0.00000
0.00000
0.00000
0.00000
0.00000
0.00000
0.00000
0.00000
0.00000
0.00000
0.00000
0.00000
0.00000
0.00000
0.00000
0.00000
0.00000
0.00000
0.00000
0.00000
0.00000
0.00000
0.00000
0.00000
0.00000
0.00000
0.00000
0.00000
0.00000
0.00000
0.00000
0.00000
0.00000
0.00000
0.00000
0.00000
0.00000
0.00000
0.00000
0.00000
0.00000
0.00000
0.00000
0.00000
0.00000
0.00000
0.00000
0.00000
0.00000
0.00000
0.00000
0.00000
0.00000
0.00000
0.00000
0.00000
0.00000
0.00000
0.00000
0.00000
0.00000
0.00000
0.00000
0.00000
0.00000
0.00000
0.00000
0.00000
0.00000
0.00000
0.00000
0.00000
0.00000
0.00000
0.00000
0.00000
0.00000
0.00000
0.00000
0.00000
0.00000
0.02532
0.00000
0.00000
0.00000
0.00000
0.00000
0.00000
0.00000
0.00000
0.00000
54.97500
65.59494
65.00000
65.06329
65.67089
65.51899
65.75949
65.96203
65.77500
65.83544
65.56962
65.26582
65.03797
65.01250
65.01266
65.07595
65.01266
65.01266
64.97468
64.98734
64.89873
64.27848
61.79221
64.63291
58.05063
0.00000
0.00000
0.00000
0.00000
0.00000
0.00000
0.00000
0.00000
0.00000
0.00000
0.00000
0.00000
0.00000
0.00000
0.00000
0.00000
0.00000
0.00000
0.00000
0.00000
0.00000
0.00000
0.00000
0.00000
0.00000
0.00000
0.00000
0.00000
0.00000
0.00000
0.00000
0.00000
0.00000
0.00000
0.00000
0.00000
0.00000
0.00000
0.00000
0.00000
0.00000
0.00000
0.00000
0.00000
0.00000
0.00000
0.00000
0.00000
0.00000
0.00000
0.00000
0.00000
0.00000
0.00000
0.00000
0.00000
0.00000
0.00000
0.00000
0.00000
0.00000
0.00000
0.00000
0.00000
0.00000
0.00000
0.00000
0.00000
0.00000
0.00000
0.00000
0.00000
0.00000
0.00000
0.00000
0.00000
0.00000
0.00000
0.00000
0.00000
0.00000
0.00000
0.00000
0.00000
0.00000
0.00000
0.00000
0.00000
0.00000
0.00000
0.00000
0.00000
0.00000
0.00000
0.00000
0.00000
0.00000
0.00000
0.00000
0.00000
0.00000
0.00000
0.00000
0.00000
0.00000
0.00000
0.00000
0.00000
0.00000
0.00000
0.00000
0.00000
0.00000
0.00000
0.00000
0.00000
0.00000
0.00000
0.00000
0.00000
0.00000
0.00000
17.28947
65.62025
65.46835
65.47500
66.06329
66.08861
66.01266
66.00000
65.97500
65.43038
65.07595
64.98734
64.97500
64.86076
64.83544
64.67089
5.70886
0.00000
0.00000
0.00000
0.00000
0.00000
0.00000
0.00000
0.00000
0.00000
0.00000
0.00000
0.00000
0.00000
0.00000
0.00000
0.00000
0.00000
0.00000
0.00000
0.00000
0.00000
0.00000
0.00000
0.00000
0.00000
0.00000
0.00000
0.00000
0.00000
0.00000
0.00000
0.00000
0.00000
0.00000
0.00000
0.00000
0.00000
0.00000
0.00000
0.00000
0.00000
0.00000
0.00000
0.00000
0.00000
0.00000
0.00000
0.00000
0.00000
0.00000
0.00000
0.00000
0.00000
0.00000
0.00000
0.00000
0.00000
0.00000
0.00000
0.00000
0.00000
0.00000
0.00000
0.00000
0.00000
0.00000
0.00000
0.00000
0.00000
0.00000
0.00000
0.00000
0.00000
0.00000
0.00000
0.00000
0.00000
0.00000
0.00000
0.00000
0.00000
0.00000
0.00000
0.00000
0.00000
0.00000
0.00000
0.00000
0.00000
0.00000
0.00000
0.00000
0.00000
0.00000
0.00000
0.00000
0.00000
0.00000
0.00000
0.00000
0.00000
0.00000
0.00000
0.00000
0.00000
0.00000
0.00000
0.00000
0.00000
0.00000
0.00000
0.00000
0.00000
0.00000
0.00000
0.00000
0.00000
0.00000
0.00000
0.00000
0.00000
0.00000
0.00000
0.00000
0.00000
0.00000
0.00000
0.00000
0.00000
1.74684
31.84810
63.06494
64.54545
65.08108
65.39189
65.98701
65.82278
65.81013
65.05000
65.00000
64.83544
64.39241
64.43038
64.07500
64.13924
64.31646
64.32911
64.72500
64.89873
64.83544
64.68354
64.18987
64.46250
64.54430
64.18987
64.11392
64.15190
71.20253
73.27500
66.26923
64.06329
64.02532
64.01266
64.01266
64.07595
64.07595
64.13750
64.01266
64.03797
64.07595
63.98750
64.15190
64.01266
64.17949
64.09211
66.82895
67.20513
63.98718
63.97468
64.02632
64.00000
64.09333
64.06757
64.12821
64.21519
64.07500
64.30667
64.15385
64.05128
64.04054
64.06667
64.16667
64.24051
64.30380
64.12821
64.13924
64.06250
64.25316
64.25316
64.06250
64.22785
67.85897
66.06410
64.06250
64.03797
64.12658
64.10390
64.01333
64.00000
64.01266
7.24051
0.00000
0.00000
0.00000
0.00000
0.00000
0.00000
0.00000
0.00000
0.00000
0.00000
0.00000
0.00000
0.00000
0.00000
0.00000
30.84416
65.43750
65.48101
65.11392
65.35443
65.92308
65.64103
65.11538
64.97403
64.47368
64.50649
64.36842
67.34177
23.03797
0.00000
0.00000
0.00000
0.00000
0.00000
0.00000
0.00000
0.00000
0.00000
0.00000
0.00000
0.00000
0.00000
0.00000
0.00000
0.00000
0.00000
0.00000
0.00000
0.00000
0.00000
0.00000
0.00000
0.00000
0.00000
0.00000
0.00000
0.00000
0.00000
0.00000
0.00000
0.00000
0.00000
0.00000
0.00000
0.00000
0.00000
0.00000
0.00000
0.00000
0.00000
0.00000
0.00000
0.00000
0.00000
0.00000
0.00000
0.00000
0.00000
0.00000
0.00000
0.00000
0.00000
0.00000
0.00000
0.00000
0.00000
0.00000
0.00000
0.00000
0.00000
0.00000
0.00000
0.00000
25.24051
98.22500
96.17722
99.37975
101.00000
101.24675
100.32468
66.21519
0.00000
0.00000
0.00000
0.00000
0.00000
0.00000
0.00000
0.00000
0.00000
0.00000
0.00000
0.00000
0.00000
0.00000
0.00000
0.00000
0.00000
0.00000
0.00000
0.00000
0.00000
0.00000
0.00000
0.00000
0.00000
0.00000
0.00000
0.00000
0.00000
0.00000
0.00000
0.00000
0.00000
0.00000
0.00000
0.00000
0.00000
0.00000
0.00000
0.00000
0.00000
0.00000
0.00000
0.00000
0.00000
0.00000
0.00000
0.00000
0.00000
0.00000
0.00000
0.00000
0.00000
0.00000
0.00000
0.00000
0.00000
0.00000
0.00000
0.00000
0.00000
0.00000
0.00000
0.00000
0.00000
0.00000
0.00000
0.00000
0.00000
0.00000
0.00000
0.00000
0.00000
0.00000
0.00000
0.00000
0.00000
0.00000
0.00000
0.00000
0.00000
0.00000
0.00000
0.00000
0.00000
0.00000
0.00000
0.00000
0.00000
0.00000
0.00000
0.00000
0.00000
0.00000
0.00000
0.00000
0.00000
0.00000
0.37975
1.80519
0.08861
0.00000
0.00000
0.00000
0.00000
0.00000
0.00000
0.00000
0.01299
0.00000
0.00000
0.00000
0.00000
0.00000
0.00000
0.00000
0.00000
0.00000
0.00000
0.00000
0.00000
0.00000
0.00000
0.00000
0.00000
0.00000
0.00000
0.00000
0.00000
0.00000
0.00000
0.00000
0.00000
0.00000
0.00000
0.00000
0.00000
0.00000
0.00000
0.97468
45.88608
98.02532
97.66250
99.55696
100.12658
99.98734
99.36709
98.98734
98.36709
97.92500
98.22785
98.72152
97.97468
98.20253
97.67949
94.59740
99.34615
99.55128
96.89873
97.05000
97.65823
97.69620
101.84615
107.15789
98.15000
97.24359
97.16250
97.07595
97.27848
97.38750
96.48684
97.17949
73.12658
64.45570
64.07692
63.88750
63.93590
64.30769
64.39241
64.20253
64.02532
64.02532
64.15000
64.20253
64.17722
64.02532
64.07595
64.02532
64.21250
64.75949
64.70886
64.28750
88.45570
97.24051
98.32911
100.93671
98.96203
59.00000
0.00000
0.00000
0.00000
0.00000
0.00000
0.00000
0.00000
0.00000
0.00000
0.00000
0.00000
60.47297
66.09459
65.92000
66.02500
65.97436
65.89873
65.67089
64.97468
64.89873
64.72500
64.45570
64.25316
64.15000
63.97468
64.00000
64.00000
64.11392
63.86076
63.81250
64.00000
63.96203
63.96203
63.96203
63.97468
63.89873
63.97500
63.88608
63.98734
63.91139
67.00000
64.49351
64.08861
63.96203
63.85000
64.10127
64.16456
65.34177
65.56962
65.38750
66.06410
67.98684
63.96203
63.92958
64.59211
64.46835
64.10127
39.20000
0.00000
0.00000
0.00000
0.00000
0.00000
0.00000
0.00000
0.00000
0.00000
0.00000
0.00000
0.00000
0.00000
0.00000
0.00000
0.00000
0.00000
0.00000
0.00000
0.00000
0.00000
0.00000
1.72152
5.22785
0.00000
0.00000
0.00000
0.00000
0.00000
0.00000
0.00000
0.00000
0.00000
0.00000
0.00000
0.00000
0.00000
0.00000
0.00000
0.00000
0.00000
0.00000
0.00000
0.00000
0.00000
0.00000
0.00000
0.00000
0.00000
0.00000
0.00000
0.00000
0.00000
0.00000
0.00000
0.00000
0.00000
0.00000
0.00000
0.00000
0.00000
0.00000
0.00000
0.00000
0.00000
0.00000
0.00000
0.00000
0.00000
0.00000
0.00000
0.00000
0.00000
0.00000
0.00000
0.00000
0.00000
0.00000
0.00000
0.00000
0.00000
0.00000
0.00000
0.00000
0.00000
0.00000
0.00000
0.00000
0.00000
0.00000
0.00000
0.00000
0.00000
0.00000
0.00000
0.00000
0.00000
0.00000
0.00000
0.00000
0.00000
0.00000
0.00000
0.00000
0.00000
0.00000
0.00000
0.00000
0.00000
0.00000
40.25316
74.53165
73.13158
65.92405
65.67089
65.96203
65.79747
65.16250
64.55696
64.10127
64.21519
64.05063
61.39744
64.98667
64.47368
64.10811
64.08974
63.68354
63.34177
63.26582
63.88608
72.98701
70.22785
63.27848
63.43750
43.37975
0.00000
0.00000
0.00000
0.00000
0.00000
0.00000
0.00000
0.00000
0.00000
0.00000
0.00000
0.00000
0.00000
0.00000
0.00000
0.00000
0.00000
0.00000
0.00000
0.00000
0.00000
0.00000
0.00000
0.00000
0.00000
0.00000
0.00000
0.00000
0.00000
0.00000
0.00000
0.00000
0.00000
0.00000
0.00000
0.00000
0.00000
0.00000
0.00000
0.00000
0.00000
0.00000
0.00000
0.00000
0.00000
0.00000
0.00000
0.00000
0.00000
0.00000
0.00000
0.00000
0.00000
0.00000
0.00000
0.00000
0.00000
0.00000
0.00000
0.00000
0.00000
0.00000
0.00000
0.00000
0.00000
0.00000
0.00000
0.00000
0.00000
0.00000
0.00000
0.00000
0.00000
0.00000
0.00000
0.00000
0.00000
0.00000
0.00000
0.00000
0.00000
0.00000
0.00000
0.00000
0.00000
0.00000
0.00000
0.00000
0.00000
0.00000
0.00000
0.00000
0.00000
0.00000
0.00000
0.00000
0.00000
0.00000
0.00000
0.00000
18.05333
96.79747
95.25316
98.27848
100.05063
100.26582
99.60000
98.98734
98.41772
97.91139
97.33750
96.89873
96.25316
96.20253
96.03797
96.02500
96.11392
96.07595
96.00000
95.98734
96.00000
96.02532
96.93671
97.00000
96.81013
96.49367
96.53165
96.43590
96.06494
96.19481
93.34177
64.01266
64.41772
64.53750
63.77215
63.89873
63.87342
63.70886
63.65823
64.21519
64.49367
63.49367
65.82278
63.72152
64.67089
66.18421
65.77632
63.67089
63.73684
64.01333
63.57333
63.32432
63.33784
63.31081
65.13333
63.69620
63.89873
63.70886
63.78481
63.39474
63.46667
63.36364
63.58442
63.96154
64.00000
63.96250
63.84810
63.93671
63.93671
63.96250
63.92308
63.90000
63.92405
63.98734
64.01266
33.24051
0.00000
0.00000
0.00000
0.00000
0.00000
0.00000
0.00000
0.00000
0.00000
0.00000
0.00000
0.00000
0.00000
0.00000
0.00000
0.00000
0.00000
0.00000
0.00000
0.00000
0.00000
0.00000
0.00000
0.00000
0.00000
0.00000
0.00000
0.00000
0.00000
0.00000
0.00000
0.00000
0.00000
0.00000
0.00000
0.00000
0.00000
0.00000
0.00000
0.00000
0.00000
0.00000
0.00000
0.00000
0.00000
0.00000
0.00000
0.00000
0.00000
0.00000
0.00000
0.00000
0.00000
0.00000
0.00000
0.00000
0.00000
0.00000
0.00000
0.00000
0.00000
0.00000
0.00000
0.00000
0.00000
0.00000
0.00000
0.00000
0.00000
0.00000
0.00000
0.00000
0.00000
0.00000
0.00000
0.00000
0.00000
0.00000
0.00000
0.00000
0.00000
0.00000
0.00000
0.00000
0.00000
0.00000
0.00000
0.00000
0.00000
0.00000
3.96203
55.03797
65.71250
65.00000
65.29114
65.94937
65.60759
65.02532
65.02532
64.92405
64.93421
70.60526
65.03896
64.05128
63.97468
64.00000
64.00000
62.82051
68.22368
72.63291
71.92405
71.26582
71.02500
71.01266
71.00000
67.79487
11.55128
0.00000
0.00000
0.00000
0.00000
0.00000
0.00000
0.00000
0.00000
0.00000
0.00000
0.00000
0.00000
0.00000
0.00000
32.58974
99.86076
96.32911
99.21519
100.06410
97.23684
0.00000
0.00000
0.00000
0.00000
0.00000
0.00000
0.00000
0.00000
0.00000
0.00000
0.00000
0.00000
0.00000
0.00000
0.00000
0.00000
0.00000
0.00000
0.00000
0.00000
0.00000
0.00000
0.00000
0.00000
0.00000
0.00000
0.00000
0.00000
0.00000
0.00000
0.00000
0.00000
0.00000
0.00000
0.00000
0.00000
0.00000
0.00000
0.00000
0.00000
0.00000
0.00000
0.00000
0.00000
0.00000
0.00000
0.00000
0.00000
0.00000
0.00000
0.00000
0.00000
0.00000
0.00000
0.00000
0.00000
0.00000
0.00000
0.00000
0.00000
0.00000
0.00000
0.00000
0.00000
0.00000
0.00000
0.00000
0.00000
0.00000
0.00000
0.00000
0.00000
0.00000
0.00000
0.00000
0.00000
0.00000
0.00000
0.00000
0.00000
0.00000
0.00000
0.00000
0.00000
0.00000
0.00000
0.00000
0.00000
0.00000
0.00000
0.00000
0.00000
0.00000
0.00000
0.00000
0.00000
0.00000
0.00000
0.00000
0.00000
0.00000
0.00000
30.89873
66.64557
65.81013
65.44304
65.98734
65.65823
65.21250
65.00000
65.00000
64.81013
64.45000
64.22785
64.00000
63.98734
68.81013
63.96203
63.97468
63.98750
64.00000
63.82278
63.84810
63.96203
64.00000
63.98750
63.96203
63.97468
63.98734
64.00000
64.00000
63.98734
64.00000
64.00000
64.01250
64.01266
64.21519
3.32468
0.00000
0.00000
0.00000
0.00000
0.00000
0.00000
0.00000
0.00000
0.00000
0.00000
0.00000
0.00000
0.00000
0.00000
0.00000
0.00000
0.00000
0.00000
0.00000
0.00000
0.00000
0.00000
0.00000
0.00000
0.00000
0.00000
0.00000
0.00000
0.00000
0.00000
0.00000
0.00000
0.00000
0.00000
0.00000
0.00000
0.00000
0.00000
0.00000
0.00000
0.00000
0.00000
0.00000
0.00000
0.00000
0.00000
0.00000
0.00000
0.00000
0.00000
0.00000
0.00000
0.00000
0.00000
0.00000
0.00000
0.00000
0.00000
0.00000
0.00000
0.00000
0.00000
0.00000
0.00000
0.00000
0.00000
0.00000
0.00000
0.00000
0.00000
0.00000
0.00000
0.00000
0.00000
0.00000
0.00000
0.00000
0.00000
0.00000
0.00000
0.00000
0.00000
0.00000
0.00000
0.00000
0.00000
0.00000
0.00000
0.00000
0.00000
0.00000
0.00000
0.00000
0.00000
0.00000
0.00000
0.00000
0.00000
0.00000
0.00000
0.00000
0.00000
39.82278
76.10526
70.73418
65.00000
65.50633
65.65823
65.25000
65.00000
65.00000
64.34177
63.05063
61.48684
63.89873
63.98750
64.00000
63.98734
63.96203
63.98750
64.00000
64.08861
64.01266
64.02532
63.98750
64.00000
63.96203
64.27848
34.87013
0.00000
0.00000
0.00000
0.00000
0.00000
0.00000
0.00000
0.00000
0.00000
0.00000
0.00000
0.00000
0.00000
0.00000
0.00000
0.00000
0.00000
0.00000
0.00000
0.00000
0.00000
0.00000
0.00000
0.00000
0.00000
0.00000
0.00000
0.00000
0.00000
0.00000
0.00000
0.00000
0.00000
0.00000
0.00000
0.00000
0.00000
0.00000
0.00000
0.00000
0.00000
0.00000
0.00000
0.00000
0.00000
0.00000
0.00000
0.00000
0.00000
0.00000
0.00000
0.00000
0.00000
0.00000
0.00000
0.00000
0.00000
0.00000
0.00000
0.00000
0.00000
0.00000
0.00000
0.00000
0.00000
0.00000
0.00000
0.00000
0.00000
0.00000
0.00000
0.00000
0.00000
0.00000
0.00000
0.00000
0.00000
0.00000
0.00000
0.00000
0.00000
0.00000
0.00000
0.00000
0.00000
0.00000
0.00000
0.00000
0.00000
0.00000
0.00000
0.00000
0.00000
0.00000
0.00000
0.00000
0.00000
0.00000
0.00000
0.00000
0.00000
0.00000
0.00000
0.00000
0.00000
0.00000
0.00000
0.00000
0.00000
0.00000
0.00000
0.00000
0.00000
0.00000
0.00000
0.00000
0.00000
0.00000
0.00000
0.00000
0.00000
0.00000
0.00000
0.00000
0.00000
0.00000
0.00000
0.00000
0.00000
0.00000
0.00000
0.00000
0.00000
0.00000
0.00000
0.00000
0.00000
0.00000
0.00000
0.00000
0.00000
0.00000
0.00000
0.00000
0.00000
0.00000
0.00000
0.00000
0.00000
0.00000
1.61538
0.00000
0.00000
0.00000
0.00000
0.00000
0.00000
0.00000
0.00000
0.00000
0.00000
0.00000
0.00000
0.00000
0.00000
0.00000
0.00000
0.00000
0.00000
0.00000
0.00000
0.00000
0.00000
0.00000
0.00000
0.00000
0.00000
0.00000
0.00000
0.00000
0.00000
0.00000
0.00000
0.00000
0.00000
0.00000
0.00000
0.00000
0.00000
0.00000
0.00000
0.00000
0.00000
0.00000
0.00000
0.00000
0.00000
0.00000
0.00000
0.00000
0.00000
0.00000
0.00000
0.00000
0.00000
0.00000
0.00000
0.00000
0.00000
0.00000
0.00000
0.00000
0.00000
0.00000
0.00000
0.00000
0.00000
0.00000
0.00000
0.00000
0.00000
0.00000
0.00000
0.00000
0.00000
0.00000
0.00000
0.00000
0.00000
0.00000
0.00000
0.00000
0.00000
0.00000
0.00000
0.00000
0.00000
0.00000
0.00000
0.00000
0.00000
0.00000
0.00000
0.00000
0.00000
0.00000
0.00000
0.00000
0.00000
0.00000
0.00000
0.00000
0.00000
0.00000
0.00000
0.00000
0.00000
0.00000
0.00000
0.00000
0.00000
0.00000
0.00000
5.07895
29.05063
72.93671
71.00000
71.58228
72.13924
72.55696
72.20253
72.18182
71.93506
71.39241
71.18987
71.60000
71.69231
72.12500
65.82278
5.21333
0.00000
0.00000
0.00000
0.00000
0.00000
0.00000
0.00000
0.00000
0.00000
0.00000
0.00000
0.00000
0.00000
0.00000
0.00000
0.00000
0.00000
0.00000
0.00000
0.00000
0.00000
0.00000
0.00000
0.00000
0.00000
0.00000
0.00000
0.00000
0.00000
0.00000
0.00000
0.00000
0.00000
0.00000
0.00000
0.00000
0.00000
0.00000
0.00000
0.00000
0.00000
0.00000
0.00000
0.00000
0.00000
0.00000
0.00000
0.00000
0.00000
0.00000
0.00000
0.00000
0.00000
0.00000
0.00000
0.00000
0.00000
0.00000
0.00000
0.00000
0.00000
0.00000
0.00000
0.00000
0.00000
0.00000
0.00000
0.00000
0.00000
0.00000
0.00000
0.00000
0.00000
0.00000
0.00000
0.00000
0.00000
0.00000
0.00000
0.00000
0.00000
0.00000
0.00000
0.00000
0.00000
0.00000
0.00000
0.00000
0.00000
0.00000
0.00000
0.00000
0.00000
0.00000
0.00000
0.00000
0.00000
0.00000
0.00000
0.00000
0.00000
0.00000
0.00000
0.00000
0.00000
0.00000
0.00000
0.00000
0.00000
0.00000
0.00000
0.00000
0.00000
0.00000
0.00000
0.00000
0.00000
0.00000
0.00000
0.00000
0.00000
0.00000
0.00000
0.00000
0.00000
0.00000
0.00000
48.54545
97.20253
95.53750
98.83333
99.96053
100.36486
99.39744
98.41772
97.58974
97.02532
96.89873
96.62025
96.34177
95.93590
95.92405
95.37500
95.36709
97.06410
99.66234
96.15190
97.12658
95.46835
86.48101
63.24675
63.21519
63.22785
63.10000
63.01266
63.05063
63.30380
63.37975
63.18987
63.21250
63.21519
63.16456
63.26582
63.45570
63.55696
63.72500
63.31646
63.15190
63.32500
63.48101
63.34177
63.08861
63.11392
63.07595
63.16456
63.29114
63.22785
63.45000
63.39241
63.49367
69.29333
65.39189
63.46667
63.66667
63.53333
63.84810
8.07595
0.00000
0.00000
0.00000
0.00000
0.00000
0.00000
0.00000
0.00000
0.00000
0.00000
0.00000
0.00000
0.00000
0.00000
0.00000
0.00000
0.00000
0.00000
0.00000
0.00000
0.00000
0.00000
0.00000
0.00000
0.00000
0.00000
0.00000
0.00000
0.00000
0.00000
0.00000
0.00000
0.00000
0.00000
0.00000
0.00000
0.00000
0.00000
0.00000
0.00000
0.00000
0.00000
0.00000
0.00000
0.00000
0.00000
0.00000
0.00000
0.00000
0.00000
0.00000
0.00000
0.00000
0.00000
0.00000
0.00000
0.00000
0.00000
0.00000
0.00000
0.00000
0.00000
0.00000
0.00000
0.00000
0.00000
0.00000
0.00000
0.00000
0.00000
0.00000
0.00000
0.00000
0.00000
0.00000
0.00000
0.00000
0.00000
0.00000
0.00000
47.66234
68.78205
64.72000
65.07792
66.00000
66.00000
65.34177
65.00000
64.68354
64.10127
64.00000
63.98734
63.98734
63.96203
63.89873
63.82278
64.00000
63.97468
63.93671
4.05063
0.00000
0.00000
0.01250
0.00000
0.00000
0.00000
0.00000
0.00000
0.00000
0.00000
0.00000
0.00000
0.00000
0.00000
0.00000
0.00000
0.00000
0.00000
0.00000
0.00000
0.00000
0.00000
0.00000
0.00000
0.00000
0.00000
0.00000
0.00000
0.00000
0.00000
0.00000
0.00000
0.00000
0.00000
0.00000
0.00000
0.00000
0.00000
0.00000
0.00000
0.00000
0.00000
0.00000
0.00000
0.00000
0.00000
0.00000
0.00000
0.00000
0.00000
0.00000
0.00000
0.00000
0.00000
0.00000
0.00000
0.00000
0.00000
0.00000
0.00000
0.00000
0.00000
0.00000
0.00000
0.00000
0.00000
0.00000
0.00000
0.00000
0.00000
0.00000
0.00000
0.00000
0.00000
0.00000
0.00000
0.00000
0.00000
0.00000
0.00000
0.00000
0.00000
0.00000
0.00000
0.00000
0.00000
0.00000
0.00000
0.00000
0.00000
0.00000
0.00000
0.00000
0.00000
0.00000
0.00000
0.00000
0.00000
0.00000
0.00000
0.00000
0.00000
0.00000
0.00000
0.00000
0.00000
0.00000
0.00000
0.00000
0.00000
0.00000
0.00000
0.00000
0.00000
0.00000
0.00000
0.00000
0.00000
0.00000
0.00000
0.00000
0.00000
0.00000
0.00000
0.00000
0.00000
0.00000
0.00000
0.00000
0.00000
0.00000
2.92405
0.56962
0.00000
0.00000
0.00000
32.55000
96.81013
95.56962
98.36709
99.55000
99.21519
91.50633
64.93506
64.44304
64.31646
64.02532
64.05000
64.07595
64.01266
64.06329
64.11250
64.15190
64.24051
64.65823
65.00000
65.01266
64.98734
64.82500
64.83333
64.62500
64.79747
64.89873
64.87342
64.82500
64.62025
64.75949
64.94937
64.98734
64.93671
64.72500
64.68354
64.83544
64.93671
64.94937
64.96203
64.97500
65.00000
64.98734
66.37975
65.00000
65.03030
65.01266
60.70667
0.00000
0.00000
0.00000
0.00000
0.00000
0.00000
0.00000
0.00000
0.00000
0.00000
0.00000
0.00000
0.00000
0.00000
0.00000
0.00000
0.00000
0.00000
0.00000
0.00000
0.00000
0.00000
0.00000
0.00000
0.00000
0.00000
0.00000
0.00000
0.00000
0.00000
0.00000
0.00000
0.00000
0.00000
0.00000
0.00000
0.00000
0.00000
0.00000
0.00000
0.00000
0.00000
0.00000
0.00000
0.00000
0.00000
0.00000
0.00000
0.00000
0.00000
0.00000
0.00000
0.00000
0.00000
0.00000
0.00000
0.00000
0.00000
0.00000
0.00000
0.00000
0.00000
0.00000
0.00000
0.00000
0.00000
0.00000
0.00000
0.00000
0.00000
0.00000
0.00000
0.00000
0.00000
0.00000
0.00000
0.00000
0.00000
0.00000
0.00000
0.00000
0.00000
0.00000
0.00000
0.00000
0.00000
0.00000
0.00000
0.00000
0.00000
0.00000
0.00000
0.00000
6.54545
63.45570
65.37975
63.15584
63.69737
66.00000
65.97468
65.63750
65.13924
64.98734
64.73418
64.13750
63.93590
63.82500
63.87342
63.97468
64.00000
64.00000
63.81013
63.53165
63.58228
65.59494
67.31646
63.81013
66.68354
67.63291
39.58228
0.00000
0.00000
0.00000
0.00000
0.00000
0.00000
0.00000
0.00000
0.00000
0.00000
0.00000
0.00000
0.00000
0.00000
0.00000
0.00000
0.00000
0.00000
0.00000
0.00000
0.00000
7.21622
59.56000
65.43038
65.11688
65.65333
65.98750
65.64557
65.08861
65.00000
64.98734
64.74684
64.29114
64.11250
64.02532
65.02532
64.31646
64.23750
63.24051
62.56410
63.19231
63.29114
63.48101
63.46835
62.73750
63.42308
63.51899
63.60256
63.75641
63.52564
63.84810
63.86076
63.88608
63.51948
63.14474
63.21795
63.16883
63.25641
63.10390
63.17949
63.21795
63.30769
63.26582
33.68831
0.00000
0.00000
0.00000
0.00000
0.00000
0.00000
0.00000
0.00000
0.00000
0.00000
0.00000
0.00000
0.00000
0.00000
0.00000
0.00000
0.00000
0.00000
0.00000
0.00000
0.00000
0.00000
0.00000
0.00000
0.00000
0.00000
0.00000
0.00000
0.00000
0.00000
0.00000
0.00000
0.00000
0.00000
0.00000
0.00000
0.00000
0.00000
0.00000
0.00000
0.00000
0.00000
0.00000
0.00000
0.00000
0.00000
1.28378
0.00000
0.00000
0.00000
2.24051
0.00000
2.36709
22.10127
64.68831
65.74684
65.03750
65.07595
65.68354
65.60000
65.55696
65.29114
65.41772
65.15000
65.17722
66.41772
64.70886
64.71250
64.68354
65.02532
65.01250
65.00000
65.06329
65.00000
65.01266
65.00000
65.25000
65.05063
65.00000
65.00000
65.00000
65.13924
65.24051
65.10127
65.00000
65.08861
65.39241
65.51899
65.73750
65.56962
65.62025
65.75949
65.65823
65.74684
67.25316
40.92405
0.00000
0.00000
0.00000
0.00000
0.00000
19.17333
30.23377
30.82278
33.34211
33.88158
33.16250
26.73418
0.00000
0.00000
0.00000
0.00000
0.00000
0.00000
0.00000
0.00000
0.00000
0.00000
0.00000
0.00000
0.00000
0.00000
0.00000
0.00000
0.00000
0.00000
0.00000
0.00000
0.00000
0.00000
0.00000
0.00000
0.00000
0.00000
0.00000
0.00000
0.00000
0.00000
0.00000
0.00000
0.00000
0.00000
0.00000
0.00000
0.00000
0.00000
0.00000
0.00000
0.00000
0.00000
0.00000
0.00000
0.00000
0.00000
0.00000
0.00000
0.00000
0.00000
0.00000
0.00000
0.00000
0.00000
0.00000
0.00000
0.00000
0.00000
0.00000
0.00000
0.00000
0.00000
0.00000
0.00000
0.00000
0.00000
0.00000
0.00000
0.00000
0.00000
0.00000
0.00000
0.00000
0.00000
0.00000
0.00000
0.00000
0.00000
0.00000
0.00000
28.83544
64.01316
66.14286
66.17568
74.03896
75.82278
74.22785
74.02500
73.86076
66.65823
65.67089
64.89873
64.70886
64.56962
64.57500
64.49367
64.31646
64.05063
64.00000
64.08861
64.06250
64.11392
64.00000
64.00000
64.06329
64.05000
64.06329
64.02532
64.00000
63.98734
63.98734
64.00000
64.00000
63.98734
64.01266
63.97468
64.00000
64.13750
40.51899
0.00000
0.00000
0.00000
0.00000
0.00000
0.00000
0.00000
0.00000
0.00000
0.00000
0.00000
0.00000
0.00000
0.00000
0.00000
0.00000
0.00000
0.00000
0.00000
0.00000
0.00000
0.00000
0.00000
0.00000
0.00000
0.00000
0.00000
0.00000
0.00000
0.00000
0.00000
0.00000
0.00000
0.00000
0.00000
0.00000
0.00000
0.00000
0.00000
0.00000
0.00000
0.00000
0.00000
0.00000
0.00000
0.00000
0.00000
2.27273
0.44156
0.00000
0.00000
0.00000
0.00000
0.00000
0.00000
0.00000
0.00000
0.00000
0.00000
0.00000
0.00000
0.00000
0.00000
0.00000
0.00000
0.00000
0.00000
0.00000
0.00000
0.00000
0.00000
0.00000
0.00000
0.00000
0.00000
0.00000
0.00000
0.00000
0.00000
0.00000
0.00000
0.00000
0.00000
0.00000
0.00000
0.00000
0.00000
0.00000
0.00000
0.00000
0.00000
0.00000
0.00000
0.00000
0.00000
0.00000
0.00000
0.00000
0.00000
52.71795
65.72152
64.96104
65.55263
66.16667
68.32895
75.18750
73.06329
71.49367
71.18182
71.72152
64.79747
64.29114
64.01250
63.98734
64.10127
64.41772
64.08861
64.01250
64.07595
64.02532
64.01266
63.86250
63.69620
63.75949
63.68354
63.96203
63.78750
63.87342
63.55696
63.43038
63.43038
63.82278
63.86250
63.49367
63.40506
63.64557
63.55696
63.81250
63.75949
63.65823
63.60000
63.92405
63.87342
63.96203
63.86076
63.96203
63.97468
63.94937
63.41250
63.72152
63.93671
63.97468
63.91139
63.91250
63.92405
63.84810
52.98734
0.00000
0.00000
0.00000
0.00000
0.00000
0.00000
0.00000
0.00000
0.00000
0.00000
0.00000
0.00000
0.00000
0.00000
0.00000
0.00000
0.00000
0.00000
0.00000
0.00000
0.00000
0.00000
0.00000
0.00000
0.00000
0.00000
0.00000
0.00000
0.00000
0.00000
0.00000
0.00000
0.00000
0.00000
0.00000
0.00000
0.00000
0.00000
0.00000
0.00000
0.00000
0.00000
0.00000
0.00000
0.00000
0.00000
0.00000
0.00000
0.00000
0.00000
0.00000
0.00000
0.00000
0.00000
0.00000
0.00000
0.00000
0.00000
0.00000
0.00000
0.00000
0.00000
0.00000
0.00000
0.00000
0.00000
0.00000
0.00000
0.00000
0.00000
0.00000
0.00000
0.00000
0.00000
0.00000
0.00000
0.00000
0.00000
0.00000
0.00000
0.00000
0.00000
0.00000
0.00000
0.00000
0.00000
0.00000
0.00000
0.00000
0.00000
0.00000
0.00000
0.00000
0.00000
0.00000
0.00000
0.00000
0.00000
0.00000
0.00000
0.00000
0.00000
12.65385
61.50000
65.40506
73.73077
73.89873
73.07500
73.11392
26.17105
0.00000
0.00000
0.00000
0.00000
0.00000
0.00000
0.00000
0.00000
0.00000
0.00000
0.00000
0.00000
0.00000
0.00000
0.00000
0.00000
0.00000
0.00000
0.00000
0.00000
0.00000
0.00000
0.00000
0.00000
0.00000
0.00000
0.00000
0.00000
0.00000
0.00000
0.00000
0.00000
0.00000
0.00000
0.00000
0.00000
0.00000
0.00000
0.00000
0.00000
0.00000
0.00000
0.00000
0.00000
0.00000
0.00000
0.00000
0.00000
0.00000
0.00000
0.00000
0.00000
0.00000
0.00000
0.00000
0.00000
0.00000
0.00000
0.00000
0.00000
0.00000
0.00000
0.00000
0.00000
0.00000
0.00000
0.00000
0.00000
0.00000
0.00000
0.00000
0.00000
0.00000
0.00000
0.00000
0.00000
0.00000
0.00000
0.00000
0.00000
0.00000
0.00000
0.00000
0.00000
0.00000
0.00000
0.00000
0.00000
0.00000
0.00000
0.00000
0.00000
0.00000
0.00000
0.00000
0.00000
0.00000
0.00000
0.00000
0.00000
0.00000
0.00000
0.00000
0.00000
0.00000
0.00000
0.00000
0.00000
0.00000
0.00000
0.00000
0.00000
0.00000
0.00000
0.00000
0.00000
0.00000
0.00000
0.00000
0.00000
0.00000
0.00000
0.00000
0.00000
0.00000
0.00000
0.00000
0.00000
0.00000
0.00000
0.00000
0.00000
0.00000
0.00000
0.00000
0.00000
0.00000
0.00000
0.00000
0.00000
0.00000
0.00000
0.00000
0.00000
0.00000
0.00000
0.00000
20.75325
65.25316
65.01266
64.91139
65.35443
65.98718
65.56962
65.03750
64.67089
64.51899
64.37179
64.36709
64.23077
64.19231
64.06410
63.98718
64.03797
41.02564
0.00000
0.00000
0.00000
0.00000
0.00000
0.00000
0.00000
0.00000
0.00000
0.00000
0.00000
0.00000
0.00000
0.00000
0.00000
0.00000
0.00000
0.00000
0.00000
0.00000
0.00000
0.00000
0.00000
0.00000
0.00000
0.00000
0.00000
0.00000
0.00000
0.00000
0.00000
0.00000
0.00000
0.00000
0.00000
0.00000
0.00000
0.00000
0.00000
0.00000
0.00000
0.00000
0.00000
0.00000
0.00000
0.00000
0.00000
0.00000
0.00000
0.00000
0.00000
0.00000
0.00000
0.00000
0.00000
0.00000
0.00000
0.00000
0.00000
0.00000
0.00000
0.00000
0.00000
0.00000
0.00000
0.00000
0.00000
0.00000
0.00000
0.00000
0.00000
0.00000
0.00000
0.00000
0.00000
0.00000
0.00000
0.00000
0.00000
0.00000
0.00000
0.00000
0.00000
0.00000
0.00000
0.00000
0.00000
0.00000
0.00000
0.00000
0.00000
0.00000
0.00000
33.67532
63.85526
65.56962
65.75641
66.19231
66.45570
66.10256
65.33766
65.20253
65.23077
65.05128
64.60759
64.11392
64.17722
64.01266
64.01266
64.07692
64.03797
63.98718
64.00000
63.97436
63.96154
63.96203
63.78205
63.96053
57.13158
0.00000
0.00000
0.00000
0.00000
0.00000
0.00000
0.00000
0.00000
0.00000
0.00000
0.00000
0.00000
0.00000
0.00000
0.00000
0.00000
0.00000
0.00000
0.00000
0.00000
0.00000
0.00000
0.00000
0.00000
0.00000
0.00000
0.00000
0.00000
0.00000
0.00000
0.00000
0.00000
0.00000
0.00000
0.00000
0.00000
0.00000
0.00000
0.00000
0.00000
0.00000
0.00000
0.00000
0.00000
0.00000
0.00000
0.00000
0.00000
0.00000
0.00000
0.00000
0.00000
0.00000
0.00000
0.00000
0.00000
0.00000
0.00000
0.00000
0.00000
0.00000
0.00000
0.00000
0.00000
0.00000
0.00000
0.00000
0.00000
0.00000
0.00000
0.00000
0.00000
0.00000
0.00000
0.00000
0.00000
0.00000
0.00000
0.00000
0.00000
0.00000
0.00000
0.00000
0.00000
0.00000
0.00000
0.00000
0.00000
0.00000
0.00000
0.00000
0.00000
0.00000
0.00000
0.00000
0.00000
0.00000
0.00000
0.00000
0.00000
0.00000
0.00000
0.00000
0.00000
0.00000
0.00000
0.00000
0.00000
0.00000
0.00000
0.00000
0.00000
0.00000
0.00000
0.00000
0.00000
0.00000
0.00000
0.00000
0.00000
0.00000
0.00000
0.00000
0.00000
0.00000
0.00000
0.00000
0.00000
0.00000
0.00000
0.00000
0.00000
0.00000
0.00000
0.00000
0.00000
0.00000
0.00000
0.00000
0.00000
0.00000
0.00000
0.00000
0.00000
0.00000
0.00000
0.00000
0.00000
0.00000
0.00000
0.00000
0.00000
0.00000
0.00000
0.00000
0.00000
0.00000
0.00000
0.00000
0.00000
0.00000
0.00000
0.00000
0.00000
0.00000
0.00000
0.00000
0.00000
0.00000
0.00000
0.00000
0.00000
0.00000
0.00000
0.00000
0.00000
0.00000
0.00000
0.00000
0.00000
0.00000
0.00000
0.00000
0.00000
0.00000
0.00000
0.00000
0.00000
0.00000
0.00000
0.00000
0.00000
0.00000
0.00000
0.00000
0.00000
0.00000
0.00000
0.00000
0.00000
0.00000
0.00000
0.00000
0.00000
0.00000
0.00000
0.00000
0.00000
0.00000
0.00000
0.00000
0.00000
0.00000
0.00000
0.00000
0.00000
0.00000
0.00000
0.00000
0.00000
0.00000
0.00000
0.00000
0.00000
0.00000
0.00000
0.00000
0.00000
0.00000
0.00000
0.00000
0.00000
0.00000
0.00000
0.00000
0.00000
0.00000
0.00000
0.00000
0.00000
0.00000
0.00000
0.00000
0.00000
0.00000
0.00000
0.00000
0.00000
0.00000
0.00000
0.00000
0.00000
0.00000
0.00000
0.00000
0.00000
0.00000
0.00000
0.00000
0.00000
0.00000
0.00000
0.00000
0.00000
0.00000
0.00000
0.00000
0.00000
0.00000
0.00000
0.00000
0.00000
0.00000
0.00000
0.00000
0.00000
0.00000
0.00000
0.00000
0.00000
0.00000
0.00000
0.00000
0.00000
0.00000
0.00000
0.00000
0.00000
0.00000
0.00000
0.00000
0.00000
0.00000
0.00000
0.00000
0.00000
0.00000
0.00000
0.00000
0.00000
0.00000
0.00000
0.00000
0.00000
0.00000
0.00000
0.00000
0.00000
0.00000
0.00000
0.00000
0.00000
0.00000
0.00000
0.00000
0.00000
0.00000
0.00000
0.00000
0.00000
0.00000
0.00000
0.00000
0.00000
0.00000
0.00000
0.00000
0.00000
0.00000
0.00000
0.00000
0.00000
0.00000
0.00000
0.00000
0.00000
0.00000
0.00000
0.00000
0.00000
0.00000
0.00000
0.00000
0.00000
0.00000
0.00000
0.00000
0.00000
0.00000
0.00000
0.00000
0.00000
0.00000
0.00000
0.00000
0.00000
0.00000
0.00000
0.00000
0.00000
0.00000
0.00000
0.00000
0.00000
0.00000
0.00000
0.00000
0.00000
0.00000
0.00000
0.00000
0.00000
0.00000
0.00000
0.00000
0.00000
0.00000
0.00000
0.00000
0.00000
0.00000
0.00000
0.00000
0.00000
0.00000
0.00000
0.00000
0.00000
0.00000
0.00000
0.00000
0.00000
0.00000
0.00000
0.00000
0.00000
0.00000
0.00000
0.00000
0.00000
0.00000
0.00000
0.00000
0.00000
0.00000
0.00000
0.00000
0.00000
0.00000
0.00000
0.00000
0.00000
0.00000
0.00000
0.00000
0.00000
0.00000
0.00000
0.00000
0.00000
0.00000
0.00000
0.00000
0.00000
0.00000
0.00000
0.00000
0.00000
0.00000
0.00000
0.00000
0.00000
0.00000
0.00000
0.00000
0.00000
0.00000
0.00000
0.00000
0.00000
0.00000
0.00000
0.00000
0.00000
0.00000
0.00000
0.00000
0.00000
0.00000
0.00000
0.00000
0.00000
0.00000
0.00000
0.00000
0.00000
0.00000
0.00000
0.00000
0.00000
0.00000
0.00000
0.00000
0.00000
0.00000
0.00000
0.00000
0.00000
0.00000
0.00000
0.00000
0.00000
0.00000
0.00000
0.00000
0.00000
0.00000
0.00000
0.00000
0.00000
0.00000
0.00000
0.00000
0.00000
0.00000
0.00000
0.00000
0.00000
0.00000
0.00000
0.00000
0.00000
0.00000
0.00000
0.00000
0.00000
0.00000
0.00000
0.00000
0.00000
0.00000
0.00000
0.00000
0.00000
0.00000
0.00000
0.00000
0.00000
0.00000
0.00000
0.00000
0.00000
0.00000
0.00000
0.00000
0.00000
0.00000
0.00000
0.00000
0.00000
0.00000
0.00000
0.00000
0.00000
0.00000
0.00000
0.00000
0.00000
0.00000
0.00000
0.00000
0.00000
0.00000
0.00000
0.00000
0.00000
0.00000
0.00000
0.00000
0.00000
0.00000
0.00000
0.00000
0.00000
0.00000
0.00000
0.00000
0.00000
0.00000
0.00000
0.00000
0.00000
0.00000
0.00000
0.00000
0.00000
0.00000
0.00000
0.00000
0.00000
0.00000
0.00000
0.00000
0.00000
0.00000
0.00000
0.00000
0.00000
0.00000
0.00000
0.00000
0.00000
0.00000
0.00000
0.00000
0.00000
0.00000
0.00000
0.00000
0.00000
0.00000
0.00000
0.00000
0.00000
0.00000
0.00000
0.00000
0.00000
0.00000
0.00000
0.00000
0.00000
0.00000
0.00000
0.00000
0.00000
0.00000
0.00000
0.00000
0.00000
0.00000
0.00000
0.00000
0.00000
0.00000
0.00000
0.00000
0.00000
0.00000
0.00000
0.00000
0.00000
0.00000
0.00000
0.00000
0.00000
0.00000
0.00000
0.00000
0.00000
0.00000
0.00000
0.00000
0.00000
0.00000
0.00000
0.00000
0.00000
0.00000
0.00000
0.00000
0.00000
0.00000
0.00000
0.00000
0.00000
0.00000
0.00000
0.00000
0.00000
0.00000
0.00000
0.00000
0.00000
0.00000
0.00000
0.00000
0.00000
0.00000
0.00000
0.00000
0.00000
0.00000
0.00000
0.00000
0.00000
0.00000
0.00000
0.00000
0.00000
0.00000
0.00000
0.00000
0.00000
0.00000
0.00000
0.00000
0.00000
0.00000
0.00000
0.00000
0.00000
0.00000
0.00000
0.00000
0.00000
0.00000
0.00000
0.00000
0.00000
0.00000
0.00000
0.00000
0.00000
0.00000
0.00000
0.00000
0.00000
0.00000
0.00000
0.00000
0.00000
0.00000
0.00000
0.00000
0.00000
0.00000
0.00000
0.00000
0.00000
0.00000
0.00000
0.00000
0.00000
0.00000
0.00000
0.00000
0.00000
0.00000
0.00000
0.00000
0.00000
0.00000
0.00000
0.00000
0.00000
0.00000
0.00000
0.00000
0.00000
0.00000
0.00000
0.00000
0.00000
0.00000
0.00000
0.00000
0.00000
0.00000
0.00000
0.00000
0.00000
0.00000
0.00000
0.00000
0.00000
0.00000
0.00000
0.00000
0.00000
0.00000
0.00000
0.00000
0.00000
0.00000
0.00000
0.00000
0.00000
0.00000
0.00000
0.00000
0.00000
0.00000
0.00000
0.00000
0.00000
0.00000
0.00000
0.00000
0.00000
0.00000
0.00000
0.00000
0.00000
0.00000
0.00000
0.00000
0.00000
0.00000
0.00000
0.00000
0.00000
0.00000
0.00000
0.00000
0.00000
0.00000
0.00000
0.00000
0.00000
0.00000
0.00000
0.00000
0.00000
0.00000
0.00000
0.00000
0.00000
0.00000
0.00000
0.00000
0.00000
0.00000
0.00000
0.00000
0.00000
0.00000
0.00000
0.00000
0.00000
0.00000
0.00000
0.00000
0.00000
0.00000
0.00000
0.00000
0.00000
0.00000
0.00000
0.00000
0.00000
0.00000
0.00000
0.00000
0.00000
0.00000
0.00000
0.00000
0.00000
0.00000
0.00000
0.00000
0.00000
0.00000
0.00000
0.00000
0.00000
0.00000
0.00000
0.00000
0.00000
0.00000
0.00000
0.00000
0.00000
0.00000
0.00000
0.00000
0.00000
0.00000
0.00000
0.00000
0.00000
0.00000
0.00000
0.00000
0.00000
0.00000
0.00000
0.00000
0.00000
0.00000
0.00000
0.00000
0.00000
0.00000
0.00000
0.00000
0.00000
0.00000
0.00000
0.00000
0.00000
0.00000
0.00000
0.00000
0.00000
0.00000
0.00000
0.00000
0.00000
0.00000
0.00000
0.00000
0.00000
0.00000
0.00000
0.00000
0.00000
0.00000
0.00000
0.00000
0.00000
0.00000
0.00000
0.00000
0.00000
0.00000
0.00000
0.00000
0.00000
0.00000
0.00000
0.00000
0.00000
0.00000
0.00000
0.00000
0.00000
0.00000
0.00000
0.00000
0.00000
0.00000
0.00000
0.00000
0.00000
0.00000
0.00000
0.00000
0.00000
0.00000
0.00000
0.00000
0.00000
0.00000
0.00000
0.00000
0.00000
0.00000
0.00000
0.00000
0.00000
0.00000
0.00000
0.00000
0.00000
0.00000
0.00000
0.00000
0.00000
0.00000
0.00000
0.00000
0.00000
0.00000
0.00000
0.00000
0.00000
0.00000
0.00000
0.00000
0.00000
0.00000
0.00000
0.00000
0.00000
0.00000
0.00000
0.00000
0.00000
0.00000
0.00000
0.00000
0.00000
0.00000
0.00000
0.00000
0.00000
0.00000
0.00000
0.00000
0.00000
0.00000
0.00000
0.00000
0.00000
0.00000
0.00000
0.00000
0.00000
0.00000
0.00000
0.00000
0.00000
0.00000
0.00000
0.00000
0.00000
0.00000
0.00000
0.00000
0.00000
0.00000
0.00000
0.00000
0.00000
0.00000
0.00000
0.00000
0.00000
0.00000
0.00000
0.00000
0.00000
0.00000
0.00000
0.00000
0.00000
0.00000
0.00000
0.00000
0.00000
0.00000
0.00000
0.00000
0.00000
0.00000
0.00000
0.00000
0.00000
0.00000
0.00000
0.00000
0.00000
0.00000
0.00000
13.05063
67.51899
62.81250
63.78481
64.82278
65.77215
65.60759
65.06329
65.02500
64.96203
64.74684
64.45570
64.10127
63.97468
63.98734
64.00000
64.00000
63.97468
63.86076
63.75949
63.88608
63.92405
63.95000
63.97468
63.98734
63.96203
63.94937
63.97468
63.98750
63.94872
5.60000
0.00000
0.00000
0.00000
0.00000
0.00000
0.00000
0.00000
0.00000
0.00000
0.00000
0.00000
0.00000
0.00000
0.00000
0.00000
0.00000
0.00000
0.00000
0.00000
0.00000
0.00000
0.00000
0.00000
0.00000
0.00000
0.00000
0.00000
0.00000
0.00000
0.00000
0.00000
0.00000
0.00000
0.00000
0.00000
0.00000
0.00000
0.00000
0.00000
0.00000
0.00000
0.00000
0.00000
0.00000
0.00000
0.00000
0.00000
0.00000
0.00000
0.00000
0.00000
0.00000
0.00000
0.00000
0.00000
0.00000
0.00000
0.00000
0.00000
0.00000
0.00000
0.00000
0.00000
0.00000
0.00000
0.00000
0.00000
0.00000
0.00000
0.00000
0.00000
0.00000
0.00000
0.00000
0.00000
0.00000
0.00000
0.00000
0.00000
0.00000
0.00000
0.00000
0.00000
0.00000
0.00000
0.00000
0.00000
0.00000
0.00000
0.00000
0.00000
0.00000
0.00000
0.00000
0.00000
0.00000
0.00000
0.00000
0.00000
0.00000
0.00000
0.00000
0.00000
0.00000
0.00000
0.00000
0.00000
0.00000
0.00000
0.00000
0.00000
0.00000
0.00000
0.00000
0.00000
0.00000
0.00000
0.00000
2.10390
8.60000
7.12162
6.98667
7.70513
6.44304
2.00000
0.00000
0.00000
0.00000
0.00000
0.00000
0.00000
0.00000
0.00000
0.00000
0.00000
0.00000
0.00000
0.00000
0.00000
0.00000
0.00000
0.00000
0.00000
0.00000
0.00000
0.00000
0.00000
0.00000
0.00000
0.00000
0.00000
0.00000
1.89873
0.94937
0.00000
0.00000
0.00000
0.00000
0.00000
0.00000
0.00000
0.00000
0.00000
0.00000
0.00000
0.00000
0.00000
0.00000
0.00000
0.00000
0.00000
0.00000
0.00000
0.00000
0.00000
0.00000
0.00000
0.00000
0.00000
0.00000
0.00000
0.00000
0.00000
0.00000
0.00000
0.00000
0.00000
0.00000
0.00000
0.00000
0.00000
0.00000
0.00000
0.00000
0.00000
0.00000
0.00000
0.00000
0.00000
0.00000
0.00000
0.00000
0.00000
0.00000
0.00000
0.00000
0.00000
0.00000
0.00000
0.00000
0.00000
61.11392
64.58228
64.05063
64.98734
65.73418
65.96203
65.36250
65.00000
64.87342
64.60759
64.67089
64.81013
64.43038
64.10000
69.08861
65.62025
63.98734
63.89873
63.83750
63.87179
63.97500
63.98734
63.77215
63.96203
63.94937
63.97468
64.03797
63.78750
63.83544
63.92405
64.03750
64.01266
63.97468
63.98734
63.92405
63.86076
63.86250
63.94937
63.92405
63.91139
63.88608
63.72152
63.68750
63.79747
63.92405
63.86076
63.60759
63.35443
63.17722
62.96203
63.03797
63.45000
63.32911
63.36709
63.44304
63.36250
63.41772
63.31646
63.53750
63.18987
63.62025
63.44304
63.36709
63.44304
63.64557
63.75000
63.91139
63.89873
63.46835
66.20000
43.46154
0.00000
0.00000
0.00000
0.00000
0.00000
0.00000
0.00000
0.00000
0.00000
0.00000
0.00000
0.00000
0.00000
0.00000
0.00000
0.00000
0.00000
0.00000
0.00000
0.00000
0.00000
0.00000
0.00000
0.00000
0.00000
0.00000
0.00000
0.00000
0.00000
0.00000
0.00000
0.00000
0.00000
0.00000
0.00000
0.00000
0.00000
0.00000
0.00000
0.00000
0.00000
0.00000
0.00000
0.00000
0.00000
0.00000
0.00000
0.00000
0.00000
0.00000
0.00000
0.00000
0.00000
0.00000
0.00000
0.00000
0.00000
0.00000
0.00000
0.00000
0.00000
0.00000
0.00000
0.00000
0.00000
0.00000
0.00000
0.00000
0.00000
0.00000
0.00000
0.00000
0.00000
0.00000
0.00000
0.00000
0.00000
0.00000
0.00000
0.00000
0.00000
0.00000
0.00000
0.00000
0.00000
0.00000
0.00000
0.00000
0.00000
0.00000
0.00000
0.00000
0.00000
0.00000
0.00000
0.00000
0.00000
0.00000
0.00000
0.00000
0.00000
0.00000
0.00000
0.00000
0.00000
0.00000
0.00000
0.00000
4.50633
8.78481
4.98734
54.76623
66.87013
65.62025
66.34177
67.08861
66.88608
66.43038
65.86076
65.37975
64.87500
64.75949
64.65823
64.32500
64.16667
63.98718
64.00000
63.98750
63.77215
64.29114
67.16883
63.92405
63.92405
64.15000
64.63291
64.41772
62.81013
62.23077
64.03797
64.00000
64.01266
64.02532
64.11250
64.10256
64.03750
64.18987
64.09459
64.10811
64.13924
64.15190
63.98734
64.01250
64.02532
64.03797
64.11392
64.17722
64.01250
64.05063
64.03797
64.15190
64.11392
64.27848
64.03947
64.07692
64.03846
63.96104
63.93671
64.16456
64.48718
64.35065
64.27273
64.40506
64.24359
64.68354
64.60759
64.35443
64.18987
64.03797
19.38158
0.00000
0.00000
0.00000
0.00000
0.00000
0.00000
0.00000
0.00000
0.00000
0.00000
0.00000
0.00000
0.00000
0.00000
0.00000
0.00000
0.00000
0.00000
0.00000
0.00000
0.00000
0.00000
0.00000
0.00000
0.00000
0.00000
0.00000
0.00000
0.00000
0.00000
0.00000
0.00000
0.00000
0.00000
1.84211
0.00000
0.00000
0.00000
0.00000
0.00000
2.46835
0.02564
0.00000
0.00000
0.00000
0.00000
0.00000
0.00000
0.00000
0.00000
0.00000
0.00000
0.00000
0.00000
0.00000
0.00000
0.00000
0.00000
0.00000
0.00000
0.00000
0.00000
0.00000
0.00000
0.00000
0.00000
0.00000
1.97468
3.89873
56.05063
65.81013
65.00000
65.01266
65.62025
65.45570
65.00000
64.96203
64.35443
64.24051
64.01250
63.89873
63.90909
63.81333
63.25000
63.25974
63.50000
63.26923
63.16883
63.16667
63.25641
63.28947
63.36842
63.47368
63.50000
64.00000
63.51899
64.07792
64.06329
64.00000
64.02532
64.01266
64.08108
64.08108
64.05333
64.02703
64.08861
64.50633
64.07595
64.11392
64.03797
64.03750
63.88608
63.96203
63.97468
63.98734
64.01266
63.97468
63.95000
63.94937
63.97468
63.98734
64.00000
63.89873
63.60759
63.85000
63.87342
63.94937
63.97468
63.94937
63.83750
63.83544
63.91139
63.92500
10.51899
0.00000
0.00000
0.00000
0.00000
0.00000
0.00000
0.00000
0.00000
0.00000
0.00000
0.00000
0.00000
0.00000
0.00000
0.00000
0.00000
0.00000
0.00000
0.00000
0.00000
0.00000
0.00000
0.00000
0.00000
0.00000
0.00000
0.00000
0.00000
0.00000
0.00000
0.00000
0.00000
0.00000
0.00000
0.00000
0.00000
0.00000
0.00000
0.00000
0.00000
0.00000
0.00000
0.00000
0.00000
0.00000
0.00000
0.00000
0.00000
0.00000
0.00000
0.00000
0.00000
0.00000
0.00000
0.00000
0.00000
0.00000
0.00000
0.00000
0.00000
0.00000
2.74684
61.51899
66.35526
73.20779
72.31646
66.03797
65.81013
65.29114
65.34177
64.70886
64.31646
63.98734
64.01266
64.00000
63.91139
63.84810
63.85000
63.78481
63.92405
63.97468
63.91139
72.37662
72.66667
66.17722
64.12658
21.87342
0.00000
0.00000
0.00000
0.00000
0.00000
0.00000
0.00000
0.00000
0.00000
17.14667
94.55000
94.70886
97.89873
99.93671
70.17949
0.00000
0.00000
0.00000
0.00000
0.00000
0.00000
0.00000
0.00000
0.00000
0.00000
0.00000
0.00000
0.00000
0.00000
0.00000
0.00000
0.00000
0.00000
0.00000
0.00000
0.00000
0.00000
0.00000
0.00000
0.00000
0.00000
0.00000
0.00000
0.00000
0.00000
0.00000
0.00000
0.00000
0.00000
0.00000
0.00000
0.00000
0.00000
0.00000
0.00000
0.00000
0.00000
0.00000
0.00000
0.00000
0.00000
0.00000
0.00000
0.00000
0.00000
0.00000
0.00000
0.00000
0.00000
0.00000
0.00000
0.00000
0.00000
0.00000
0.00000
0.00000
0.00000
0.00000
0.00000
0.00000
0.00000
0.00000
0.00000
0.00000
0.00000
0.00000
0.00000
0.00000
0.00000
0.00000
0.00000
0.00000
0.00000
0.00000
0.00000
0.00000
0.00000
0.00000
0.00000
0.00000
0.00000
0.00000
0.00000
0.00000
0.00000
0.00000
0.00000
0.00000
0.00000
0.00000
0.00000
0.00000
0.00000
0.00000
0.00000
0.00000
0.00000
0.00000
0.00000
0.00000
0.00000
0.00000
0.00000
0.00000
0.00000
31.32895
97.75000
97.75949
99.68354
100.55696
100.27848
99.07595
98.93671
98.42500
100.75949
101.44304
97.87342
97.62025
97.13750
97.20253
96.74667
92.09333
64.25000
64.01266
63.98734
63.98734
63.94937
64.05063
64.33750
64.43038
64.43590
63.98734
64.03797
64.18750
64.13924
64.00000
64.03947
64.01333
64.01333
64.02632
64.02667
64.01333
64.02667
65.29870
65.65823
64.05063
64.04000
64.22785
64.18919
63.95946
64.01351
64.01333
67.68000
64.01299
7.29114
0.00000
0.00000
0.00000
0.00000
0.00000
0.00000
0.00000
0.00000
0.00000
0.00000
0.00000
0.00000
0.00000
0.00000
0.00000
1.43038
0.00000
0.00000
0.00000
0.00000
0.00000
0.00000
0.00000
0.00000
0.00000
0.00000
0.00000
0.00000
0.00000
0.00000
0.00000
0.00000
0.00000
0.00000
0.00000
0.00000
0.00000
0.00000
0.00000
0.00000
0.00000
0.00000
0.00000
0.00000
0.00000
0.00000
0.00000
0.00000
0.00000
0.00000
0.00000
0.00000
0.00000
0.00000
0.00000
0.00000
0.00000
0.00000
0.00000
0.00000
0.00000
0.00000
0.00000
0.00000
0.00000
0.00000
0.00000
0.00000
0.00000
0.00000
0.00000
0.00000
0.00000
0.00000
0.00000
0.00000
0.00000
0.00000
0.00000
0.00000
0.00000
0.00000
0.00000
0.00000
0.00000
0.00000
0.00000
0.00000
0.00000
5.11250
5.00000
5.00000
0.00000
0.00000
0.00000
0.00000
0.00000
0.00000
0.00000
14.51899
64.42308
64.76923
64.89873
65.02532
65.65823
67.68750
74.98718
73.46053
65.53750
64.79487
66.06410
67.51250
64.00000
10.07500
0.00000
0.00000
0.00000
0.00000
0.00000
0.00000
0.00000
0.00000
0.00000
0.00000
0.00000
0.00000
0.00000
0.00000
0.00000
0.00000
0.00000
0.00000
0.00000
0.00000
0.00000
0.00000
0.00000
0.00000
0.00000
20.86076
95.37975
96.27848
104.73418
64.61538
0.00000
0.00000
0.00000
0.00000
0.00000
0.00000
0.00000
0.00000
0.00000
0.00000
0.00000
0.00000
0.00000
0.00000
0.00000
0.00000
0.00000
0.00000
0.00000
0.00000
0.00000
0.00000
0.00000
0.00000
0.00000
0.00000
0.00000
0.00000
0.00000
0.00000
0.00000
0.00000
0.00000
0.00000
0.00000
0.00000
0.00000
0.00000
0.00000
0.00000
0.00000
0.00000
0.00000
0.00000
0.00000
0.00000
0.00000
0.00000
0.00000
0.00000
0.00000
0.00000
0.00000
0.00000
0.00000
0.00000
0.00000
0.00000
0.00000
0.00000
0.00000
0.00000
0.00000
0.00000
0.00000
0.00000
0.00000
0.00000
0.00000
0.00000
0.00000
0.00000
0.00000
0.00000
0.00000
0.00000
0.00000
0.00000
0.00000
0.00000
0.00000
0.00000
0.00000
0.00000
0.00000
0.00000
0.00000
0.00000
0.00000
0.00000
0.00000
0.00000
0.00000
0.00000
0.00000
0.00000
0.00000
0.00000
0.00000
0.00000
0.00000
0.00000
0.00000
0.00000
0.00000
0.00000
0.00000
0.00000
0.00000
0.00000
0.00000
0.00000
0.00000
0.00000
0.00000
0.00000
0.00000
0.00000
0.00000
0.00000
0.00000
0.00000
0.00000
47.95000
66.22785
65.15190
66.72152
31.86250
0.00000
0.00000
0.00000
0.00000
0.00000
0.00000
0.00000
0.00000
0.00000
0.00000
0.00000
0.00000
0.00000
0.00000
0.00000
0.00000
0.00000
0.00000
0.00000
0.00000
0.00000
0.00000
0.00000
0.00000
0.00000
0.00000
0.00000
0.00000
0.00000
0.00000
0.00000
0.00000
0.00000
0.00000
0.00000
0.00000
0.00000
0.00000
0.00000
0.00000
0.00000
0.00000
0.00000
0.00000
0.00000
0.00000
0.00000
0.00000
0.00000
0.00000
0.00000
0.00000
0.00000
0.00000
0.00000
0.00000
0.00000
0.00000
0.00000
0.00000
0.00000
0.00000
0.00000
0.00000
0.00000
0.00000
0.00000
0.00000
0.00000
0.00000
0.00000
0.00000
0.00000
0.00000
0.00000
0.00000
0.00000
0.00000
0.00000
0.00000
0.00000
0.00000
0.00000
0.00000
0.00000
0.00000
0.00000
0.00000
0.00000
0.00000
0.00000
0.00000
0.00000
0.00000
0.00000
0.00000
0.00000
0.00000
0.00000
0.00000
0.00000
0.00000
0.00000
0.00000
0.00000
0.00000
0.00000
0.00000
0.00000
0.00000
0.00000
0.00000
62.96203
69.51899
66.67105
68.12821
65.98734
65.93671
65.42500
65.30380
65.00000
64.94937
64.70886
64.32911
64.35000
64.56962
64.34177
64.02500
64.02532
64.00000
64.18987
64.46835
74.08861
67.40506
0.00000
0.00000
0.00000
0.00000
0.00000
0.00000
0.00000
0.00000
0.00000
0.00000
0.00000
0.00000
0.00000
0.00000
0.00000
0.00000
0.00000
0.00000
0.00000
0.00000
0.00000
0.00000
0.00000
0.00000
0.00000
0.00000
0.00000
0.00000
0.00000
0.00000
0.00000
0.00000
0.00000
0.00000
0.00000
0.00000
0.00000
0.00000
0.00000
0.00000
0.00000
0.00000
0.00000
0.00000
0.00000
0.00000
0.00000
0.00000
0.00000
0.00000
0.00000
0.00000
0.00000
0.00000
0.00000
0.00000
0.00000
0.00000
0.00000
0.00000
0.00000
0.00000
0.00000
0.00000
0.00000
0.00000
0.00000
0.00000
0.00000
0.00000
0.00000
0.00000
0.00000
0.00000
0.00000
0.00000
0.00000
0.00000
0.00000
0.00000
0.00000
0.00000
0.00000
0.00000
0.00000
0.00000
0.00000
0.00000
0.00000
0.00000
0.00000
0.00000
0.00000
0.00000
0.00000
0.00000
0.00000
0.00000
0.00000
0.00000
0.00000
0.00000
0.00000
0.00000
0.00000
0.00000
0.00000
0.00000
0.00000
0.00000
0.00000
0.00000
0.00000
0.00000
0.00000
0.00000
0.00000
0.00000
0.00000
0.00000
0.00000
0.00000
0.00000
0.00000
0.00000
0.00000
0.00000
0.00000
0.00000
0.00000
0.00000
0.00000
0.00000
0.00000
0.00000
0.00000
0.00000
0.00000
0.00000
0.00000
54.87342
65.70000
64.84615
64.88750
66.46753
65.96203
65.46835
65.03750
65.00000
65.00000
65.00000
64.70886
64.91139
64.65823
64.44304
64.66250
64.13924
66.58228
64.08861
64.16456
26.84810
0.00000
0.00000
0.00000
0.00000
0.00000
0.00000
0.00000
0.00000
0.00000
0.00000
0.00000
0.00000
0.00000
0.00000
0.00000
0.00000
0.00000
0.00000
0.00000
0.00000
0.00000
0.00000
0.00000
0.00000
0.00000
0.00000
0.00000
0.00000
0.00000
0.00000
0.00000
0.00000
0.00000
0.00000
0.00000
0.00000
0.00000
0.00000
0.00000
0.00000
0.00000
0.00000
0.00000
0.00000
0.00000
0.00000
0.00000
0.00000
0.00000
0.00000
0.00000
0.00000
0.00000
0.00000
0.00000
0.00000
0.00000
0.00000
0.00000
0.00000
0.00000
0.00000
0.00000
0.00000
0.00000
0.00000
0.00000
0.00000
0.00000
0.00000
0.00000
0.00000
0.00000
0.00000
0.00000
0.00000
0.00000
0.00000
0.00000
0.00000
0.00000
0.00000
0.00000
0.00000
0.00000
0.00000
0.00000
0.00000
0.00000
0.00000
0.00000
0.00000
0.00000
0.00000
0.00000
0.00000
0.00000
0.00000
0.00000
0.00000
0.00000
0.00000
0.00000
0.00000
0.00000
0.00000
0.00000
0.00000
0.00000
29.46835
64.32051
63.68421
65.02597
65.30380
65.72500
65.63291
74.88608
73.93506
72.46835
72.01266
71.78750
71.29114
71.10127
28.61842
0.00000
0.00000
0.00000
0.00000
0.00000
0.00000
0.00000
0.00000
0.00000
0.00000
0.00000
0.00000
0.00000
0.00000
0.00000
0.00000
0.00000
0.00000
0.00000
0.00000
0.00000
0.00000
0.00000
0.00000
0.00000
0.00000
0.00000
0.00000
0.00000
0.00000
0.00000
0.00000
0.00000
0.00000
0.00000
0.00000
0.00000
0.00000
0.00000
0.00000
0.00000
0.00000
0.00000
0.00000
0.00000
0.00000
0.00000
0.00000
0.00000
0.00000
0.00000
0.00000
0.00000
0.00000
0.00000
0.00000
0.00000
0.00000
0.00000
0.00000
0.00000
0.00000
0.00000
0.00000
0.00000
0.00000
0.00000
0.00000
0.00000
0.00000
0.00000
0.00000
0.00000
0.00000
0.00000
0.00000
0.00000
0.00000
0.00000
0.00000
0.00000
0.00000
0.00000
0.00000
0.00000
0.00000
0.00000
0.00000
0.00000
0.00000
0.00000
0.00000
0.00000
0.00000
0.00000
0.00000
0.00000
0.00000
0.00000
0.00000
0.00000
0.00000
0.00000
0.00000
0.00000
0.00000
0.00000
0.00000
0.00000
0.00000
0.00000
0.00000
0.00000
0.00000
0.00000
0.00000
0.00000
0.00000
0.00000
0.00000
0.00000
0.00000
0.00000
0.00000
0.00000
0.00000
0.00000
0.00000
0.00000
0.00000
0.00000
0.00000
0.00000
0.00000
0.00000
0.00000
0.00000
0.00000
0.00000
0.00000
0.00000
0.00000
0.00000
0.00000
0.00000
0.00000
0.00000
0.00000
0.00000
0.00000
0.00000
0.00000
0.00000
0.00000
0.00000
0.00000
0.00000
0.00000
0.00000
0.00000
0.00000
0.00000
0.00000
0.00000
0.00000
0.00000
61.53846
65.72500
64.84810
65.18987
65.98734
66.00000
65.94937
65.20253
65.00000
64.96203
64.46667
10.65823
0.00000
0.00000
0.00000
0.00000
0.00000
0.00000
0.00000
0.00000
0.00000
0.00000
0.00000
0.00000
0.00000
0.00000
0.00000
0.00000
0.00000
0.00000
0.00000
0.00000
0.00000
0.00000
0.00000
0.00000
0.00000
0.00000
0.00000
0.00000
0.00000
0.00000
0.00000
0.00000
0.00000
0.00000
0.00000
0.00000
0.00000
0.00000
0.00000
0.00000
0.00000
0.00000
0.00000
0.00000
0.00000
0.00000
0.00000
0.00000
0.00000
0.00000
0.00000
0.00000
0.00000
0.00000
0.00000
0.00000
0.00000
0.00000
0.00000
0.00000
0.00000
0.00000
0.00000
0.00000
0.00000
0.00000
0.00000
0.00000
0.00000
0.00000
0.00000
0.00000
0.00000
0.00000
0.00000
0.00000
0.00000
0.00000
0.00000
0.00000
0.00000
0.00000
0.00000
0.00000
0.00000
0.00000
0.00000
0.00000
0.00000
0.00000
0.00000
0.00000
0.00000
0.00000
0.00000
0.00000
1.52564
38.94937
63.87013
64.59494
64.81013
65.32911
66.02532
65.77500
65.13924
74.64557
73.46835
70.41250
27.89474
0.00000
0.00000
0.00000
0.00000
0.00000
0.00000
0.00000
0.00000
0.00000
0.00000
0.00000
0.00000
0.00000
0.00000
0.00000
0.00000
0.00000
0.00000
0.00000
0.00000
0.00000
0.00000
0.00000
0.00000
0.00000
0.00000
0.00000
0.00000
0.00000
0.00000
0.00000
0.00000
0.00000
0.00000
0.00000
0.00000
0.00000
0.00000
0.00000
0.00000
0.00000
0.00000
0.00000
0.00000
0.00000
0.00000
0.00000
0.00000
0.00000
0.00000
0.00000
0.00000
0.00000
0.00000
0.00000
0.00000
0.00000
0.00000
0.00000
0.00000
0.00000
0.00000
0.00000
0.00000
0.00000
0.00000
0.00000
0.00000
0.00000
0.00000
0.00000
0.00000
0.00000
0.00000
0.00000
0.00000
0.00000
0.00000
0.00000
0.00000
0.00000
0.00000
0.00000
0.00000
0.00000
0.00000
0.00000
0.00000
0.00000
0.00000
0.00000
0.00000
0.00000
0.00000
0.00000
0.00000
0.00000
0.00000
0.00000
0.00000
0.00000
0.00000
0.00000
0.00000
0.00000
0.00000
0.00000
0.00000
0.00000
0.00000
0.00000
0.00000
0.00000
0.00000
0.00000
0.00000
0.00000
0.00000
0.00000
0.00000
0.00000
0.00000
0.00000
0.00000
0.00000
0.00000
0.00000
10.26582
62.70886
65.16250
64.94937
65.40506
65.92405
65.98734
66.96203
65.25000
64.93671
65.63291
65.26582
64.24051
64.01266
64.00000
63.97500
63.98734
64.00000
64.00000
63.91139
63.86076
63.94937
63.93750
64.00000
63.97468
63.98734
64.00000
63.91139
63.96203
64.00000
63.96250
63.96203
63.97468
63.87342
63.89873
63.98734
64.00000
63.98734
64.02532
64.01266
63.98734
69.58750
65.51948
63.89333
63.98684
64.12000
37.07895
0.01266
0.00000
0.00000
0.00000
0.00000
0.00000
0.00000
1.70513
0.00000
0.00000
0.00000
0.00000
0.00000
0.00000
0.00000
0.00000
0.00000
0.00000
0.00000
0.00000
0.00000
0.00000
0.00000
0.00000
0.00000
0.00000
0.00000
0.00000
0.00000
0.00000
0.00000
0.00000
0.00000
0.00000
0.00000
0.00000
0.00000
0.00000
0.00000
0.00000
0.00000
0.00000
0.00000
0.00000
0.00000
0.00000
0.00000
0.00000
0.00000
0.00000
0.00000
0.00000
0.00000
0.00000
0.00000
0.00000
0.00000
0.00000
0.00000
0.00000
0.00000
0.00000
0.00000
0.00000
0.00000
0.00000
0.00000
0.00000
0.00000
0.00000
0.00000
0.00000
0.00000
0.00000
0.00000
0.00000
0.00000
0.00000
0.00000
0.00000
0.00000
0.00000
0.00000
0.00000
0.00000
0.00000
0.00000
0.00000
0.00000
0.00000
0.00000
0.00000
0.00000
0.00000
0.00000
0.00000
0.00000
0.00000
0.00000
0.00000
0.00000
0.00000
0.00000
0.00000
0.00000
0.00000
0.00000
0.00000
8.84000
60.82051
66.33333
65.86076
66.62025
66.93671
66.84810
66.86250
66.72152
66.07595
65.33333
65.00000
65.31250
64.62821
64.87342
64.40506
64.00000
67.81579
66.67532
64.01282
63.97436
64.29333
63.78947
14.14286
0.00000
3.84211
0.00000
0.00000
0.00000
0.00000
0.00000
0.00000
0.00000
0.00000
0.00000
0.00000
0.00000
0.00000
0.00000
0.00000
0.00000
0.00000
0.00000
0.00000
0.00000
0.00000
0.00000
0.00000
0.00000
0.00000
0.00000
0.00000
0.00000
0.00000
0.00000
0.00000
0.00000
0.00000
0.00000
0.98684
91.47436
97.32911
98.83544
101.24051
101.58228
101.35443
100.16456
99.26582
98.78481
98.25000
98.22785
97.94937
97.41026
97.83544
48.03797
0.00000
0.00000
0.00000
0.00000
0.00000
0.00000
0.00000
0.00000
0.00000
0.00000
0.00000
0.00000
0.00000
0.00000
0.00000
0.00000
0.00000
0.00000
0.00000
0.00000
0.00000
0.00000
0.00000
0.00000
0.00000
0.00000
0.00000
0.00000
55.70886
67.81013
66.69620
66.27500
66.37975
66.41772
66.32911
66.15000
65.39241
65.11392
64.97468
64.86250
64.97468
65.11392
64.78481
64.73418
64.53165
64.64557
64.63750
64.89873
64.91139
64.83544
64.75949
64.30380
64.13750
64.22785
64.26582
64.65823
64.98734
64.58228
64.54430
64.54430
66.51899
64.55128
64.64557
64.86076
74.96250
97.34615
98.02500
99.28571
99.60256
83.43038
64.87342
64.62025
64.75949
64.82278
64.70886
65.62162
64.79487
64.47297
64.38667
64.68919
64.67105
64.62162
64.24051
63.97436
63.58228
63.17500
63.34177
63.50000
63.41772
63.85714
63.73684
63.88462
63.89873
64.24051
64.18987
64.09091
63.97368
64.16667
64.14103
64.43243
68.50000
65.35897
64.30380
64.23750
64.21519
64.45570
64.24051
64.25316
64.27500
64.49367
64.58228
64.51899
64.30000
64.50000
64.32500
64.73418
64.70886
64.49367
64.21519
64.03797
64.00000
64.00000
64.26582
63.97468
64.31250
18.86076
0.00000
0.00000
0.00000
0.00000
0.00000
0.00000
0.00000
0.00000
0.00000
0.00000
0.00000
0.00000
0.00000
0.00000
0.00000
0.00000
0.00000
0.00000
0.00000
0.00000
0.00000
0.00000
0.00000
0.00000
0.00000
0.00000
0.00000
0.00000
0.00000
0.00000
0.00000
0.00000
0.00000
0.00000
0.00000
0.00000
0.00000
0.00000
0.00000
0.00000
0.00000
0.00000
0.00000
0.00000
0.00000
0.00000
0.00000
0.00000
0.00000
0.00000
0.00000
0.00000
0.00000
0.00000
0.00000
0.00000
0.00000
0.00000
0.00000
0.00000
0.00000
0.00000
0.00000
0.00000
0.00000
0.00000
0.00000
0.00000
0.00000
0.00000
0.00000
0.00000
0.00000
0.00000
0.00000
0.00000
0.00000
0.00000
0.00000
0.00000
0.94937
1.89873
45.02564
71.07792
67.83333
66.26582
66.58228
66.41772
66.32500
65.54430
65.10127
64.92405
64.39241
65.00000
65.02532
64.30380
64.12500
63.91139
64.21519
64.08861
64.02500
64.16456
64.00000
63.94937
63.93590
63.33766
68.37975
72.74026
67.24359
63.06329
63.33333
63.46154
63.92405
67.38462
63.94937
63.91139
63.93671
63.88750
63.81013
63.74684
63.77215
63.77500
64.03797
64.26582
64.20253
64.02532
64.22500
64.08861
64.03797
64.01266
64.03797
64.01266
64.48101
64.29114
64.23750
64.05128
64.11392
64.17722
64.10000
64.15190
64.08861
64.12658
64.12658
64.06329
64.08861
64.08750
64.01266
64.05063
64.07595
64.05000
64.07595
67.77922
64.36709
64.34177
64.03797
64.00000
64.07500
64.10127
64.06329
64.05063
64.05063
64.01266
64.05063
64.17722
64.26250
64.17722
64.10127
64.03797
64.21519
64.07595
64.41250
64.30380
64.34177
64.36709
64.44304
64.60759
64.26250
64.08861
64.30380
64.26582
66.08861
64.11392
64.01250
64.00000
64.01266
64.03797
64.03797
63.98750
64.02532
64.00000
64.02532
64.00000
63.98750
64.01266
64.01266
63.98734
64.00000
64.00000
64.00000
64.03797
64.01266
64.00000
64.00000
64.00000
63.92405
63.87342
63.97468
63.98734
63.98734
63.86250
63.74684
63.75949
63.91139
63.97500
63.88608
65.30380
64.16456
63.96203
64.10000
63.98734
66.46835
63.92405
63.92405
63.97468
63.88462
63.31646
63.97468
64.06329
63.64935
65.10127
63.74684
63.79747
63.92308
63.92405
64.00000
63.96203
63.83750
63.92405
63.96203
63.89610
63.44872
63.82278
63.93671
63.97468
63.82500
63.74684
63.92405
63.49367
63.17500
63.13924
63.16456
63.20253
63.18987
63.36709
63.41250
63.34177
63.63291
63.72152
63.81013
63.83750
63.83544
63.86076
63.78481
63.65000
63.98734
63.92405
63.96203
64.00000
63.90789
63.98667
64.01351
64.05333
64.06757
64.16216
64.25974
64.37975
64.06329
64.20513
64.33766
64.51282
64.43421
64.09211
64.28947
64.24051
64.27500
64.69620
38.60759
0.00000
0.00000
0.00000
0.00000
0.00000
0.00000
0.00000
0.00000
0.00000
0.00000
0.00000
0.00000
0.00000
0.00000
0.00000
0.00000
0.00000
0.00000
0.00000
0.00000
0.00000
0.00000
0.00000
0.00000
0.00000
0.00000
0.00000
0.00000
0.00000
0.00000
0.00000
0.00000
0.00000
0.00000
0.00000
0.00000
0.00000
0.00000
0.00000
0.00000
0.00000
0.00000
0.00000
0.00000
0.00000
0.00000
0.00000
0.00000
0.00000
0.00000
0.00000
0.00000
0.00000
0.00000
0.00000
0.00000
0.00000
0.00000
0.00000
0.00000
0.00000
0.00000
0.00000
0.00000
0.00000
0.00000
0.00000
0.00000
0.00000
0.00000
0.00000
0.00000
0.00000
0.00000
0.00000
0.00000
0.00000
0.00000
0.00000
0.00000
0.00000
0.00000
0.00000
8.53165
65.79487
72.17949
72.59459
73.56757
73.95946
73.69231
73.07500
73.00000
72.58228
72.13924
72.17722
71.91250
72.14667
71.55696
71.49367
71.72500
71.83544
68.26923
64.58228
64.63291
64.92405
64.92405
65.00000
64.44304
64.41250
64.60759
64.96203
65.06329
65.16250
64.78481
65.12658
65.25316
65.36709
65.44304
65.49367
65.00000
64.62500
64.89873
63.28571
64.91139
64.84810
64.69620
66.15190
65.62821
67.20253
66.92405
66.36709
65.54430
64.97468
64.88608
65.20253
65.13750
65.11392
64.82278
64.78481
68.02532
64.54430
64.73750
64.72152
64.82278
64.91139
64.94937
65.15190
65.05000
65.27848
65.03797
64.32911
64.56962
64.49367
66.97468
66.55128
65.08861
65.01250
64.82278
64.97468
65.18987
65.39241
65.25000
65.25316
64.94937
65.01266
65.08750
65.18987
65.01266
65.15190
64.76250
64.77215
64.75949
65.06329
65.07500
65.45570
65.32911
65.17722
64.81013
64.69620
64.82278
64.95000
64.94937
64.88608
64.89873
64.91250
64.55696
64.84810
64.39241
64.27848
64.27848
64.30380
64.48750
64.45570
64.75949
64.46250
64.44304
64.68354
64.77215
64.91139
66.49367
64.84810
64.95000
64.88608
64.88608
64.75949
64.88608
64.87342
64.87500
64.98734
65.00000
64.97403
64.97403
65.00000
64.73333
64.51316
64.48000
64.63514
64.71795
64.54430
64.82278
66.89873
64.44156
64.28378
64.48684
64.39241
64.50649
64.54054
64.45946
64.34177
64.50633
64.24051
64.15190
64.10256
63.62025
62.95000
64.10256
63.98718
64.13924
64.01316
64.18182
64.49367
64.45570
64.15190
64.26582
64.15190
64.55000
64.30769
64.48750
64.55696
64.93671
64.84810
64.73418
64.20253
64.13924
64.24051
64.72500
64.78481
64.53165
66.62025
64.51899
64.17722
64.26582
64.23750
64.92405
64.98734
64.88608
64.74684
64.39241
64.65823
64.62500
64.75949
64.70886
64.48101
64.32468
0.00000
0.00000
0.00000
0.00000
0.00000
0.00000
0.00000
0.00000
0.00000
0.00000
0.00000
0.00000
0.00000
0.00000
0.00000
0.00000
0.00000
0.00000
0.00000
0.00000
0.00000
0.00000
0.00000
0.00000
0.00000
0.00000
0.00000
0.00000
0.00000
0.00000
0.00000
0.00000
0.00000
0.00000
0.00000
0.00000
0.00000
0.00000
0.00000
0.00000
0.00000
0.00000
0.00000
0.00000
0.00000
0.00000
0.00000
0.00000
0.00000
0.00000
0.00000
0.00000
0.00000
0.00000
0.00000
0.00000
0.00000
0.00000
0.00000
0.00000
0.00000
0.00000
0.00000
0.00000
0.00000
0.00000
0.00000
0.00000
0.00000
0.00000
0.00000
0.00000
0.00000
0.00000
0.00000
0.00000
0.00000
0.00000
0.00000
0.00000
0.00000
0.00000
0.00000
0.00000
0.00000
0.00000
0.00000
0.00000
0.00000
0.00000
0.00000
0.00000
0.00000
0.00000
0.00000
0.00000
0.00000
0.00000
0.00000
30.31646
71.09459
73.05263
73.23077
73.50633
73.50633
73.16667
73.43243
71.50000
65.05063
64.69620
64.51899
64.45570
64.81013
65.02500
65.10127
65.24051
64.97468
64.62025
65.00000
65.50633
65.37975
65.10127
65.24051
64.45570
64.29114
64.43750
64.37975
64.49367
64.55696
64.39241
64.27848
64.29114
64.67089
64.73418
64.80000
64.32911
64.43038
64.21519
64.29114
64.22785
64.13750
64.21519
64.18987
64.16456
64.46835
64.44304
64.35000
64.55696
64.21519
64.17500
64.21519
64.16456
64.29114
64.58228
64.25316
64.24051
64.35000
64.34177
64.40506
64.13924
64.20253
64.16456
64.15190
64.57500
64.32911
64.48101
64.70886
64.27500
64.16456
64.31646
64.59494
64.44304
64.22785
64.52500
64.30380
64.18987
64.74684
64.86250
64.81013
64.63291
64.49367
64.31646
64.45570
64.72152
64.59494
64.40506
64.23750
64.26582
64.43038
64.73418
64.68354
64.91139
64.62025
68.34615
64.97468
64.74684
64.45570
64.77215
64.63291
64.49367
64.31250
64.46835
64.64557
64.64557
64.72152
64.43038
64.41772
64.45000
64.91139
64.91139
64.81013
64.84810
64.82500
64.89873
64.94937
64.31646
64.93671
64.88608
64.77215
64.81250
64.83333
64.87500
64.88608
64.91139
64.73418
64.82278
64.84810
64.92500
64.74684
64.79747
64.88608
64.70886
67.27848
64.47500
67.68354
66.42308
64.44304
64.31646
64.08861
64.20253
64.06250
64.03797
64.29114
63.98718
64.05063
64.32500
64.41026
64.31646
64.08750
64.00000
64.01266
63.93671
63.00000
63.65823
64.00000
63.76923
64.03797
63.82278
64.16456
63.79747
64.01266
63.77215
66.29487
64.43038
63.90000
63.92405
64.03797
64.05063
64.18750
64.48101
64.29114
64.53165
64.26582
64.00000
63.78947
64.01266
66.20253
64.00000
66.10127
64.10127
64.11392
64.02500
64.03797
64.01266
64.00000
64.00000
64.00000
64.02500
64.13924
64.16456
64.01266
63.98734
63.98734
63.98750
64.12658
64.05063
64.27848
64.24051
64.36250
64.30380
64.46835
64.45570
64.54430
64.68354
64.70886
64.58750
64.70886
64.43038
64.37975
64.34177
64.62025
64.50000
64.68354
64.55128
64.97500
64.79747
64.82278
64.54430
64.73750
64.40506
64.87342
65.00000
65.30380
65.36709
65.20253
64.64557
64.72500
64.89873
65.01266
65.28750
64.84810
64.81013
64.98734
65.25316
65.33750
65.32911
65.00000
27.22785
0.00000
0.00000
0.00000
0.00000
0.00000
0.00000
0.00000
0.00000
0.00000
0.00000
0.00000
0.00000
0.00000
0.00000
0.00000
0.00000
0.00000
0.00000
0.00000
0.00000
0.00000
0.00000
0.00000
0.00000
0.00000
0.00000
0.00000
0.00000
0.00000
0.00000
0.00000
0.00000
0.00000
0.00000
0.00000
0.00000
0.00000
0.00000
0.00000
0.00000
0.00000
0.00000
9.88750
71.25316
71.24675
71.25000
72.93590
73.11392
73.00000
72.26923
71.97297
71.96000
71.82051
71.83544
71.79221
71.75000
71.26582
71.20000
70.98734
71.17722
71.00000
68.26582
22.70886
0.00000
0.00000
0.00000
0.00000
0.00000
0.00000
0.00000
0.00000
0.00000
0.00000
0.00000
0.00000
0.00000
0.00000
0.00000
0.00000
0.00000
0.00000
0.00000
0.00000
0.00000
0.00000
0.00000
0.00000
0.00000
0.00000
0.00000
0.00000
0.00000
0.00000
0.00000
0.00000
0.00000
0.00000
0.00000
0.00000
0.00000
0.00000
0.00000
0.00000
0.00000
0.00000
0.00000
0.00000
0.00000
0.00000
0.00000
0.00000
0.00000
0.00000
0.00000
0.00000
0.00000
0.00000
0.00000
0.00000
0.00000
0.00000
0.00000
0.00000
0.00000
0.00000
0.00000
0.00000
0.00000
0.00000
0.00000
0.00000
0.00000
0.00000
0.00000
0.00000
0.00000
0.00000
0.00000
0.00000
0.00000
0.00000
0.00000
0.00000
0.00000
0.00000
0.00000
0.00000
0.00000
0.00000
0.00000
0.00000
0.00000
0.00000
0.00000
0.00000
0.00000
0.00000
0.00000
0.00000
0.00000
0.00000
0.00000
0.00000
0.00000
0.00000
0.00000
0.00000
0.00000
0.00000
0.00000
0.00000
0.00000
0.00000
0.00000
0.00000
0.00000
0.00000
0.00000
0.00000
0.00000
0.00000
0.00000
0.00000
0.00000
0.00000
0.00000
0.00000
0.00000
0.00000
0.00000
0.00000
0.00000
0.00000
0.00000
0.00000
0.00000
0.00000
0.00000
0.00000
0.00000
22.61842
64.86076
64.55000
64.69620
65.30380
65.82278
65.48101
65.21519
68.30380
64.82278
65.80519
64.45570
64.43038
64.21519
64.11250
64.20253
64.12658
64.17722
64.06329
64.08861
64.05000
63.98734
64.00000
64.06329
64.07595
64.20253
64.13750
64.06329
64.10127
64.01266
64.02532
64.15190
64.08750
64.05063
64.00000
63.87179
64.19231
64.13924
64.06329
45.15190
30.47500
29.87342
32.68354
33.02532
33.00000
32.86076
32.08750
32.00000
32.02532
32.00000
31.68354
31.64557
31.55696
31.22500
31.20253
31.24051
31.49367
31.74684
31.54430
31.54430
31.63291
31.58228
31.73418
31.80000
31.65823
31.88608
32.00000
31.98734
31.97468
31.96250
31.86076
31.92405
31.96203
31.90000
31.97468
31.97468
31.97468
32.00000
32.00000
32.00000
32.00000
31.98734
32.00000
32.00000
31.98734
31.95000
31.98734
32.00000
31.98734
32.00000
32.00000
31.95000
31.86076
31.91139
31.97468
31.90000
31.92308
31.97500
31.97468
32.00000
32.00000
31.95000
31.94872
31.98734
32.00000
31.98734
31.97468
32.00000
32.00000
32.00000
32.00000
31.86076
31.37975
31.29114
31.38750
31.22785
31.37975
31.83544
31.70886
31.49367
31.93671
31.74684
31.79747
31.51250
31.63291
32.00000
31.97468
31.65823
31.68354
31.76250
31.93671
31.98734
31.98734
32.00000
31.97500
31.87342
31.77215
31.84810
31.92405
36.64557
62.03797
68.18182
67.00000
65.11250
65.65823
65.55696
65.16456
64.96203
64.79747
64.21250
64.29114
64.27848
64.12658
64.10127
69.62025
68.73418
64.01266
67.57895
64.00000
64.00000
64.03797
64.00000
63.97468
64.01250
64.01266
63.97468
63.92405
63.96203
64.05063
64.22785
64.35443
64.72500
64.67089
64.84810
64.73418
64.93671
65.18987
64.88750
65.22785
65.45570
65.78481
65.64557
65.47500
64.72152
64.59494
64.93671
65.36709
65.58228
65.94937
65.55000
65.45570
65.82278
50.98701
0.00000
0.00000
0.00000
0.00000
0.00000
0.00000
0.00000
0.00000
0.00000
0.00000
0.00000
0.00000
0.00000
0.00000
0.00000
0.00000
0.00000
0.00000
0.00000
0.00000
0.00000
0.00000
0.00000
0.00000
0.00000
0.00000
0.00000
0.00000
0.00000
0.00000
0.00000
0.00000
0.00000
0.00000
0.00000
0.00000
0.00000
0.00000
0.00000
0.00000
0.00000
0.00000
0.00000
0.00000
0.00000
0.00000
0.00000
0.00000
34.13924
65.89873
65.06250
65.07595
65.51899
65.64557
65.29114
65.41772
65.23750
65.17722
64.82278
65.23750
65.35443
65.15190
64.64557
65.16456
64.82500
65.53165
65.72152
65.62025
65.22785
65.13750
64.77215
64.65823
64.83544
64.96203
64.92405
64.42500
64.21519
64.31646
64.48101
64.96250
64.83544
64.81013
65.64557
65.59494
65.70000
66.07595
66.08861
65.88608
67.59494
65.48101
65.40506
65.34177
66.13750
65.91139
65.44304
65.43038
66.26582
65.51250
65.74684
65.77215
65.98734
65.79747
65.77215
65.81013
65.30380
65.69620
65.82278
65.67500
65.88608
65.69620
66.00000
66.01250
65.88608
65.86076
65.97468
66.03797
65.89873
65.81250
44.73077
47.92405
66.41772
65.36709
65.15190
65.65000
65.21519
65.89873
65.94937
65.79747
65.54430
65.08861
64.49367
64.78481
64.74684
64.21250
63.80769
64.25000
64.43038
64.46835
65.15190
64.34177
63.91139
63.71250
63.54430
63.49367
63.75949
63.92500
63.98734
64.00000
64.01266
63.84810
63.89873
63.89873
63.93671
63.77215
63.91139
63.78750
63.46835
54.82278
0.00000
0.00000
0.00000
0.00000
0.00000
0.00000
0.00000
0.00000
0.00000
0.00000
0.00000
0.00000
0.00000
0.00000
0.00000
0.00000
0.00000
0.00000
0.00000
0.00000
0.00000
0.00000
0.00000
0.00000
0.00000
0.00000
0.00000
0.00000
0.00000
0.00000
0.00000
0.00000
0.00000
0.00000
0.00000
0.00000
0.00000
0.00000
0.00000
0.00000
0.00000
0.00000
0.00000
0.00000
0.00000
0.00000
0.00000
0.00000
0.00000
0.00000
0.00000
0.00000
0.00000
0.00000
0.00000
0.00000
0.00000
0.00000
0.00000
0.00000
0.00000
0.00000
0.00000
0.00000
0.00000
0.00000
0.00000
0.00000
0.00000
0.00000
0.00000
0.00000
0.00000
0.00000
0.00000
0.00000
0.00000
15.34667
68.19481
71.26923
71.87342
72.02532
72.25316
72.36709
72.06250
71.84810
71.24051
71.15190
71.01266
71.24051
71.11250
70.84416
70.97403
68.53750
63.58228
63.51899
63.51899
63.82500
63.69620
63.78481
63.59494
63.53165
63.43038
63.78750
63.63291
63.84810
63.78481
63.51250
63.73418
63.72152
63.72152
63.77215
63.96203
64.17500
64.22785
64.31646
64.18987
64.06329
64.07500
64.48101
64.96203
64.68354
64.67089
64.24051
64.27848
64.20253
64.12821
64.01266
64.01282
64.00000
64.00000
63.68421
63.92000
64.93506
66.88312
70.42308
66.25974
64.02500
64.01266
64.06329
64.06250
64.01266
64.01266
63.98734
63.82278
64.40506
65.32911
65.60000
64.72152
64.21519
64.63291
64.20253
67.27848
64.88750
65.00000
64.31646
64.34177
64.53165
64.30380
64.22785
64.21519
64.50633
64.25316
64.12500
64.29114
64.29114
64.70886
64.34177
64.21519
64.15000
64.31646
64.05063
64.05063
64.08861
64.16456
64.25316
64.25000
64.22785
64.08861
64.31646
64.18987
64.05063
63.98750
63.91139
63.98734
64.01266
64.01266
64.02532
64.00000
64.06329
64.06329
64.10127
64.12500
64.07595
64.18987
64.00000
64.25316
64.08861
64.30380
64.25000
64.26582
64.07595
64.16456
64.20253
64.29114
64.22500
64.15190
64.40506
64.50633
64.65823
68.58228
64.70000
64.62025
66.58228
64.41772
64.48101
64.64557
64.42500
64.16456
64.39241
64.41250
65.21519
65.49367
65.05063
64.78481
64.49367
65.75000
66.64557
64.87342
65.88608
65.05063
65.20253
68.30263
65.44737
65.65823
65.85526
65.87838
65.55263
65.56250
65.84810
65.69620
65.88608
65.72000
65.70667
65.58667
68.64557
65.05063
65.57500
65.74684
65.67089
65.30380
64.88750
64.75949
64.87342
65.16456
65.70886
65.53750
65.18987
64.79747
64.70000
64.59494
64.86076
64.37975
64.45000
63.98734
64.08861
64.30380
64.64557
64.51250
64.51899
64.98734
64.59494
64.73750
64.56962
64.46835
64.58228
64.53165
64.16456
64.27848
64.59494
64.84810
64.71250
64.26582
67.84810
64.00000
64.05063
64.02532
64.26582
64.12658
64.02500
63.92405
34.79747
0.00000
0.00000
0.00000
0.00000
0.00000
0.00000
0.00000
0.00000
0.00000
0.00000
0.00000
0.00000
0.00000
0.00000
0.00000
0.00000
0.00000
0.00000
0.00000
0.00000
0.00000
0.00000
0.00000
0.00000
0.00000
0.00000
0.00000
0.00000
0.00000
0.00000
0.00000
0.00000
0.00000
0.00000
0.00000
0.00000
0.00000
0.00000
0.00000
0.00000
0.00000
0.00000
0.00000
0.00000
0.00000
0.00000
0.00000
0.00000
0.00000
0.00000
0.00000
0.00000
0.00000
0.00000
0.00000
0.00000
0.00000
0.00000
0.00000
0.00000
0.00000
0.00000
0.00000
0.00000
0.00000
0.00000
0.00000
0.00000
0.00000
25.41772
66.39241
65.11392
62.42308
63.79747
66.34615
70.55696
65.20253
65.00000
64.93671
64.49367
64.17722
64.01250
64.00000
64.02532
64.07595
64.07595
64.06250
64.03797
64.13924
64.16667
64.10127
64.12658
64.10127
64.10127
64.02532
64.02532
64.08750
64.07595
64.02532
63.98734
63.96203
64.00000
64.00000
64.10000
64.15190
64.07595
64.01266
64.00000
63.96203
63.98750
64.06329
64.06329
64.12658
64.06329
64.11392
64.43750
64.27848
64.22785
64.20000
64.08861
64.62025
64.34177
22.20253
0.00000
0.00000
0.00000
0.00000
0.00000
0.00000
0.00000
0.00000
0.00000
0.00000
0.00000
0.00000
0.00000
0.00000
0.00000
0.00000
0.00000
0.00000
0.00000
0.00000
0.00000
0.00000
0.00000
0.00000
0.00000
0.00000
0.00000
0.00000
0.00000
0.00000
2.12658
0.00000
0.00000
0.00000
0.00000
0.00000
0.00000
0.00000
0.00000
0.00000
0.00000
0.00000
0.00000
0.00000
0.00000
0.00000
0.00000
0.98649
0.82895
0.00000
0.00000
0.00000
0.00000
0.00000
0.00000
0.00000
0.00000
0.00000
0.00000
0.00000
0.00000
0.00000
0.00000
0.00000
0.00000
0.00000
2.93671
0.00000
0.00000
0.00000
0.00000
0.00000
0.00000
0.00000
0.00000
0.00000
0.00000
2.49367
1.65823
0.00000
0.00000
0.00000
0.00000
0.00000
0.00000
1.01250
7.97468
0.00000
0.00000
0.00000
0.00000
0.00000
0.00000
0.00000
0.00000
0.00000
0.00000
16.82500
59.40506
65.18987
64.92405
65.21519
65.73418
65.84810
65.44304
65.02500
64.97468
64.91139
65.00000
65.00000
64.97468
64.97500
64.89873
64.67089
64.83544
64.93750
64.89873
64.92405
64.78481
64.60759
64.43750
64.53165
64.70886
64.78481
64.51899
64.78481
64.61250
64.65823
64.67089
64.62025
64.40506
64.53165
64.27848
64.27500
64.13924
64.03797
64.17722
64.40506
64.84810
64.65823
64.47500
64.30380
64.30380
64.22785
64.34177
64.35443
64.62025
64.35443
64.45570
64.45570
64.72152
64.75949
64.78481
64.43750
64.30380
64.11392
8.12658
3.43038
7.92405
0.00000
0.00000
0.00000
0.00000
0.00000
0.00000
0.00000
0.00000
0.00000
0.00000
0.00000
0.00000
0.00000
0.00000
0.00000
0.00000
0.00000
0.00000
0.00000
0.00000
0.00000
0.00000
0.00000
0.00000
0.00000
0.00000
0.00000
0.00000
0.00000
0.00000
0.00000
0.00000
0.00000
0.00000
0.00000
0.00000
0.00000
0.00000
0.00000
0.00000
0.00000
0.00000
0.00000
0.00000
0.00000
0.00000
0.00000
0.00000
0.00000
0.00000
0.00000
0.00000
0.00000
0.00000
0.00000
0.00000
0.00000
0.00000
0.00000
0.00000
0.00000
0.00000
0.00000
0.00000
25.23077
66.30380
64.14286
62.80519
66.47368
67.32432
66.91026
66.45333
66.42857
65.63750
65.68354
65.12658
64.91139
64.65823
65.01266
64.88750
64.59494
64.40506
64.43038
64.29114
66.01266
71.51282
64.20270
64.34211
64.08000
64.22078
64.29333
64.32432
64.32000
64.44304
63.89873
52.52564
0.00000
0.00000
0.00000
0.00000
0.00000
0.00000
0.00000
0.00000
0.00000
0.00000
0.00000
0.00000
0.00000
0.00000
0.00000
0.00000
0.00000
0.00000
0.00000
0.00000
0.00000
0.00000
18.73418
64.36709
65.75000
65.06410
65.89744
70.43590
67.08974
65.77215
65.36709
65.06250
65.05063
65.01266
64.94937
34.91250
0.00000
0.00000
0.00000
0.00000
0.00000
0.00000
0.00000
0.00000
0.00000
0.00000
0.01316
0.00000
0.00000
0.00000
0.00000
0.00000
0.00000
0.00000
0.00000
0.00000
0.00000
0.00000
0.00000
0.00000
0.00000
0.00000
0.00000
0.00000
0.00000
0.00000
0.00000
0.00000
0.00000
0.00000
0.03797
0.00000
0.00000
0.00000
0.00000
0.00000
0.00000
0.00000
0.00000
0.00000
0.00000
0.00000
0.00000
0.00000
0.00000
0.00000
0.00000
0.72308
0.00000
0.00000
0.00000
0.00000
0.00000
0.00000
0.00000
0.00000
0.00000
0.00000
0.00000
0.00000
0.00000
0.00000
0.00000
1.10127
8.69620
5.89873
0.00000
0.00000
0.00000
0.00000
0.00000
0.00000
0.00000
0.00000
0.00000
0.00000
2.56250
62.12987
65.16000
64.36709
64.98667
68.32051
65.97468
65.27500
65.00000
65.00000
64.68421
64.30380
64.30380
64.01266
64.02667
64.01351
64.02703
64.00000
64.02532
64.00000
63.93671
63.87838
63.95946
63.97333
64.00000
63.96154
63.94667
63.96154
63.79730
63.89189
63.94595
63.89189
63.86076
63.76623
63.81013
63.84416
63.76316
63.80000
64.00000
63.89873
63.97468
65.81013
64.24051
63.83544
63.96203
63.97468
64.00000
64.00000
64.00000
64.00000
64.00000
64.00000
64.02532
63.98734
64.00000
63.97468
63.89744
63.87342
63.98734
63.98718
63.98750
64.00000
61.87097
63.75949
63.96250
64.02532
64.00000
64.00000
64.00000
50.30380
0.00000
0.00000
0.00000
0.00000
0.00000
0.00000
0.00000
0.00000
0.00000
0.00000
0.00000
0.00000
0.00000
0.00000
0.00000
0.00000
0.00000
0.00000
0.00000
0.00000
0.00000
0.00000
0.00000
0.00000
0.00000
0.00000
0.00000
0.00000
0.00000
0.00000
0.00000
0.00000
0.00000
0.00000
0.00000
0.00000
0.00000
0.00000
0.00000
0.00000
0.00000
0.00000
0.00000
0.00000
0.00000
0.00000
0.00000
0.00000
0.00000
0.00000
0.00000
0.00000
0.00000
0.00000
0.00000
0.00000
0.00000
0.00000
0.00000
0.00000
0.00000
0.00000
0.00000
0.00000
0.00000
0.00000
0.00000
0.00000
0.00000
0.00000
0.00000
0.00000
0.00000
0.00000
0.00000
0.00000
0.00000
0.00000
0.00000
23.54430
66.89474
73.77632
72.36250
72.34177
72.92405
72.18987
72.02532
72.33766
72.02597
71.58750
71.31646
71.82278
71.26582
71.01266
67.91139
64.43038
64.22500
64.15190
64.10127
64.10127
64.03797
63.98750
63.92405
64.00000
63.92405
63.97468
63.87342
63.67089
64.02564
0.00000
0.00000
0.00000
0.00000
0.00000
0.00000
0.00000
0.00000
0.00000
0.00000
0.00000
0.00000
0.00000
65.00000
64.47500
64.64557
64.50633
64.67089
65.32911
64.78481
65.11250
64.77215
64.96203
65.10127
65.30380
65.27848
65.15190
65.16250
65.46835
65.06329
64.97468
65.01266
65.15000
65.11392
65.05063
65.10127
64.92405
65.49367
64.79747
65.08750
65.27848
65.81013
65.60759
64.78481
13.71053
0.00000
0.00000
0.00000
0.00000
0.00000
41.30380
64.48750
64.59494
64.98734
65.00000
65.02532
64.96203
64.89873
64.27848
64.12500
64.06329
64.01266
64.00000
64.03797
64.07500
64.07595
64.01266
64.05063
64.03797
64.30380
64.81013
64.22500
64.07595
64.39241
64.29114
64.43750
66.60759
64.98734
65.36709
65.40506
65.26582
65.30000
65.34177
65.12658
64.78481
64.46835
64.77215
64.95000
64.64557
64.44304
64.45570
64.25000
64.29114
64.30380
64.26250
64.50633
64.39241
64.15190
64.54430
64.90000
65.29114
65.08861
64.64557
64.11392
64.25316
64.08861
64.97468
67.59494
66.45570
64.61039
65.25974
64.75000
65.97468
65.10000
65.45570
64.84810
64.67089
64.80769
65.00000
65.73750
65.76923
65.60000
64.74684
64.35000
64.26582
64.51899
64.89873
64.94937
64.82278
64.69620
64.65000
64.76923
64.97500
65.32911
65.39241
65.38462
65.06329
64.84810
64.84810
65.08861
65.36709
65.01250
64.63291
64.73418
64.75949
65.20253
64.75000
64.67089
64.46835
64.20253
65.14286
64.07595
64.97468
65.39241
65.63291
64.70886
64.63291
52.01250
0.00000
0.00000
0.00000
0.00000
0.00000
0.00000
0.00000
0.00000
0.00000
0.00000
0.00000
0.00000
0.00000
0.00000
0.00000
0.00000
0.00000
0.00000
0.00000
0.00000
0.00000
0.00000
0.00000
0.00000
0.00000
0.00000
0.00000
0.00000
0.00000
0.00000
0.00000
0.00000
0.00000
0.00000
0.00000
0.00000
0.00000
0.00000
0.00000
0.00000
0.00000
0.00000
0.00000
0.00000
0.00000
0.00000
0.00000
0.00000
0.00000
0.00000
0.00000
0.00000
0.00000
0.00000
0.00000
0.00000
0.00000
0.00000
0.00000
0.00000
0.00000
0.00000
0.00000
0.00000
0.00000
0.00000
0.00000
0.00000
0.00000
0.00000
0.00000
0.00000
0.00000
0.00000
0.00000
0.00000
0.00000
0.00000
0.00000
0.00000
0.00000
0.00000
0.00000
0.00000
0.00000
0.00000
0.00000
0.00000
0.00000
0.00000
0.00000
0.00000
0.00000
0.00000
0.00000
0.00000
0.00000
0.00000
0.00000
13.89873
65.06410
62.73684
65.60811
70.13333
66.46667
66.65789
66.44304
66.07692
66.02532
65.34177
64.56962
72.20253
73.18987
71.87179
71.02703
71.34211
71.73684
71.63636
7.39744
2.92405
0.00000
0.07692
0.00000
0.00000
0.00000
0.00000
0.00000
0.00000
0.00000
0.00000
0.00000
0.00000
0.00000
0.00000
0.00000
0.00000
0.00000
0.00000
0.00000
0.00000
0.00000
0.00000
0.00000
0.00000
0.00000
0.00000
0.00000
0.00000
0.00000
0.00000
0.00000
0.00000
0.00000
0.00000
0.00000
0.00000
0.00000
0.00000
0.00000
0.00000
0.00000
0.00000
0.00000
0.00000
0.00000
0.00000
0.00000
0.00000
0.00000
0.00000
0.00000
0.00000
0.00000
0.00000
0.00000
0.00000
0.00000
0.00000
0.00000
0.00000
0.00000
0.00000
0.00000
0.00000
0.00000
0.00000
0.00000
0.00000
0.00000
0.00000
0.00000
0.00000
0.00000
0.00000
0.00000
0.00000
0.00000
0.00000
0.00000
0.00000
0.00000
0.00000
0.00000
0.00000
0.00000
0.00000
0.00000
0.00000
