34.92308
33.23750
34.20253
31.72727
27.28205
25.65823
24.34177
23.25316
23.15190
22.35000
23.25316
24.79747
24.35443
24.49367
23.31250
23.20253
21.72152
20.89873
20.95000
21.24051
22.31646
21.88608
22.01266
21.79747
22.20253
21.72152
21.64557
20.87500
20.97468
20.77215
20.84810
20.92405
21.07595
20.89873
20.94937
20.91139
20.83750
21.94937
21.63291
21.63291
21.21333
20.74324
20.72000
20.78082
21.09459
21.09333
21.00000
20.95946
21.11842
21.68354
21.86076
21.52564
20.70270
20.87838
20.58108
21.01961
23.01754
22.85135
22.59459
20.90541
21.34211
22.22785
21.74684
22.61538
22.85135
23.31081
21.92105
23.30769
23.54430
24.31646
23.93671
23.96203
23.00000
23.39189
23.04054
22.75676
23.20270
23.24324
22.78378
23.25641
23.32911
23.48101
23.74359
24.18987
22.26582
21.41772
20.60759
20.53750
20.92405
21.15190
20.98734
20.92405
21.22785
21.34177
21.18421
21.06329
21.43038
20.79747
21.18987
21.91139
22.12500
22.06329
21.73418
21.10127
21.08750
21.17722
20.93671
20.94937
21.03797
21.32911
21.50000
21.58974
20.03846
20.91139
20.45570
20.26582
20.88608
20.61250
20.70513
20.51899
21.58228
20.91139
20.96250
20.89873
21.43038
21.30380
21.07595
20.90000
21.06329
21.45570
21.20779
21.12987
21.48718
15.80769
14.10667
13.14865
13.35135
13.25676
13.01351
14.50667
20.08750
19.93671
20.18182
20.53750
15.93590
14.71795
14.22368
14.00000
17.27632
20.01266
20.22785
20.68354
18.27500
18.89873
19.27848
21.05063
21.07500
20.71795
20.91250
20.93671
21.02532
20.75949
21.42500
21.83544
22.22785
21.59494
22.02667
21.28750
20.96203
21.10127
20.81013
21.18987
21.08861
20.74684
20.79747
21.73418
23.13924
23.00000
20.93671
21.20253
21.31646
22.78481
22.21250
21.94937
21.98734
21.06329
20.73418
20.65823
21.16456
20.76250
20.83544
21.26582
21.17722
20.73418
20.98734
21.88750
22.07595
21.31646
20.72152
20.83544
20.93671
20.74684
20.89873
21.01266
20.75000
20.96203
20.62025
21.21519
20.84810
21.51899
21.81250
23.12658
24.13924
23.37975
23.37179
22.51899
21.13750
20.87342
20.60759
20.93671
21.34177
21.00000
22.01266
21.78481
21.32911
20.83750
21.05063
20.67089
20.65823
20.74684
20.88608
21.17500
20.63291
20.94937
20.92405
21.25316
21.67089
21.78481
24.84810
21.37500
20.94937
20.72152
20.83544
21.05063
20.74684
20.89873
20.95000
20.75949
21.70886
21.58228
21.97468
21.46250
20.44304
20.64557
21.03797
20.91139
20.74684
20.70000
21.08861
21.18987
21.15190
21.39241
22.00000
21.82051
21.79221
20.74684
21.03797
21.10127
21.03797
21.05000
21.07595
21.15190
20.79747
21.12658
21.02532
21.06250
20.75949
21.69620
22.03797
21.63291
21.11392
20.68750
21.11392
21.07595
20.98734
20.74684
21.20000
21.16456
20.60759
21.24051
22.27848
21.94805
21.35443
20.45570
21.10000
20.96203
20.69620
20.63291
21.08750
20.88608
20.83544
20.89873
21.07595
21.01250
21.12658
22.08861
22.55696
21.70886
21.03750
20.98734
21.13924
21.12658
20.86076
20.94937
21.06250
21.25316
21.05063
20.91139
20.83544
21.45000
21.74684
21.65823
21.61429
20.86076
20.67089
20.65000
21.07595
21.11392
21.06250
21.10127
21.05063
20.87342
21.67089
21.88750
21.82278
20.60759
20.82278
20.70886
21.13924
21.10000
20.81013
20.58974
20.90000
20.75949
20.60759
21.18987
22.22785
21.70886
21.62500
21.25316
21.00000
20.83544
20.80000
20.94937
21.06329
20.79747
20.81013
21.22500
22.06329
22.00000
21.58228
21.00000
20.81250
21.00000
20.69620
21.00000
21.00000
21.08861
20.95000
21.20253
21.89873
21.75949
21.96203
21.32500
21.08861
20.94937
21.13924
21.21519
21.31646
20.93671
21.17500
21.07595
21.26582
21.02532
21.29114
22.18182
21.91139
21.24051
20.79747
21.02532
21.00000
20.75949
20.96250
21.17722
21.22785
20.87342
20.88608
21.81013
21.91250
21.73418
21.93750
0.00000
0.00000
0.00000
0.00000
0.00000
0.00000
0.00000
0.00000
0.00000
0.00000
0.00000
0.00000
0.00000
0.00000
0.00000
0.00000
0.00000
0.00000
20.51515
20.88608
21.34177
20.78481
20.92405
21.58228
21.79747
21.81013
21.54430
21.11538
21.00000
21.03797
21.05063
21.46835
21.36709
21.00000
20.77500
21.13924
20.94937
21.83544
22.05063
22.17722
21.77500
21.35443
20.96203
21.26582
21.29114
21.05063
21.25000
21.26923
20.95000
21.25316
21.97468
22.41772
22.27848
21.11392
21.06250
21.49367
21.29114
21.00000
20.82278
21.06329
20.91139
20.64557
21.74684
21.87342
21.66250
22.01266
21.07595
20.91139
21.82278
20.60000
20.62025
21.12658
20.65823
20.64557
20.64557
20.83544
20.59494
21.68354
21.39241
21.37500
20.50633
20.55696
20.54430
20.82278
20.58228
20.30159
21.00000
20.97468
20.55696
21.91139
22.50633
23.53750
23.54412
24.24051
24.41772
24.07595
22.18987
21.97468
22.34177
22.86076
22.82500
22.93671
23.26582
23.31250
23.32911
23.59494
23.32911
22.73418
20.63750
20.64557
20.44304
20.44304
20.62500
20.92405
20.58228
20.32911
20.46835
20.96250
21.46835
21.87342
21.83544
21.83544
21.07595
21.01250
21.40506
21.35897
21.06250
21.18987
20.89873
21.07595
22.10127
22.29114
21.40506
20.88750
20.78481
20.96203
20.84810
20.70886
20.72368
20.53846
20.70886
21.60256
21.82278
22.18987
21.24051
21.37975
21.22785
21.26582
21.28750
20.93671
21.25974
21.27500
20.79747
21.13924
21.69620
22.07595
21.86076
21.38750
21.32911
21.21519
20.98750
20.93671
21.20253
20.92500
20.96203
20.77215
21.49367
21.82895
22.26923
21.72152
21.06579
20.89333
20.83784
20.87838
20.86667
21.33784
20.58108
21.08108
21.14667
20.62162
20.98649
21.34667
22.02500
21.97468
21.86076
21.04054
21.05405
20.67568
20.71622
20.44000
21.22973
20.81333
20.79730
21.06757
21.77632
21.82278
21.80000
21.73684
20.97297
20.58108
20.53333
20.98649
21.09459
20.69333
20.81081
20.78378
20.88000
20.55405
21.18421
22.23750
22.20253
21.35065
20.69333
21.02703
20.85135
20.60000
20.58108
20.91892
20.81333
20.68919
20.68919
20.78667
21.57143
21.96250
21.89873
21.12000
20.79730
20.96000
20.70270
21.06757
20.69333
21.01351
20.64865
20.92000
20.56757
20.85135
21.47368
21.97468
22.02500
21.27273
20.62162
20.81081
21.01351
20.67568
20.63514
20.91892
20.86486
20.90541
20.71622
20.68919
21.64557
21.93671
21.55696
20.89189
20.91892
21.26667
20.58108
20.97297
20.72973
20.89189
20.60811
20.98667
20.70270
20.95946
21.46753
22.27848
21.70886
21.25316
21.16250
21.71795
21.00000
21.20253
21.10127
21.36709
20.92405
21.08750
22.07595
22.13924
21.43038
21.21519
21.01250
21.25316
20.94937
20.88750
21.00000
21.58228
20.92405
20.94937
20.93750
21.73418
21.73418
21.84810
21.56962
21.07792
20.84810
20.98750
21.08861
21.41772
20.74684
21.06329
20.97468
21.23750
20.87342
21.34177
21.81013
22.03797
21.48101
21.06250
21.13924
21.13924
20.84810
20.92500
21.17722
21.64557
20.79747
20.97500
21.30380
22.25316
21.98734
21.94937
21.21519
21.29114
20.88608
21.03750
21.29114
21.21519
20.67089
21.18987
21.33750
21.29114
21.58228
22.21519
22.20000
21.68354
21.03797
21.08861
21.27848
21.29114
20.82278
21.15190
21.20000
21.03797
21.39241
21.31646
21.68354
21.95000
22.00000
21.44304
21.07595
20.79747
21.08861
21.13750
21.30380
20.85897
20.67500
20.88608
21.20253
20.95000
20.89873
21.43038
22.18987
21.90000
21.44872
20.92500
21.12658
20.96203
20.59494
20.97468
20.92405
20.72500
20.70886
21.02532
20.92405
21.82278
21.55696
21.33750
21.08861
20.67089
20.60759
21.12658
21.01250
20.58228
20.48101
20.64557
20.70886
20.41772
20.62500
21.73418
21.75949
21.93671
20.36709
20.39241
20.49367
20.44304
20.48750
20.41772
20.65823
20.34177
20.45570
20.36250
20.48101
21.07595
21.44304
21.57500
21.27848
20.43038
20.37975
20.45570
20.36250
20.37975
20.62025
20.50633
20.77215
23.07595
20.37975
21.27500
21.91139
21.77215
20.81013
20.50633
20.60000
20.44304
20.34177
20.65823
20.56962
20.63415
23.57971
22.55696
22.50633
21.86667
21.84810
24.39241
24.26582
24.34177
22.01266
21.16456
20.98750
21.05063
21.29114
21.17105
20.80000
22.15190
22.34177
22.06250
21.12658
21.00000
21.16456
21.24051
21.06329
21.15000
21.20253
20.81333
20.58667
21.05405
21.13514
21.85897
21.87342
22.00000
21.31579
21.18919
20.78378
21.13514
20.88000
20.70270
20.67568
20.77333
20.89189
20.86667
21.97403
22.22500
22.21519
20.86842
20.59459
21.17568
21.29333
20.79730
20.54054
20.68000
20.85135
20.58108
20.86667
20.72973
21.72368
21.74684
21.87342
21.50000
21.22667
21.06757
20.70270
20.84000
20.74324
20.81081
20.64000
20.85135
20.74324
20.78378
21.48052
21.96203
22.11392
21.58442
20.95946
21.10811
21.13333
21.05405
21.06757
21.10667
21.20270
21.00000
20.98667
21.06757
22.40260
22.06329
22.42500
21.42105
21.31579
21.01351
20.63514
20.88000
21.21622
20.85135
20.74667
20.98649
21.00000
20.80000
21.83333
22.27500
22.24051
21.14667
21.01351
21.10667
20.89189
20.77027
21.25333
20.98649
21.04054
20.82667
20.97297
22.12987
22.18987
22.10000
21.47436
21.31579
20.86486
20.85135
20.98667
21.24324
21.30263
20.94667
21.10811
21.13514
22.02564
22.05000
21.98734
21.32432
21.01351
20.93333
21.12162
21.14865
21.10811
20.93243
20.86667
21.29333
21.00000
21.43182
0.00000
0.00000
0.00000
0.00000
0.00000
0.00000
0.00000
0.00000
0.00000
0.00000
0.00000
0.00000
0.00000
0.00000
0.00000
0.00000
0.00000
0.00000
0.00000
0.00000
0.00000
0.00000
20.33333
21.03797
21.27848
21.33750
21.20253
21.73333
22.53165
21.78750
20.91139
20.94937
21.06329
20.98734
20.89873
21.02532
21.53165
21.21519
21.06250
21.08861
21.41772
21.00000
21.15190
21.50633
21.91250
22.22785
22.00000
21.81250
21.43038
21.74684
20.82278
21.13924
21.21519
21.25316
20.98734
21.16250
21.92405
23.29114
23.16456
22.07595
21.56962
20.96250
20.97468
22.15190
22.36709
21.85000
22.24051
22.08861
22.29114
22.22785
21.45570
20.92405
21.45000
20.97468
21.18987
21.31250
21.24051
20.98734
21.03797
20.91139
21.71250
22.17722
21.86076
21.65823
21.15190
20.94937
21.02532
21.01266
21.27500
20.88608
20.92405
21.48101
22.10127
22.34177
21.31646
21.31250
21.06329
20.96203
21.08861
21.25316
21.02532
21.07595
20.95000
21.01266
22.03797
21.97468
21.68354
21.24051
20.87500
20.91139
21.00000
21.21519
21.29114
21.11392
21.00000
21.18750
21.02532
21.01266
21.96203
22.24051
22.05000
21.21519
21.10127
21.31646
20.83750
20.98734
21.30380
21.18987
21.27848
20.98750
21.27848
22.24051
21.98734
21.15190
21.05000
21.55696
21.07595
21.24051
21.02532
21.11392
21.01250
20.92308
21.37500
24.12658
21.26582
20.91139
21.93671
22.24051
21.97500
21.12658
21.05063
21.20253
21.01266
20.92405
21.53750
21.15385
21.06579
21.30667
21.92405
22.30380
21.08750
20.89873
21.05063
21.25316
20.91250
21.02564
21.23750
21.29114
21.05063
20.86250
21.06329
22.17949
22.16250
21.83544
21.59494
21.13924
21.12658
21.21519
21.35443
21.18987
20.88750
20.94937
21.25316
21.00000
22.03797
21.86250
21.68354
21.27848
21.12658
20.83544
21.05063
20.92405
21.05063
20.84810
21.33766
21.32911
21.02532
20.97297
22.42500
21.96203
21.53846
20.87838
21.08000
20.82432
21.14865
20.78667
20.98649
20.83784
20.94667
20.82432
21.14865
21.00000
20.93243
21.22667
22.32911
22.32911
21.68354
20.91892
21.12162
21.13514
20.76000
20.91892
21.10811
20.81333
21.04054
21.09459
22.20513
22.02532
21.73418
21.05333
21.08108
21.36486
20.89333
21.12162
20.83784
20.96000
20.89189
20.93243
21.01333
20.79730
20.87838
20.75676
22.01266
21.84810
22.00000
21.26667
21.12162
20.78378
20.94667
21.22973
20.79730
20.92000
20.62162
20.93243
21.81818
21.92405
21.82500
21.13333
20.90541
20.77027
20.81333
21.25974
20.89189
21.10667
20.86486
20.93243
21.24000
21.06757
20.64865
21.32000
22.27848
21.77215
21.98734
20.96000
20.93243
20.75676
20.84000
21.06757
20.91892
20.84000
20.97297
21.16216
20.73333
21.78205
22.08861
22.22785
21.05333
21.12000
20.89189
20.95946
20.89189
20.80000
20.97297
21.29730
20.97333
20.89189
20.93243
21.66234
22.01266
21.93671
21.52564
21.05405
20.54054
20.93333
21.09459
21.05405
20.66667
23.85135
24.50000
25.10667
24.40541
23.90541
23.24000
23.74359
22.56962
21.82278
21.38961
20.97297
20.59459
20.86842
21.08861
21.11392
20.88750
21.08861
21.08861
21.89873
21.84810
22.00000
21.26582
21.36709
21.06329
21.06250
20.92405
21.32911
21.02532
21.02532
20.78481
20.91139
21.12500
21.73418
22.20253
22.29114
21.40506
20.92500
20.96203
21.05063
20.74684
21.01333
20.82456
21.03750
20.84810
20.64557
20.96203
20.62025
20.65823
20.92500
21.91139
21.92405
21.67089
21.03797
21.00000
20.97468
21.55696
21.08861
21.01266
20.75949
20.77215
20.88608
22.45000
22.12658
21.50633
21.25316
20.83544
20.68750
20.79747
20.66667
21.05000
20.79747
21.11392
21.10127
21.31646
21.02500
21.11392
20.87342
21.86076
21.89873
21.66250
21.47436
21.36250
21.16456
21.05063
20.87500
21.35443
20.70886
20.86076
20.97500
21.00000
21.18987
21.97468
22.18987
22.00000
20.91139
21.06329
21.03797
21.45570
20.68354
21.07500
21.08861
21.16456
20.70886
21.08861
21.20253
21.16456
21.83544
22.18987
22.02500
20.98734
20.81013
20.98734
20.93671
21.10127
20.79747
20.97468
20.87342
21.12658
21.20000
21.63291
22.02532
21.63291
21.06329
21.01266
21.97500
21.35443
20.92405
21.08861
21.02532
21.39241
21.22785
21.15000
21.18987
21.09211
20.91892
21.74359
22.11392
21.96203
21.21053
21.16216
20.74667
21.05405
20.71622
20.86667
21.04054
20.81081
20.60000
20.86486
22.29114
22.25000
21.35065
20.85333
21.05333
20.97297
20.87838
20.57333
20.86667
20.55696
20.78481
21.73418
23.23377
23.84416
23.86486
24.00000
23.63636
22.96203
23.01266
23.05000
22.75949
20.94937
20.82278
21.08861
21.03750
20.89873
21.05063
21.62025
22.53750
22.08861
21.49367
21.36709
21.18987
21.25000
21.21519
21.07595
21.41772
21.22785
21.26582
21.20000
21.83333
22.05063
22.07595
21.17722
21.17722
20.98734
21.15190
21.31250
21.36709
20.91139
20.70886
21.43750
21.98734
21.16456
20.56410
21.05263
21.71053
18.55128
15.15385
14.97468
13.59211
13.08108
13.34667
13.67568
19.76923
20.16456
19.97500
21.56000
17.73077
13.96154
13.01351
13.33333
18.88312
19.53750
21.11392
20.14103
19.03797
18.57500
20.34177
21.45570
21.03750
21.06329
21.83333
22.26923
22.05000
21.91139
21.50633
21.07792
20.12000
20.17333
21.07595
21.27848
21.32500
21.97468
22.45570
21.26316
21.13514
20.91892
21.02667
21.16216
21.21333
20.74324
21.22973
21.12162
20.83784
20.83784
20.94595
21.42857
22.23750
22.16456
21.44304
21.55696
21.47436
23.15385
22.97436
22.50649
21.05263
21.09091
21.15789
21.97468
21.88608
22.20253
22.08861
22.13750
21.89873
21.88608
22.00000
21.94937
20.74324
20.68919
21.24324
20.85333
21.00000
21.00000
20.64865
20.76000
20.72973
21.16000
21.10811
21.05405
20.64000
20.86486
21.16216
20.66216
22.15000
22.21519
22.67089
22.06329
21.86076
21.32895
21.28378
21.04054
20.93243
20.81333
20.77027
20.77333
20.86486
21.08108
21.04054
20.98667
20.68919
21.05405
21.48000
20.67568
21.28947
22.02532
22.40506
22.07595
21.75000
21.36364
20.98649
21.01333
20.67568
20.81333
21.29730
20.83784
20.82432
20.81333
21.08108
20.94667
20.77027
21.09459
21.32000
21.13333
20.62162
21.92405
22.22500
22.12658
21.67089
21.76923
20.94805
20.89610
20.84810
21.36364
21.16456
21.15190
21.11392
21.11392
20.92500
20.87342
20.60759
20.96203
21.10127
21.10127
20.72500
21.83333
21.96250
22.31646
21.93671
21.93671
20.83544
20.69620
20.67500
20.59494
21.02532
20.96203
21.05063
21.07595
21.00000
21.08750
21.16456
20.98734
21.27848
21.17722
20.95000
21.20253
22.10127
22.12658
22.01266
21.93671
21.82278
21.08861
21.31250
21.40506
21.26582
21.06329
21.79487
21.67500
21.60256
21.56410
21.73418
21.92000
23.11594
23.25641
22.81013
21.07595
21.51899
21.93671
21.90000
22.13924
22.10127
21.88608
21.53165
22.50633
21.22785
21.02532
21.00000
21.00000
21.12658
21.16456
20.79747
20.74684
21.34177
21.00000
20.71250
20.89873
21.30380
21.05063
21.70886
22.01266
22.01250
21.75949
21.41772
20.75949
20.96203
20.96203
21.13750
20.78205
21.17500
20.88608
21.00000
21.01266
21.05063
20.82278
21.03797
20.94937
21.05063
20.88608
21.08750
21.56962
22.13924
21.83544
21.89610
21.93671
21.35443
21.12658
21.13924
21.25316
21.13924
20.74684
21.16250
20.83117
21.12162
20.81333
20.88000
21.09333
21.46667
21.25000
22.32468
22.03896
22.23684
21.72727
21.32895
20.83784
21.15789
20.52703
21.01351
21.24000
21.28767
20.67568
21.01333
21.08219
21.09459
20.77333
20.98649
21.18919
21.08108
20.58667
20.64865
21.96154
22.20253
21.87342
22.15190
22.03797
21.48101
20.96250
21.08861
21.29114
21.96203
22.78481
23.01266
23.03797
23.06250
22.92405
23.11392
23.08861
23.60759
21.78205
22.58442
22.75641
22.48718
22.18987
22.53750
22.36709
22.15190
21.62821
21.75000
21.83750
21.38462
21.31250
21.41772
21.30380
21.25000
19.18421
21.38462
21.16456
21.32911
21.46154
21.75000
21.73077
20.73077
20.93671
21.10127
21.02532
21.11392
20.83750
21.45570
21.11392
21.34177
21.82278
22.24051
22.31250
21.29114
21.00000
21.25000
21.29114
20.88608
21.02532
20.26582
20.46835
20.21250
14.40260
14.52564
14.65789
14.38158
14.31579
14.86667
20.59494
20.80000
20.43038
20.54430
16.31646
12.95946
13.20270
14.97333
19.90000
20.11538
21.08861
19.03797
19.35443
19.02532
21.01250
21.13924
20.88608
20.97500
21.88608
22.36709
22.02532
21.87342
22.10127
22.15000
21.79747
20.82278
21.02532
21.54430
21.36709
21.10127
21.35000
21.45570
21.11392
21.25316
21.31646
21.64935
21.62025
21.40506
21.30000
21.29114
21.10127
22.20253
22.25316
22.26250
21.97436
22.69737
22.21519
21.52857
21.09091
21.13924
21.15190
21.18750
21.05063
21.16456
21.15190
21.08861
20.87342
21.11392
20.93671
21.25316
20.87342
21.23750
21.03797
21.11538
21.71250
22.32911
22.11392
22.02532
21.84810
21.91139
21.43038
21.15000
21.05063
21.35443
21.27848
21.39241
21.03750
21.21519
21.17722
21.50633
20.98734
21.49367
21.26582
21.18987
21.67500
22.24051
22.35443
22.32911
21.78481
21.46835
21.00000
21.30380
20.93671
21.00000
21.03797
21.21519
21.15190
22.37500
21.21519
21.06329
21.07595
21.00000
21.03797
20.87342
21.93750
22.34177
22.29114
22.16456
21.59494
20.89873
21.18750
21.08861
20.81013
21.02532
21.15190
21.10000
20.77215
21.13924
21.08861
20.93671
20.84810
21.05063
21.05063
21.68750
21.81013
22.08861
22.08861
21.81013
21.20253
20.92405
21.18987
21.17500
21.18987
21.24051
21.50633
21.02532
21.30380
21.27848
21.25316
21.02532
21.07500
21.37975
22.41772
22.64557
23.45000
23.49367
23.40506
22.13924
21.16456
21.50000
21.83544
22.16456
22.17722
22.62025
22.39241
22.10127
22.17500
22.29114
22.30380
21.22785
21.15190
21.29114
21.53165
20.84810
21.13158
21.46835
21.53165
21.06329
20.91139
21.23750
21.35443
21.39241
21.16456
22.08861
22.37179
21.93333
22.02632
22.09459
21.33333
21.40506
21.10127
21.41772
21.49367
21.23377
23.46835
23.41772
24.22500
23.20253
21.94937
22.30000
21.14865
20.74324
20.90541
21.28000
21.00000
20.93243
20.93333
21.18919
20.92000
21.09459
21.33784
20.98649
21.08000
21.22973
21.04000
21.10811
20.91892
21.80769
22.31646
22.20253
22.17722
22.11392
20.91892
21.56757
21.05333
20.82432
21.05405
21.13333
22.54054
22.95946
23.21333
23.24324
22.94595
23.21333
22.97297
23.22973
23.22368
23.26582
22.48101
22.50633
22.27848
21.44156
21.42667
21.37838
21.31081
20.90789
21.13333
20.93243
20.97333
21.09459
20.94595
21.08000
20.89189
21.13514
20.98667
22.20253
22.00000
22.08861
22.46250
21.80519
21.00000
20.77027
21.05405
21.01351
21.08000
21.13514
21.02703
21.25676
20.95946
22.08974
22.11392
22.02532
21.77215
20.84000
21.28378
21.36486
20.79730
20.97297
21.44595
21.08000
21.14865
20.81081
20.97297
21.71795
22.39241
21.98734
22.24051
22.28750
20.85135
20.93243
21.35135
21.00000
20.87838
20.98649
20.94667
20.98649
21.02703
20.72000
21.18667
22.01266
22.08861
23.18987
24.53165
23.39241
23.07500
23.02532
23.05063
23.11392
23.21250
23.37975
23.32911
23.37975
22.98734
23.15000
23.18987
23.37975
23.37975
23.15190
22.73750
21.13924
21.05063
21.17722
21.24051
22.31646
22.21519
21.96154
22.46753
22.28571
21.35443
21.30380
21.34177
21.07500
21.27848
21.34177
21.18987
21.39241
21.31646
22.21519
21.41772
21.08861
21.74684
22.31646
22.26582
21.46053
21.43421
21.12658
16.14474
13.66667
13.90667
13.32432
13.48649
13.24324
13.37333
20.20253
20.03797
19.96203
20.83544
15.73684
13.58667
14.49351
14.45455
18.66667
21.21519
20.81250
20.63291
18.78481
19.39241
20.16250
21.25641
21.50000
21.43038
21.35443
21.39241
21.41772
21.00000
21.96203
22.17500
22.27848
22.05063
21.39241
20.82278
21.31250
21.44304
20.79747
21.24051
21.35443
20.87500
20.69620
20.86076
21.07595
20.97468
20.78481
20.73418
20.93671
20.97500
21.75949
21.84810
21.98734
21.70886
20.83544
21.06329
20.92500
20.87342
20.88608
20.87342
20.97468
21.02532
20.97468
20.76250
20.97468
20.60256
20.82500
21.16456
22.12658
21.82278
21.58228
21.64557
20.67500
20.91139
20.49367
20.83544
21.08861
21.06329
21.16456
21.24051
21.31250
21.15190
21.01266
20.93671
21.06250
21.01266
21.11392
22.22785
22.32911
22.01266
21.56250
21.32911
21.20253
20.86076
21.12658
21.35443
21.47500
23.86076
21.03797
21.12658
21.20253
21.02532
20.88750
21.34177
21.64557
21.86076
21.97468
22.10127
21.16456
21.06250
20.94937
21.12658
20.77215
21.25316
21.01266
21.01266
20.94937
21.18987
20.89873
21.13924
20.88608
21.71250
21.87342
22.48101
22.03797
21.15190
20.92405
20.87342
21.10127
21.02632
21.75000
22.35065
21.58974
21.88608
21.98734
21.18750
20.80769
21.00000
21.34177
21.17722
20.93671
22.11250
22.20253
22.36709
22.11538
21.75641
21.01351
20.97297
20.68919
21.04000
21.09459
21.04000
20.90667
20.68919
21.04000
20.97297
21.11392
20.94937
21.21519
21.13924
21.19231
21.25316
21.13924
21.06329
22.00000
22.22368
21.50633
21.44304
17.45570
14.59740
19.25641
20.86250
15.46154
13.05195
13.53846
19.96250
20.10127
21.40506
20.65823
19.64557
19.92405
20.18987
19.02532
19.38462
21.04054
20.90541
21.18919
21.05333
21.04054
20.86486
21.00000
21.02703
20.80000
21.13514
21.24324
20.86486
20.82667
20.79730
21.08108
20.87838
21.06667
21.75641
22.23750
21.94937
21.87342
22.01266
21.84416
21.12162
20.62162
20.94667
21.16216
20.90541
21.20000
21.02703
21.18667
21.94872
22.33750
22.40506
22.21519
21.00000
20.54054
20.72000
21.06757
20.89189
21.25333
20.94595
21.48000
22.22973
20.89189
21.22973
21.01333
21.14865
20.97297
21.01351
21.54054
20.94595
20.81081
21.02703
21.87179
22.05063
22.01250
22.16456
22.24051
21.38961
21.04054
21.22667
21.13514
20.95946
21.08000
21.09459
21.01351
20.78667
20.71622
21.77632
22.55000
23.18987
22.96203
22.84615
21.22667
20.89189
21.05333
22.25641
22.33750
22.07692
22.20000
22.56962
22.30380
21.83544
21.78481
21.87342
21.17722
20.86076
21.31646
21.35443
21.05000
20.91139
21.01266
21.13924
20.81250
21.02532
21.22785
21.12658
21.16456
22.13924
21.96203
21.90000
22.06329
21.25316
20.97468
21.27848
20.96203
21.23750
21.37975
21.18987
20.84810
21.25316
21.22500
21.15190
21.06329
21.07595
21.07500
21.25316
21.31646
21.28571
22.54430
22.25316
22.15000
22.07595
22.31646
21.39241
21.46835
20.92405
21.55696
21.36709
21.11250
20.73418
21.11392
21.37975
20.83544
20.88608
21.13750
20.92405
20.70886
20.54430
21.15385
21.37500
21.74684
22.48750
21.84810
21.56962
20.84810
21.01266
21.00000
21.94872
20.80000
20.74684
20.88608
20.89873
20.87342
20.51899
20.74684
21.03797
20.78481
20.98734
21.35443
20.83750
21.31646
21.88608
22.41772
21.80000
21.83333
21.16250
20.98734
20.78481
21.00000
21.21250
21.77215
23.01282
22.96250
23.30380
23.29114
23.37705
22.72152
23.37975
23.21519
22.62025
22.69620
26.66667
28.36842
27.26582
26.78481
24.07595
22.22785
20.97468
20.82500
22.15190
21.26582
20.91139
20.75949
21.27848
21.15000
21.00000
20.72152
20.94937
20.74684
20.73750
20.88608
23.11392
21.62025
22.01266
21.82278
22.03797
21.40000
20.88608
20.60759
20.88750
21.03797
21.24051
21.17722
21.28750
21.11392
20.46835
20.83544
21.06329
20.80000
20.55696
21.02532
21.44737
21.02532
21.89873
21.97468
22.17722
21.75000
21.11392
21.00000
21.07595
21.03797
21.02632
20.87342
20.88750
20.87342
20.83544
21.13924
21.35000
21.02532
20.91139
21.46835
21.96203
21.72500
21.73418
21.96203
20.96203
20.71429
20.62162
20.76000
20.75676
20.68919
20.93333
20.90541
21.05405
20.88000
20.81081
21.29730
21.12000
20.81081
20.85135
21.25333
21.04054
21.43421
21.86250
22.15190
22.10127
21.86076
21.13158
21.10811
21.13514
21.05333
20.97297
20.67568
21.00000
20.89189
20.82667
21.12162
20.86486
20.55405
20.88000
21.25676
20.86486
20.64000
22.20253
22.15000
22.03797
22.20253
21.51948
21.13333
20.95946
20.75676
20.86667
21.21622
21.05405
20.93333
20.77027
21.01351
20.65333
20.87838
21.20000
21.00000
20.98649
20.84000
21.36842
22.30380
21.84810
22.17722
22.17722
21.66234
20.91892
20.81081
21.05333
21.14865
20.72973
21.00000
20.77333
21.67568
20.81081
20.91892
21.02703
21.06667
20.68919
20.83784
20.81333
22.18987
22.12500
22.08861
22.32911
22.01282
21.10667
20.79730
20.87838
21.33333
20.75676
20.75676
21.16000
21.27027
21.00000
21.04000
20.98649
21.27027
20.96000
20.81081
20.91892
21.26316
22.05063
21.75949
22.20000
22.07595
21.61039
20.70667
20.91892
20.94667
20.90541
20.67568
21.31081
21.00000
20.74324
21.03947
21.41772
21.90000
21.98734
21.92405
22.22785
22.15190
21.60759
21.21519
21.31250
21.08861
20.83544
21.29114
21.35000
21.36709
20.84810
21.18987
21.43038
20.92405
20.93750
21.02532
21.40506
20.96203
21.06329
20.91139
21.73750
21.94937
22.11392
22.22785
22.50633
21.42500
20.84810
21.02532
21.15190
21.05063
20.82500
20.97468
21.11392
21.15000
20.97436
20.98750
21.03797
20.89873
20.88608
21.26582
21.84615
22.06329
22.23750
22.08861
22.15190
21.32911
21.07595
21.16456
20.97500
21.12658
21.21519
21.25316
21.26250
21.00000
20.92405
21.08750
20.93671
20.82278
21.25316
21.21519
21.60759
21.88750
22.21519
22.06329
21.78481
20.86076
20.87500
21.10127
21.22785
20.87342
21.12658
21.23750
22.03797
21.12658
21.06329
21.03797
21.01266
21.10127
21.00000
21.39241
21.98734
22.11250
21.97468
21.94937
21.21519
20.83544
21.12658
21.16250
20.78481
20.92405
21.29114
21.06329
20.93750
21.08861
21.06329
21.29114
21.12500
21.18987
21.29114
21.91139
21.82278
21.92500
22.10127
21.86076
21.03750
21.25316
21.32911
21.15000
20.97468
22.87342
20.92405
20.88608
20.98734
20.94937
21.15000
21.11392
20.79747
20.94937
21.87342
22.15190
21.91139
21.86250
21.81013
21.21519
20.91139
20.85000
21.77215
20.91139
21.01266
20.94937
21.18750
21.03797
20.70886
20.89873
21.10000
21.36709
20.81013
20.88608
21.67089
21.89873
21.74684
22.05000
21.46154
20.87500
20.78481
20.64557
21.00000
20.85526
21.02532
20.74684
21.91250
21.89873
21.87342
21.48101
20.75949
20.93506
20.76623
20.70886
20.77215
20.78750
20.84615
20.97500
20.86076
20.73333
20.68919
20.44595
20.62667
20.71622
20.66216
20.84000
20.94595
22.01266
22.32911
21.95000
22.10127
23.12658
23.36709
22.97468
20.83784
21.00000
20.68919
22.07692
22.25316
22.07595
22.12500
22.11392
21.87342
21.88608
21.88608
21.37179
20.96000
21.04054
21.25676
20.78378
20.92000
21.00000
20.82667
20.87838
21.02703
20.95946
20.93333
20.74324
20.81081
21.55844
22.02532
22.00000
21.87500
22.05063
21.51948
20.71622
21.05405
20.64865
20.96000
20.74324
20.75676
20.96000
20.91892
20.98649
20.77333
20.97297
20.90541
21.28947
22.13750
21.97468
21.91139
21.70886
20.96053
20.81333
20.59459
20.71622
20.68000
20.86486
20.62162
20.65333
20.70270
20.62162
20.60000
20.79730
20.87838
20.66667
22.07692
22.03750
21.79747
21.87342
21.34615
20.90541
20.63514
20.70270
20.93243
20.78378
20.70270
20.79730
20.64865
20.67568
20.89333
20.78378
20.66216
20.74667
21.53947
22.08861
22.12658
21.92500
21.96203
20.67568
20.56000
20.63514
20.81081
20.89333
20.72973
20.72973
20.74667
20.59459
20.67568
20.85333
20.63514
20.86486
21.58442
22.17722
21.98734
21.96250
21.69231
20.70270
20.72000
20.81081
20.72973
20.97333
20.85135
20.75676
20.97333
20.77027
20.62162
20.74026
21.30380
22.18750
21.91026
21.96053
21.79730
21.67949
20.96203
20.76923
20.74684
20.93671
20.73418
20.63291
20.58974
20.51899
20.67500
20.70886
21.58974
22.06494
21.58228
21.67089
21.60759
21.20253
20.94805
20.74684
20.60759
20.72500
20.59494
20.63291
20.63291
20.75949
21.44304
21.61250
21.70886
21.67089
21.53165
20.91139
20.86076
20.66250
20.70886
20.54430
20.73750
20.72152
20.69620
20.58228
20.60759
20.77215
20.69620
20.70886
20.73418
20.66250
20.64557
21.30380
21.98667
21.41892
21.53333
21.54667
21.26667
20.73418
20.46835
20.71250
20.61538
20.60000
20.88608
20.93671
20.54430
20.62500
20.51899
20.55696
21.17722
21.60759
21.70886
21.77215
21.43038
20.63291
20.66250
20.59494
20.49367
20.70886
20.30380
20.63291
20.65000
20.54430
20.68354
20.68354
20.68354
21.01266
21.67500
21.59494
21.77215
21.58228
20.83544
20.71250
20.44304
20.70886
20.62025
20.58228
20.51899
20.55696
20.43750
20.54430
20.56962
20.72152
21.00000
21.75000
21.45570
21.84810
21.67089
20.74684
20.62500
20.56962
20.39241
20.54430
20.55696
20.59494
20.60759
20.50000
20.65823
20.64103
20.70000
20.70886
21.10127
21.48101
23.96203
22.59494
21.40000
20.59494
20.59494
20.83544
20.70000
20.62025
20.82278
20.36709
20.70886
20.54430
20.51250
20.60759
20.36709
20.46835
20.43038
21.19481
21.65385
21.20000
21.32468
20.83750
20.46835
20.63291
20.54430
20.51899
20.83544
20.45000
20.53165
20.46835
20.46835
20.63291
20.59494
20.53750
21.41772
21.72152
21.41772
21.60759
20.63291
20.68750
20.67089
20.50649
20.49367
20.54430
20.73418
21.41250
22.43038
22.96203
23.48101
23.77215
23.72152
22.84810
22.67089
22.70000
22.72152
22.63291
22.70886
22.51899
22.32895
21.83784
20.41333
20.64865
20.33784
20.20270
21.46154
21.56962
21.64557
21.64557
20.65333
20.26667
20.33784
20.47297
20.46667
20.45946
20.37838
20.27027
20.33784
20.48649
20.50667
20.66667
21.40506
21.62500
21.46835
21.05263
20.28000
20.44595
20.29730
20.38667
20.24324
20.20270
20.40000
20.22973
20.42667
20.27027
20.25676
21.53165
21.49367
21.77215
21.20513
20.40000
20.58108
20.25333
20.64865
20.28378
20.40000
20.63514
20.45946
20.40000
20.29730
20.62162
21.49367
21.74684
21.51250
21.07692
20.32432
20.66216
20.61333
20.40541
20.35135
20.26667
20.35135
20.45205
20.78667
20.55405
20.50667
21.74684
21.51899
21.46835
20.87179
20.25676
20.43243
20.20270
20.35135
20.26667
20.27027
20.33784
20.38667
20.39189
20.44595
20.45333
21.28205
21.75949
21.49367
21.53165
20.59459
20.30667
20.44595
20.27027
20.26667
20.47297
20.31081
20.40000
20.45946
20.46667
20.24324
21.42105
23.02564
23.64557
23.59494
23.45570
23.30380
22.51250
22.69620
22.49367
22.30380
20.53165
20.77215
20.50000
20.54430
20.35443
20.50633
20.37975
20.98734
21.52500
21.60759
21.39241
21.49367
20.52500
20.48101
20.54430
20.48052
20.78481
20.69620
20.50633
20.56250
20.53165
20.56962
20.44304
20.88750
21.55696
21.48101
21.50633
22.53165
22.55696
22.82278
20.62500
20.47436
20.50000
21.32911
21.60759
21.62025
21.50000
21.43038
21.36709
21.46835
21.56962
20.60759
20.53750
20.70886
20.41772
20.78481
20.53165
20.60759
20.55000
20.63291
20.37975
20.55696
20.54430
21.72727
24.16456
23.20000
22.50633
21.97468
17.34615
13.78667
13.21333
12.98649
12.68919
13.10811
13.16216
18.97468
19.86076
19.59494
20.15190
17.74359
15.66216
13.67105
15.26582
18.68354
20.58228
20.84810
20.49367
18.34177
18.83544
19.84810
21.01266
21.13924
21.06329
20.84810
21.03750
20.87342
20.64557
20.72152
20.83750
22.24051
22.01266
21.96203
21.96203
21.26250
20.64557
20.96203
21.00000
21.02532
20.79747
20.77215
21.10000
21.12658
20.96203
20.74684
21.05063
20.77215
21.12658
21.97468
21.93750
21.96203
21.64557
20.64557
20.88608
20.88750
20.94937
21.03797
20.86076
20.65823
20.57500
20.94937
20.98734
20.59494
20.68354
22.05063
22.31646
21.73418
21.49367
22.00000
21.13924
20.72500
20.79747
20.84810
20.78481
20.94937
20.91139
21.26582
21.17722
20.71250
20.82278
20.73418
20.92405
20.94937
22.02532
21.68354
21.91250
21.07595
20.84810
20.83544
21.07595
20.87013
20.78481
20.81013
21.01299
21.77632
21.81013
22.10127
21.92500
21.67089
20.73418
20.92405
20.95000
20.87179
20.71250
20.93671
21.08861
21.03750
21.22785
21.27848
21.16456
20.68354
21.16456
21.54430
23.16456
22.81013
23.43038
24.11392
23.43038
21.81250
22.01266
21.22368
20.94595
20.67568
20.65333
21.15000
20.84810
21.01266
20.83117
21.05333
20.89041
20.82432
20.70667
21.09459
21.28000
21.86076
21.72152
22.07595
21.72500
20.83784
20.76000
21.17722
20.72727
20.29333
20.46250
20.63291
20.63291
20.53165
20.92405
21.07595
20.86076
20.73750
21.74684
22.11392
21.91139
21.88750
20.27848
19.83333
20.28205
19.88608
19.87342
20.79747
19.83750
21.56410
21.40506
21.07692
20.83333
20.78205
21.13924
20.96203
21.11392
20.88312
20.78947
21.26923
20.49351
20.44872
21.10390
20.39744
21.75641
21.70513
22.00000
21.98701
20.90667
20.68000
20.96000
20.94667
20.81818
21.07595
21.13750
21.29114
21.94937
21.73418
21.87179
21.62025
20.84615
20.74026
21.29487
21.00000
20.63291
20.87342
21.29114
21.10127
20.91250
20.86076
21.43038
21.98734
21.87342
21.70000
21.28205
20.56962
20.75949
20.70886
20.75000
20.72973
20.77632
20.95946
20.93333
20.67568
20.79730
20.77333
21.13514
21.35065
21.78481
21.96203
21.72152
21.00000
20.72973
20.81333
21.09459
20.66667
20.62025
20.77215
21.25316
20.92500
20.81013
21.07595
22.24675
21.94937
22.02500
21.98734
21.54430
21.05000
20.91139
20.94937
21.43038
20.86250
20.62025
21.49367
21.21519
20.72500
20.75949
21.21519
22.12500
21.83544
22.00000
21.46835
20.92405
20.83544
20.90000
21.53165
21.05063
20.92405
21.05063
21.11392
21.29114
21.07595
21.30000
21.41772
21.10127
21.69620
21.83750
22.10127
21.77215
20.92405
20.72152
20.92405
20.62025
20.11392
19.73750
20.53165
14.92208
13.59459
12.54667
12.85333
13.66234
13.97468
16.97368
20.51316
20.05000
19.58228
19.49367
12.78378
12.81081
12.93333
15.12000
19.92405
20.06250
20.82278
18.25316
19.13924
19.78481
21.59494
21.62500
21.72152
20.73418
21.21519
21.00000
21.03750
20.91139
20.94937
21.05063
20.94937
20.92405
20.91139
21.17722
21.02532
21.87342
21.83544
22.00000
21.11538
21.02532
20.75000
20.98734
20.94937
20.86076
20.70886
21.02500
20.75949
20.72152
20.86076
20.84810
21.49367
21.80000
21.79747
21.72152
21.12658
20.76250
20.87342
20.97436
20.98750
20.53165
20.75949
20.96203
21.18987
20.91250
20.84810
21.17722
22.07595
21.79747
22.11250
21.36709
20.93671
20.53165
21.83750
20.92405
21.02532
20.65000
20.75949
21.02532
20.88608
20.97468
21.06329
21.93671
21.68354
21.69620
21.73750
20.93243
20.65789
20.88608
20.96250
21.08861
20.67105
21.80519
22.02703
21.46753
21.01266
20.77215
20.85000
21.37975
20.70886
20.82278
20.81013
21.08861
20.72152
20.96250
20.72152
21.06329
24.15190
24.92405
25.07595
25.55000
25.67089
23.00000
21.12658
20.68354
20.66250
20.87342
20.69620
20.78481
21.50633
22.69620
22.32911
21.56962
21.15190
21.40506
21.34177
21.31646
21.42500
21.44304
21.30769
21.15000
23.52857
23.15000
22.86076
21.05063
21.91139
22.29114
21.86076
22.15000
21.44304
20.97468
20.86076
20.92405
21.23077
20.62162
21.05263
21.50000
22.03797
22.86076
23.03750
23.10127
21.76623
20.79730
20.70270
21.26316
22.17500
22.05063
21.78481
21.96203
22.16456
21.88750
21.41026
20.83784
21.36000
20.87013
20.82432
20.90541
21.40000
21.01351
20.78378
21.67949
22.10127
21.85000
22.01266
21.18421
20.97333
20.92208
20.93506
20.78378
20.77333
20.78378
20.89189
21.30263
22.17722
21.82278
21.80000
21.33333
20.98649
20.57333
20.78378
20.67568
21.08000
20.60811
20.70270
21.00000
20.72973
20.86486
20.86667
21.04054
22.20000
22.00000
21.91139
21.54545
21.28000
20.66216
20.79730
20.89189
21.36000
20.75676
20.81081
21.22667
21.08108
20.56757
21.44872
22.16667
22.03846
21.88462
20.90909
21.20253
21.43038
21.16456
21.20253
21.10127
21.11392
21.22500
21.16456
21.15190
20.87013
21.08974
21.60759
21.42857
21.60526
21.15385
20.88158
21.22500
20.93671
21.12658
20.92208
21.15190
20.79747
21.13924
20.91250
21.10127
21.06329
21.15190
20.93671
21.10000
21.46835
22.17722
21.83544
22.26250
21.72152
21.22785
21.01266
21.20253
20.80000
20.82278
21.12658
20.94937
20.82278
20.84810
20.97500
20.88608
20.87342
21.03797
21.35443
22.06250
21.94937
21.98734
21.46250
21.11392
20.96203
20.86076
20.98734
21.20253
21.10127
21.17722
21.15000
21.11392
20.93671
21.05063
21.15190
20.98750
21.64557
21.83544
22.21519
22.06329
21.15000
20.94937
21.10127
21.21519
20.70000
20.82278
21.22785
20.67089
20.92405
20.83544
20.92500
21.24051
21.10127
21.00000
22.24051
22.05000
21.98734
21.69620
20.98734
20.93750
22.07595
23.97468
21.13924
20.97468
21.15190
20.96203
21.18987
21.03750
20.86076
21.12658
21.43038
21.33750
22.20253
22.13924
22.12658
21.41772
21.00000
21.13924
21.08861
20.94937
20.89873
21.10000
21.13924
20.93671
20.93671
21.03797
21.10000
20.93671
21.07595
21.88608
22.24051
21.86076
21.22500
21.08861
21.08861
20.92405
21.02532
21.27848
21.72500
22.54430
21.00000
20.78481
21.24051
20.83544
21.08750
20.97468
20.94937
20.97468
22.11392
22.10127
22.10000
21.64557
20.75949
20.98734
21.22785
21.02500
20.83544
21.06329
21.02532
21.92405
21.81013
21.68354
21.05000
21.08861
21.01266
21.02532
21.06329
21.07595
20.95000
21.22785
20.96203
20.96203
20.73418
20.91250
20.68354
21.03797
20.87342
21.08861
21.17722
21.42105
21.85000
21.91026
21.60811
21.59494
21.02564
21.31646
21.30000
21.13924
21.21053
21.13514
20.86667
22.17722
22.21519
22.17722
21.26667
20.85135
21.32000
21.36486
20.83784
20.93333
20.95946
21.13514
21.08000
20.94595
20.98649
21.34667
20.81081
21.06757
21.16216
21.28378
21.16216
22.23750
22.24051
22.43038
21.91026
20.85333
20.91892
21.34667
20.79730
20.91892
21.40000
21.17568
22.14103
22.06250
22.34177
21.29730
20.97297
21.40541
21.29730
21.04054
20.92000
20.81081
21.04054
21.20000
21.02703
20.83784
21.28000
21.22973
21.00000
21.32000
21.06757
21.28000
22.00000
22.26582
22.54430
22.20000
21.36842
20.91892
21.36000
20.95946
20.81081
21.52000
21.24324
21.50000
21.44156
22.33750
22.55128
21.97436
21.12162
21.08108
21.29333
21.06757
21.10811
20.96000
21.36486
21.14865
21.13333
20.95946
21.16216
21.24000
21.06757
20.83784
21.00000
21.33784
21.84615
22.05063
22.24051
22.37500
21.30667
20.93333
21.28378
20.93243
20.88000
21.05405
21.62162
20.83784
20.93243
21.62821
22.22785
22.37975
21.79487
21.28378
21.33784
20.62162
20.82667
21.12162
21.44595
20.77027
21.43243
21.21429
23.74242
23.10811
22.96000
21.29730
21.44595
21.65333
21.56000
22.11392
22.62500
22.46835
21.71795
21.02667
21.55405
21.22973
21.09333
21.37838
21.08108
21.12000
20.87838
20.95946
21.18667
21.14865
21.10811
22.18987
22.40506
21.97468
21.55696
20.93243
20.95946
21.12162
20.76000
20.89189
21.06757
20.80000
20.75676
21.09459
21.20779
21.17722
20.98734
21.21519
21.46835
21.47436
22.03797
22.21250
22.15190
21.91139
21.12821
21.05063
21.58974
20.93590
21.08974
21.16667
21.37975
21.14103
21.10256
21.10256
21.53165
20.87179
21.01282
21.58228
22.50000
21.87500
22.22785
21.88608
21.49367
21.16883
21.11392
21.12821
21.28571
20.96203
20.88462
21.30380
21.17949
20.97468
20.82051
21.06329
21.34615
21.62025
22.13924
22.25000
22.15190
21.26923
21.10256
21.41026
21.25641
21.07692
21.03797
21.23077
22.50000
21.18987
20.96154
21.50633
21.20513
21.16667
21.05128
21.41772
22.39241
22.07595
22.10000
22.07692
21.29114
20.89744
21.06410
21.44872
21.24051
20.87179
20.80519
21.48101
21.14103
21.00000
21.40506
22.36250
22.37975
21.93671
21.11392
21.06410
20.98701
20.92308
20.96203
21.36709
21.32051
21.12658
21.32051
21.34615
21.07692
20.96203
21.07692
21.31646
21.12658
21.24359
22.11250
22.22785
22.01266
22.82278
23.07595
23.45570
21.49367
21.02564
20.89744
21.37179
22.07500
22.05063
22.22785
23.22500
22.22785
22.29114
22.21250
21.23377
21.07895
21.17722
21.23077
21.83333
21.74684
21.05128
21.36364
21.46835
20.92308
21.07692
21.63291
22.36709
22.01266
21.91139
21.32911
21.38462
21.05063
21.03846
21.20513
21.16667
20.98718
20.92405
21.25641
20.76316
20.30263
20.94937
16.03846
16.97468
16.49367
16.12658
15.98734
15.53165
15.23750
18.70886
19.88608
20.11392
20.01250
20.11392
20.56962
14.05063
14.43421
20.08750
20.87342
21.83544
19.84810
18.42500
18.97468
19.03797
18.31646
19.18987
21.27848
21.02564
21.15584
21.13924
21.51282
21.51899
22.00000
22.03797
22.31646
21.11538
20.98734
21.05128
21.39744
21.30380
20.91026
21.24359
21.35443
21.11538
21.03846
20.98718
21.82278
22.07595
21.98750
22.39241
21.55696
21.07692
20.96154
20.75641
21.18987
21.06410
20.80519
21.34177
21.46154
20.87179
21.12821
21.10256
21.63291
22.11392
22.08861
22.10000
21.31646
20.92308
20.82051
21.21795
21.06329
20.86076
20.93590
21.00000
20.98734
21.10390
20.91139
21.57692
22.16250
21.92405
22.21519
21.12658
21.15385
21.01282
20.86076
21.26923
21.32051
20.98734
20.98734
21.14103
21.20513
21.03797
21.29487
22.20253
22.13924
22.03797
21.55000
21.36709
20.93590
20.91026
20.83544
21.06410
21.12821
21.05128
21.24051
21.00000
20.97436
20.91026
21.46835
22.11392
22.03797
22.15190
21.40506
21.46154
21.75641
21.30769
21.62338
21.88312
21.60256
21.44304
21.89583
24.12500
0.00000
0.00000
0.00000
0.00000
0.00000
0.00000
0.00000
0.00000
0.00000
0.00000
0.00000
0.00000
0.00000
0.00000
0.00000
0.00000
0.00000
0.00000
0.00000
0.00000
0.00000
0.00000
0.00000
0.00000
0.00000
0.00000
0.00000
0.00000
0.00000
0.00000
0.00000
0.00000
0.00000
0.00000
0.00000
0.00000
0.00000
0.00000
0.00000
0.00000
0.00000
0.00000
0.00000
0.00000
0.00000
0.00000
0.00000
0.00000
0.00000
0.00000
0.00000
0.00000
0.00000
0.00000
0.00000
0.00000
0.00000
0.00000
0.00000
0.00000
0.00000
0.00000
0.00000
0.00000
0.00000
0.00000
0.00000
0.00000
0.00000
0.00000
0.00000
0.00000
0.00000
0.00000
0.00000
0.00000
0.00000
0.00000
0.00000
0.00000
0.00000
0.00000
0.00000
0.00000
0.00000
0.00000
0.00000
0.00000
0.00000
0.00000
0.00000
0.00000
0.00000
0.00000
0.00000
0.00000
0.00000
0.00000
0.00000
0.00000
0.00000
0.00000
0.00000
0.00000
0.00000
0.00000
0.00000
0.00000
0.00000
0.00000
0.00000
0.00000
0.00000
0.00000
0.00000
0.00000
0.00000
0.00000
0.00000
0.00000
0.00000
0.00000
0.00000
0.00000
0.00000
0.00000
0.00000
0.00000
0.00000
0.00000
0.00000
0.00000
0.00000
0.00000
0.00000
0.00000
0.00000
0.00000
0.00000
0.00000
0.00000
0.00000
0.00000
0.00000
0.00000
0.00000
0.00000
0.00000
0.00000
0.00000
0.00000
0.00000
0.00000
0.00000
0.00000
0.00000
0.00000
0.00000
0.00000
0.00000
0.00000
0.00000
0.00000
0.00000
0.00000
0.00000
0.00000
0.00000
0.00000
0.00000
0.00000
0.00000
0.00000
0.00000
0.00000
0.00000
0.00000
0.00000
0.00000
0.00000
0.00000
0.00000
0.00000
0.00000
0.00000
0.00000
0.00000
0.00000
0.00000
0.00000
0.00000
0.00000
0.00000
0.00000
0.00000
0.00000
0.00000
0.00000
0.00000
0.00000
0.00000
0.00000
0.00000
0.00000
0.00000
0.00000
0.00000
0.00000
0.00000
0.00000
0.00000
0.00000
0.00000
0.00000
0.00000
0.00000
0.00000
0.00000
0.00000
0.00000
0.00000
0.00000
0.00000
0.00000
0.00000
0.00000
0.00000
0.00000
0.00000
0.00000
0.00000
0.00000
0.00000
0.00000
0.00000
0.00000
0.00000
0.00000
0.00000
0.00000
0.00000
0.00000
0.00000
0.00000
0.00000
0.00000
0.00000
0.00000
0.00000
0.00000
0.00000
0.00000
0.00000
0.00000
0.00000
0.00000
0.00000
0.00000
0.00000
0.00000
0.00000
0.00000
0.00000
0.00000
0.00000
0.00000
0.00000
0.00000
0.00000
0.00000
0.00000
0.00000
0.00000
0.00000
0.00000
0.00000
0.00000
0.00000
0.00000
0.00000
0.00000
0.00000
0.00000
0.00000
0.00000
0.00000
0.00000
0.00000
0.00000
0.00000
0.00000
0.00000
0.00000
0.00000
0.00000
0.00000
0.00000
0.00000
0.00000
0.00000
0.00000
0.00000
0.00000
0.00000
0.00000
0.00000
0.00000
0.00000
0.00000
0.00000
0.00000
0.00000
0.00000
0.00000
0.00000
0.00000
0.00000
0.00000
0.00000
0.00000
0.00000
0.00000
0.00000
0.00000
0.00000
0.00000
0.00000
0.00000
0.00000
0.00000
0.00000
0.00000
0.00000
0.00000
0.00000
0.00000
0.00000
0.00000
0.00000
0.00000
0.00000
0.00000
0.00000
0.00000
0.00000
0.00000
0.00000
0.00000
0.00000
0.00000
0.00000
0.00000
0.00000
0.00000
0.00000
0.00000
0.00000
0.00000
0.00000
0.00000
0.00000
0.00000
0.00000
0.00000
0.00000
0.00000
0.00000
0.00000
0.00000
0.00000
0.00000
0.00000
0.00000
0.00000
0.00000
0.00000
0.00000
0.00000
0.00000
0.00000
0.00000
0.00000
0.00000
0.00000
0.00000
0.00000
0.00000
0.00000
0.00000
0.00000
0.00000
0.00000
0.00000
0.00000
0.00000
0.00000
0.00000
0.00000
0.00000
0.00000
0.00000
0.00000
0.00000
0.00000
0.00000
0.00000
0.00000
0.00000
0.00000
0.00000
0.00000
0.00000
0.00000
0.00000
0.00000
0.00000
0.00000
0.00000
0.00000
0.00000
0.00000
0.00000
0.00000
0.00000
0.00000
0.00000
0.00000
0.00000
0.00000
0.00000
0.00000
0.00000
0.00000
0.00000
0.00000
0.00000
0.00000
0.00000
0.00000
0.00000
0.00000
0.00000
0.00000
0.00000
0.00000
0.00000
0.00000
0.00000
0.00000
0.00000
0.00000
0.00000
0.00000
0.00000
0.00000
0.00000
0.00000
0.00000
0.00000
0.00000
0.00000
0.00000
0.00000
0.00000
0.00000
0.00000
0.00000
0.00000
0.00000
0.00000
0.00000
0.00000
0.00000
0.00000
0.00000
0.00000
0.00000
0.00000
0.00000
0.00000
0.00000
0.00000
0.00000
0.00000
0.00000
0.00000
0.00000
0.00000
0.00000
0.00000
0.00000
0.00000
0.00000
0.00000
0.00000
0.00000
0.00000
0.00000
0.00000
0.00000
0.00000
0.00000
0.00000
0.00000
0.00000
0.00000
0.00000
0.00000
0.00000
0.00000
0.00000
0.00000
0.00000
0.00000
0.00000
0.00000
0.00000
0.00000
0.00000
0.00000
0.00000
0.00000
0.00000
0.00000
0.00000
0.00000
0.00000
0.00000
0.00000
0.00000
0.00000
0.00000
0.00000
0.00000
0.00000
0.00000
0.00000
0.00000
0.00000
0.00000
0.00000
0.00000
0.00000
0.00000
0.00000
0.00000
0.00000
0.00000
0.00000
0.00000
0.00000
0.00000
0.00000
0.00000
0.00000
0.00000
0.00000
0.00000
0.00000
0.00000
0.00000
0.00000
0.00000
0.00000
0.00000
0.00000
0.00000
0.00000
0.00000
0.00000
0.00000
0.00000
0.00000
0.00000
0.00000
0.00000
0.00000
0.00000
0.00000
0.00000
0.00000
0.00000
0.00000
0.00000
0.00000
0.00000
0.00000
0.00000
0.00000
0.00000
0.00000
0.00000
0.00000
0.00000
0.00000
0.00000
0.00000
0.00000
0.00000
0.00000
0.00000
0.00000
0.00000
0.00000
0.00000
0.00000
0.00000
0.00000
0.00000
0.00000
0.00000
0.00000
0.00000
0.00000
0.00000
0.00000
0.00000
0.00000
0.00000
0.00000
0.00000
0.00000
0.00000
0.00000
0.00000
0.00000
0.00000
0.00000
0.00000
0.00000
0.00000
0.00000
0.00000
0.00000
0.00000
0.00000
0.00000
0.00000
0.00000
0.00000
0.00000
0.00000
0.00000
0.00000
0.00000
0.00000
0.00000
0.00000
0.00000
0.00000
0.00000
0.00000
0.00000
0.00000
0.00000
0.00000
0.00000
0.00000
0.00000
0.00000
0.00000
0.00000
0.00000
0.00000
0.00000
0.00000
0.00000
0.00000
0.00000
0.00000
0.00000
0.00000
0.00000
0.00000
0.00000
0.00000
0.00000
0.00000
0.00000
0.00000
0.00000
0.00000
0.00000
0.00000
0.00000
0.00000
0.00000
0.00000
0.00000
0.00000
0.00000
0.00000
0.00000
0.00000
0.00000
0.00000
0.00000
0.00000
0.00000
0.00000
0.00000
0.00000
0.00000
0.00000
0.00000
0.00000
0.00000
0.00000
0.00000
0.00000
0.00000
0.00000
0.00000
0.00000
0.00000
0.00000
0.00000
0.00000
0.00000
0.00000
0.00000
0.00000
0.00000
0.00000
0.00000
0.00000
0.00000
0.00000
0.00000
0.00000
0.00000
0.00000
0.00000
0.00000
0.00000
0.00000
0.00000
0.00000
0.00000
0.00000
0.00000
0.00000
0.00000
0.00000
0.00000
0.00000
0.00000
0.00000
0.00000
0.00000
0.00000
0.00000
0.00000
0.00000
0.00000
0.00000
0.00000
0.00000
0.00000
0.00000
0.00000
0.00000
0.00000
0.00000
0.00000
0.00000
0.00000
0.00000
0.00000
0.00000
0.00000
0.00000
0.00000
0.00000
0.00000
0.00000
0.00000
0.00000
0.00000
0.00000
0.00000
0.00000
0.00000
23.78667
22.82278
22.91139
21.38750
21.65823
21.25316
21.12658
21.81013
21.36709
21.17722
21.11392
21.63750
22.12658
22.15190
21.87342
21.74684
20.89873
21.26582
21.18987
21.13924
21.39241
21.02532
21.18750
21.60759
22.35443
22.12658
21.36709
21.03750
21.27848
20.91139
21.05063
21.49367
21.20253
21.06329
21.15000
21.34177
21.07595
21.11392
21.24051
22.13924
22.27848
22.29114
20.98734
21.65823
20.97500
21.05063
21.10127
21.35443
21.32911
21.08861
21.08861
22.05063
21.94937
22.02532
21.32911
21.21250
21.30769
21.10000
21.07595
21.36709
21.00000
21.11392
20.89873
21.12658
21.24051
21.07500
21.69620
22.62025
22.72152
23.26582
23.16456
22.25316
20.75949
21.08750
21.20253
22.18987
22.24051
21.97468
22.10127
22.17722
22.08861
21.94937
21.27500
21.32911
20.98734
21.02532
21.25316
21.30380
20.95000
21.15190
20.93671
21.15190
20.93671
21.72152
22.51899
22.13924
22.03750
21.30380
21.00000
21.34177
21.18987
20.82278
20.93671
21.05063
20.91250
21.00000
21.30380
21.78481
22.37975
21.92500
22.40506
21.35443
21.21519
20.84810
21.21519
21.50633
21.28750
21.12658
22.07595
22.22785
22.16456
21.49367
21.17500
21.01266
20.93671
20.97468
21.45570
21.11392
20.96203
21.18987
20.98750
21.07595
20.97468
21.70886
22.55696
22.00000
22.05000
20.78481
21.29114
21.16456
21.10127
21.07595
21.12500
21.01282
21.08750
21.21519
21.41772
20.94937
21.45570
22.07595
22.39241
22.11250
21.16456
20.98734
21.22785
20.70886
20.94937
21.01266
21.37500
20.88608
20.96203
20.87342
21.43038
23.00000
22.23750
22.17722
21.84810
21.13924
21.10127
21.13924
21.12500
20.96203
21.26582
21.10127
21.49367
21.01266
21.07595
21.11392
21.65000
22.08974
22.22059
22.73418
21.97468
21.39241
21.44304
21.55696
21.84810
21.26923
21.34177
22.31429
23.18987
22.76250
22.31646
21.41772
22.02532
22.11392
21.86076
21.29114
20.62500
20.63291
20.82278
21.39241
21.02500
20.92405
21.11392
21.27848
20.98750
20.75949
21.34177
22.15190
21.78481
21.70886
20.96250
21.39241
20.79747
20.97468
20.79747
21.01250
20.92405
21.10127
21.01266
20.94937
20.87342
21.12500
22.21519
22.01266
21.58228
20.89873
20.97468
21.16250
21.00000
20.86076
21.13924
21.07595
20.88608
20.89873
21.25316
21.10000
20.78481
21.41772
22.32911
21.92405
21.46835
21.07595
20.83544
21.05063
20.77215
20.72152
21.20253
21.10000
20.67089
20.54430
21.20253
21.53165
21.75000
21.64103
21.21053
20.93333
21.15190
20.94937
21.24051
20.84810
21.11250
21.33766
21.33333
21.16216
20.94667
21.12821
21.81013
21.77215
22.00000
21.64557
21.06667
20.81081
20.56000
22.68421
23.13333
23.00000
22.94595
22.89333
23.51316
23.79747
24.12658
22.65385
21.00000
20.90789
20.96203
20.82278
20.68354
20.70000
20.86076
20.65823
21.21622
20.54667
20.74324
20.79730
21.10811
21.88608
21.86076
22.14103
21.83544
20.77632
20.31081
20.45333
19.94595
19.98649
20.37333
20.40541
20.28378
20.29730
20.29333
20.29730
20.77632
21.48101
21.32500
21.36709
20.09459
20.25676
20.23377
20.52632
20.00000
20.20000
20.52703
20.04054
20.46667
20.43243
20.10811
21.30769
21.26250
21.26582
20.81818
20.12162
20.37838
20.41892
20.25333
19.94595
19.77027
20.02667
19.60811
19.48649
19.77333
19.94595
20.25000
21.27848
20.83544
20.86076
19.84000
19.90541
19.67568
20.05333
20.32895
22.03896
21.63514
21.02703
19.87838
19.66667
20.18987
19.93671
20.96203
21.08861
21.00000
20.65823
20.26250
20.24051
20.31646
20.07595
20.29114
20.13924
20.11392
20.30000
20.40506
20.44304
20.32911
20.82278
21.36250
21.26923
21.00000
20.25316
20.32911
20.36709
20.44304
20.34177
20.31646
20.31250
20.18987
20.21519
20.33750
20.24051
21.12658
21.10127
21.20253
20.32911
20.02500
20.15190
20.16456
20.03797
20.17722
20.24051
20.32500
20.34177
20.25316
20.37975
20.32911
20.44304
21.20253
21.35443
21.11392
20.33750
19.92405
19.87342
20.17722
20.43750
20.00000
20.02532
20.06250
20.01266
20.22785
20.07595
21.16456
21.22785
21.31646
20.71250
20.48101
20.45570
20.48101
20.48750
20.78205
21.43038
21.34177
21.05063
20.40000
20.58228
20.35443
20.20253
20.35443
20.20253
20.33750
20.44304
20.10127
20.46835
20.20253
20.24051
20.33750
20.51899
20.29114
20.68354
21.34177
21.25316
21.32911
20.38750
20.49367
20.25316
20.40506
20.29114
20.29114
20.15000
20.12658
20.32911
21.51899
20.31646
21.54430
21.39241
21.21250
20.58228
20.12658
20.44304
20.08861
20.40000
20.30380
20.20253
20.07595
20.26582
20.46835
20.26250
20.34177
20.11392
21.43038
21.36250
23.07595
20.31646
20.43038
20.13924
20.24051
20.21250
20.17722
20.21519
20.44304
20.15190
20.34177
19.98734
21.34177
21.11392
20.97468
20.32911
20.21250
20.29114
20.13924
20.17722
20.18987
20.15190
20.35000
20.20253
20.20253
20.43038
20.26582
20.44304
21.10127
21.18987
21.17722
20.68750
20.20513
20.38750
20.22785
20.17722
20.34177
20.18987
20.21519
20.48750
20.40506
21.46835
21.32911
21.03797
20.34177
20.18987
20.32500
20.26582
20.20253
20.37975
20.36364
19.90541
20.13333
20.68919
20.27273
20.29114
20.30380
20.18987
21.22785
21.39241
21.07792
20.74026
20.53165
20.27848
20.41772
20.48101
20.30380
20.29114
20.37975
20.16250
20.07595
20.20253
21.42500
21.48718
21.07692
20.86076
20.48750
20.12658
21.60759
22.46753
22.74684
23.25316
23.63750
23.39241
22.67089
22.40506
22.21795
20.43038
20.33750
20.62025
21.53165
21.61250
21.33333
21.18750
21.40506
20.94595
20.31081
20.43038
20.22785
20.01266
20.52500
20.35443
20.27848
20.58228
20.64557
20.96250
21.39241
21.32911
21.64557
20.41772
20.43038
20.22368
20.39744
19.97436
19.93506
19.89873
20.20253
20.12821
20.66234
20.46753
20.70886
20.98718
21.49367
21.45570
21.59494
21.37975
20.60759
20.50000
20.32432
20.21333
20.46774
20.09459
20.13333
20.17568
20.50000
20.68000
20.40541
20.42667
21.50633
21.43038
21.55696
20.87013
20.72973
20.48649
20.36000
20.48649
20.51351
20.21333
20.40541
20.29730
20.34667
20.09459
20.22973
20.49333
22.11392
21.50633
21.65823
20.93506
20.29730
20.22667
20.32432
20.44595
20.92105
20.21622
21.33333
21.77215
21.78481
20.27027
20.58228
20.48718
20.37333
20.21333
20.36000
20.51351
20.48649
20.20270
20.45333
20.64865
20.86486
21.35443
21.72152
21.45000
20.92105
20.32000
20.35135
20.36000
20.56757
20.17568
20.50667
20.54054
20.66667
20.26667
20.59459
20.68919
20.69333
21.56962
21.67089
21.56962
20.89873
20.52500
20.60759
21.02532
20.74684
20.56250
20.73418
20.49367
20.62025
20.40000
20.59494
21.05195
21.82667
21.58750
21.59740
21.94872
21.33333
20.25974
20.21795
16.74359
13.50000
13.46053
13.05263
13.23684
13.97436
14.01266
16.41558
19.65823
19.46835
19.27848
19.89873
12.40541
12.77027
12.94667
13.25676
19.40506
19.30380
20.36709
18.72152
18.77215
18.06250
20.50633
21.34177
21.55696
21.43038
21.44304
21.62025
20.55000
20.67089
20.26582
20.41772
20.62025
20.53165
20.35443
20.60000
20.40506
20.62025
20.37975
20.53165
21.12500
21.37975
21.37975
21.76250
21.03797
20.56962
20.46835
20.53165
20.32500
20.67089
20.44304
20.59494
20.81013
20.71250
20.46835
20.56962
20.39241
20.54430
21.46835
21.56962
21.41250
21.53165
20.86076
20.81013
20.49367
20.67089
20.62500
20.64557
20.44304
20.51899
21.08861
22.21519
21.78481
21.84810
21.59494
20.85000
21.05063
20.79747
20.84810
21.06329
21.20253
20.83544
20.82278
20.81250
20.70886
20.88608
20.70886
20.92500
20.89873
20.81013
21.77215
21.63750
21.68354
21.77215
20.74684
20.89873
20.93671
20.60759
20.70000
20.68354
20.88608
21.02532
20.69620
21.45570
21.72152
21.90000
21.51899
20.70886
20.71053
20.66234
20.86076
20.87342
20.97468
20.89873
20.94937
20.86076
21.02532
21.24051
20.81013
21.06329
20.70886
21.74684
21.93750
21.72152
21.78481
21.07595
20.98734
20.97403
20.92308
21.02532
21.11392
20.98734
20.68421
21.21795
22.03797
21.98734
21.84810
20.96203
20.82278
20.93750
20.72152
21.38667
23.05000
22.97468
22.83544
22.91139
22.41026
20.59459
20.77027
20.72000
20.89189
21.28947
22.01266
21.82278
21.94937
21.24675
21.00000
20.74324
20.82667
20.81081
20.87838
20.84000
20.72973
20.64865
20.66667
21.20000
22.25000
21.94937
21.82278
20.90541
20.86667
20.60811
20.71622
20.74667
20.74324
20.68919
20.61333
20.72973
20.78378
20.86667
20.87838
20.83784
21.42105
21.95000
21.86076
21.93671
21.09211
20.59459
20.65333
20.77027
20.74324
20.73333
20.71622
20.68919
21.09333
20.66216
21.35526
21.89873
21.56250
21.48101
20.59459
20.32432
20.59459
20.24000
20.50000
20.33784
20.82432
20.48649
20.71622
20.43243
20.37333
20.56757
20.76000
21.54430
21.56250
21.75949
21.00000
20.43243
20.50000
20.69333
20.45946
20.29333
20.36486
20.31081
20.58108
20.51351
21.28571
21.73418
21.62025
21.01299
20.25333
20.58108
20.61333
20.80263
20.54054
20.71622
20.58108
20.70667
20.64865
20.43243
20.81579
21.49367
21.51250
21.49367
20.53333
20.45946
20.35135
20.48649
20.40541
20.54054
20.63514
20.51351
20.50000
20.46667
20.54054
20.41892
20.41892
20.42105
21.23750
21.84810
21.94937
21.65823
20.49367
20.70886
20.25316
20.63750
20.98734
21.50633
21.51899
21.51899
21.52500
21.46835
21.57333
21.69333
20.90000
20.72152
20.73418
25.29114
26.74684
27.39241
27.33750
27.21519
27.15385
26.30380
25.86076
24.17500
22.78481
24.26582
24.76316
20.18667
19.77333
20.76316
21.00000
20.93333
18.84000
21.81818
22.13924
23.30380
23.81333
21.77215
16.71622
16.75676
16.83784
23.66667
26.72000
27.23377
27.05063
23.63291
22.98734
22.41772
23.50633
23.55696
23.58228
23.52500
23.46835
23.54430
23.54430
24.45000
24.55696
24.51899
24.45570
24.46835
23.81013
23.60759
23.51250
23.60759
23.56962
23.53165
23.62025
23.44304
23.53750
23.56962
24.34177
24.58228
24.36709
24.32911
24.12500
23.46835
23.50633
23.49367
23.43750
23.55696
23.41772
23.22785
23.58228
23.63750
23.67089
24.54430
24.50633
24.59494
24.41772
24.03750
23.54430
23.49367
23.32911
23.56962
23.55696
23.48101
23.72152
26.32911
23.67089
23.58750
23.60759
23.70886
24.37975
24.49367
24.50633
24.65000
24.05063
23.50000
23.67500
23.54430
23.64557
23.58228
23.60759
23.49367
23.41250
23.50633
23.55696
23.39241
23.51899
24.22785
24.50633
24.53750
24.40506
24.17722
23.48101
23.58750
23.64557
23.58228
23.46835
23.59494
23.46835
23.53165
23.48750
23.43590
23.57500
23.48101
23.26582
24.32911
24.53165
24.46835
24.49367
24.31646
23.58228
23.65000
23.55696
23.42308
23.43590
23.24051
23.41772
23.55696
23.35000
23.34615
23.40789
23.51250
23.48718
24.20513
23.67500
23.39241
21.47500
21.43038
20.36000
20.32432
20.13333
20.27027
20.59459
20.37333
20.32432
20.43243
20.40000
20.31081
20.25333
20.22973
20.59459
20.83117
21.68750
21.60759
21.45570
21.18987
20.68000
20.47297
20.51250
20.45570
20.40506
20.43038
20.62025
20.54430
20.36709
20.37975
20.37179
20.27027
20.65333
20.47297
21.43038
21.40506
21.43038
21.34177
21.12821
20.28000
20.55405
20.58108
20.26667
20.45946
20.14865
20.21333
20.36486
20.18919
20.26667
20.33784
20.29333
20.45205
20.37333
21.47436
21.28750
21.45570
21.32911
21.07692
20.24324
20.60000
20.18919
20.24324
20.12162
20.18667
20.39189
20.32432
20.34667
20.25676
20.52000
20.43243
20.60811
20.24324
21.00000
21.46835
21.55000
21.39241
21.35443
20.25676
20.51351
20.28000
20.29730
20.33784
20.42667
20.70667
20.48649
20.28000
20.35135
20.47297
20.26667
20.10811
20.14865
20.55263
21.46835
21.32911
21.26582
21.18987
20.61842
20.14667
20.12162
20.12162
19.98667
20.24324
20.25676
20.36000
20.12162
20.13514
20.46667
20.29730
20.28378
20.33784
20.26667
21.16667
21.41250
21.50000
21.48101
21.06329
20.41892
20.27027
20.32432
20.45946
20.48649
20.24324
20.21622
20.43243
20.48649
20.26667
20.09459
20.43243
20.43243
19.98649
20.76923
21.44304
21.12658
21.29114
21.12658
20.29730
20.18919
20.70667
20.39189
19.98667
20.02740
19.96000
19.98649
20.16216
20.24000
20.29730
20.32432
19.94667
20.25676
20.45333
21.20000
21.41772
21.44304
21.17722
20.71250
20.48101
20.29114
20.41772
20.50000
20.44304
20.37975
20.51899
20.44304
20.39241
20.30380
20.40000
20.60759
20.44304
20.55696
21.45570
21.41772
21.45000
21.69620
21.10127
20.65823
20.55000
20.25316
20.46835
20.46835
20.31646
20.45570
20.37500
20.51899
20.73418
20.27848
20.44304
20.13750
20.26582
20.81013
21.20253
21.24051
21.27848
21.18750
20.36709
20.96154
20.30000
20.41772
20.29114
20.39241
20.16456
21.51899
23.50633
20.47500
20.50633
20.45570
20.22785
20.25316
20.48101
21.35443
21.26582
21.26582
23.26582
22.56962
22.10000
21.79747
22.12658
22.13924
22.27848
23.29114
22.44304
21.24051
20.22785
20.57500
20.22785
20.49367
20.29114
20.60000
22.79747
21.16456
21.17722
22.01266
20.96203
20.34177
20.75385
23.60606
22.90000
22.89873
21.98734
20.77215
22.08861
21.62025
22.07595
20.85000
21.00000
20.76250
21.02532
21.72152
23.56962
21.94937
21.93671
21.51250
21.07595
21.20253
21.05063
20.77215
20.86076
21.07500
21.06329
20.69620
20.92405
20.91139
21.24051
20.88608
20.66250
20.94937
20.88608
22.02532
22.17722
22.11392
21.94937
21.21519
20.73418
21.10127
21.36842
21.25641
20.96203
21.27848
21.08750
20.79747
20.84810
21.00000
20.89873
20.75949
21.76250
21.77215
21.87342
20.90000
20.40506
20.68354
20.86076
20.79747
20.64557
20.98734
21.00000
20.91250
20.89873
21.39241
20.79747
20.67500
21.37975
22.29114
21.87500
21.65823
21.06329
21.26582
20.87342
20.97468
21.02532
21.03750
20.84810
20.94937
21.11392
21.22785
20.88750
21.01266
22.05063
22.11392
23.08861
23.12500
22.96203
21.12500
20.79747
20.98734
21.96203
22.23750
22.02532
22.07595
21.92405
21.93750
21.88608
21.41772
21.07595
21.02532
20.91250
20.97468
21.11392
21.26582
20.86250
20.79747
21.25316
21.20253
20.86250
21.57692
22.35000
22.17722
22.05063
21.00000
20.92405
20.78481
20.77500
20.74684
21.22785
21.27848
21.00000
20.91139
21.53165
21.00000
21.84810
21.49367
22.18750
21.37975
21.07595
21.00000
21.27848
20.91139
20.96203
20.76250
21.12658
20.92405
21.03846
21.02532
21.82500
22.22785
21.83544
21.65000
21.21519
21.01266
21.15190
20.94937
21.45000
20.79747
21.06329
21.02532
20.90000
20.89873
20.98734
22.01250
22.11392
21.82278
21.16456
21.10127
21.11250
20.88608
21.12658
21.21519
21.06329
20.84810
20.72500
21.06329
21.39241
21.37975
21.69620
22.00000
22.01250
20.79747
21.06329
21.08861
21.18750
21.30380
20.77215
21.08861
21.17722
21.02532
21.00000
21.10000
21.78481
21.97468
21.81013
22.02500
21.16456
21.13924
21.40506
21.46835
21.29114
20.92500
21.31646
21.34177
20.93671
20.96203
20.86250
22.35443
22.40506
22.16456
21.18987
21.03750
21.03846
20.95000
21.22078
21.46835
21.40506
20.88750
20.94937
21.24051
21.16456
22.13924
21.72152
22.30380
21.30380
21.10000
21.05063
21.03797
21.15190
21.02532
21.12658
21.36709
21.18987
21.06329
21.87500
22.43038
22.24051
21.65823
21.06329
21.56962
20.87500
21.08861
21.03797
21.31646
21.17500
20.89873
21.20253
21.37975
20.98734
21.89873
22.07500
22.53165
21.56962
20.81013
21.10127
21.39241
20.97500
21.15190
21.24051
21.36709
21.11392
21.00000
21.05063
20.83544
21.40506
23.22500
25.01266
22.06329
21.25316
21.10127
21.13924
20.98750
20.98734
20.69620
20.97468
21.20253
20.88750
21.07595
20.92405
21.50633
21.89873
22.03797
21.96203
20.79747
20.76250
20.96203
21.16456
21.15190
20.83544
21.30380
21.21519
21.11250
21.15190
21.08861
21.78481
22.17722
21.92405
21.69620
21.27500
21.32911
21.16456
21.03750
21.07595
20.94937
20.86250
20.79747
21.20253
21.15190
21.17722
21.22785
22.03750
22.03797
23.34177
21.20253
20.98734
21.18987
20.87342
21.05063
21.06250
20.83544
21.07595
21.01266
21.50633
21.18987
21.24051
22.21519
22.32911
22.06250
21.18987
21.30380
21.41772
21.27848
20.89873
20.93750
21.12658
21.27848
21.07595
21.03797
21.01266
21.18750
22.11392
21.84615
22.14474
21.48052
21.05063
21.26250
21.12658
21.13924
21.05195
21.20253
21.18987
21.38750
21.05063
21.21519
20.92105
21.96203
22.07595
22.24051
21.26316
20.98649
20.79730
21.22973
21.01351
20.89189
20.80000
20.94595
20.85333
20.70270
20.72973
21.09333
22.10127
22.01266
21.90000
21.00000
20.60000
20.67568
20.70667
20.82432
20.72973
20.65333
20.71622
20.97297
21.04000
20.81081
21.49351
22.21519
21.97468
21.25641
20.89189
21.04000
20.51351
20.77027
21.05405
20.97297
21.14865
20.78667
21.20635
20.98649
20.80000
22.06329
22.03797
21.88608
20.94667
20.71622
20.98667
21.08108
21.10811
20.70667
20.91892
20.72973
20.72000
20.83784
21.08108
21.71429
22.11392
22.01250
21.50649
21.12162
20.83784
20.94667
20.95946
21.06757
20.66667
20.74324
20.94595
20.86486
21.05405
20.97297
22.65000
21.86076
21.82278
21.14667
20.77333
20.82432
21.01351
20.79730
21.14865
20.89189
20.90541
20.75676
21.00000
20.80000
21.39474
21.87500
22.05063
21.70130
20.58108
20.96000
20.95946
21.04054
20.67568
20.97297
21.08108
20.96000
20.60811
21.05405
21.17333
21.98734
22.16456
21.89873
20.94667
20.98649
20.81333
20.94595
21.40541
21.38667
20.87838
20.79730
21.01333
21.02703
21.00000
22.22078
22.28750
21.80952
0.00000
0.00000
0.00000
0.00000
0.00000
0.00000
0.00000
0.00000
0.00000
0.00000
0.00000
0.00000
0.00000
0.00000
0.00000
0.00000
0.00000
0.00000
0.00000
0.00000
0.00000
0.00000
0.00000
0.00000
0.00000
0.00000
0.00000
0.00000
22.27273
21.83117
21.29730
20.81081
20.70667
20.89189
20.86486
20.90667
20.64865
21.05405
21.22667
20.98649
21.29333
22.18987
22.39241
22.35000
21.01351
20.89189
20.74667
21.11538
21.12500
21.00000
20.98734
21.10127
21.11392
21.18987
20.97468
21.57500
22.03797
22.04000
21.63291
21.17722
21.00000
21.07595
21.00000
21.01266
21.07595
21.37975
21.16250
21.17722
21.17722
21.44304
21.78481
21.83544
22.03797
21.43038
21.01266
21.03750
20.78481
21.24051
21.17722
20.95000
21.17722
21.10127
20.98734
21.18987
21.74684
22.56250
22.51899
21.60759
21.12658
21.36709
21.30000
21.35443
21.12658
21.54430
21.15190
21.20253
21.18750
21.25316
21.50633
22.20000
22.34177
22.34177
21.39241
21.17722
21.41772
21.43750
20.91139
21.21519
21.26582
21.29114
21.31646
21.00000
21.45570
22.22785
22.15190
22.17500
21.51282
21.36250
21.13924
21.22785
21.43038
20.96203
20.96203
21.15000
21.39241
21.27848
23.54430
22.45570
22.25316
22.84810
23.62500
23.21519
22.65823
21.27848
21.27848
21.05063
22.36250
21.87342
21.89873
21.65385
21.73750
21.58228
21.32500
20.86076
20.60759
20.73418
20.59494
20.58750
20.55696
20.74684
20.72152
20.68750
20.70886
20.49367
20.52000
21.67949
21.69620
21.66234
21.72152
21.56962
21.24051
20.54430
20.65000
20.65823
20.63291
20.53165
20.62500
20.67105
20.62162
20.24324
21.15584
21.60759
21.63750
21.55696
21.11842
20.58108
20.68493
20.28947
20.28378
20.44000
20.52703
20.70667
20.78378
20.45946
20.37838
20.42667
21.38961
21.60759
21.54430
21.69620
20.97403
20.59459
20.21622
20.40541
20.50667
20.14865
20.28378
20.59459
20.40000
20.41892
20.20270
20.60000
20.48649
20.88158
21.69620
21.62025
21.43038
21.56250
20.75676
20.45333
20.39189
20.39189
20.40000
20.71622
20.71622
20.44000
20.35135
20.44595
20.56000
20.51351
20.78667
21.75949
21.50633
21.45570
21.41026
20.45946
20.36000
20.24324
20.28000
20.67568
20.75676
20.20000
20.43243
20.54054
20.26667
20.41892
20.28378
20.53333
20.58667
21.35443
21.40506
21.41250
21.46835
20.38667
20.39189
20.31081
20.34667
20.48649
20.37838
20.72000
20.43243
20.47297
20.33333
20.41892
20.33784
20.62667
20.59459
21.60759
21.59494
21.51250
21.43038
20.97333
20.38667
20.47297
20.41892
20.30667
20.25333
20.32432
20.53333
20.17568
20.28378
20.20000
20.43243
20.40541
20.67105
21.54430
21.56962
21.60759
21.62025
20.57333
20.49333
20.62162
20.52703
20.24000
20.32432
20.60811
20.18667
20.50000
20.48649
20.52000
20.43243
20.22973
20.41892
21.62025
21.45570
21.46835
21.43038
20.82500
20.54430
20.65823
20.46835
20.49367
20.43038
20.55000
20.68354
20.91139
20.56962
20.53165
20.48101
20.46835
20.62500
20.94937
21.44304
21.48101
21.45570
21.36709
20.55696
20.63750
20.45570
20.34177
20.27848
20.62025
20.49367
20.60759
20.36709
20.50000
20.59494
20.54430
20.59494
20.96203
21.63291
21.53750
21.46835
21.37975
20.55696
20.59494
20.53750
20.50649
20.44000
20.22368
20.17333
20.27632
20.41772
19.97468
20.67500
21.41558
21.19481
20.59494
20.64935
20.23077
20.21053
20.44872
20.08861
20.35526
20.41333
20.46053
20.35065
20.42500
20.32911
20.58228
20.46835
21.20000
20.48718
21.48750
21.54430
21.56962
21.32911
22.17722
23.51899
20.53750
20.40506
20.41772
20.34177
20.48101
20.62025
20.45000
20.44304
20.55696
20.53165
20.43038
20.41772
21.02532
21.36250
21.32911
21.43038
20.92405
20.46835
20.55696
20.55696
20.37975
20.45000
20.48101
20.43038
20.50633
20.32911
20.50633
20.49367
20.56962
20.21250
20.39241
21.44304
21.60759
21.11392
21.35443
20.51250
20.91139
20.58228
20.40506
20.44304
20.43038
20.46835
20.53750
20.32911
20.54430
21.83544
20.37500
20.29114
20.48101
20.63291
21.51899
21.41772
21.46250
21.12658
20.53165
20.58228
20.40506
20.45000
20.27848
20.35443
20.40506
20.48101
20.35443
20.21250
20.56962
20.41772
20.44304
20.64557
22.97468
24.75000
24.46835
23.93671
22.49367
22.00000
21.56962
20.96203
20.37975
20.45570
20.18987
20.42308
20.58442
20.02667
20.83333
21.11538
21.55696
20.73418
20.20253
20.21519
20.51250
20.36709
20.44304
20.28205
20.26582
20.33750
20.55128
24.65823
25.65823
25.77500
26.90789
26.77922
26.66667
26.50000
25.45333
22.17105
20.28571
20.48000
20.68421
20.27632
20.44737
20.44737
20.41333
20.22078
20.28571
20.36842
20.45570
20.43038
20.45570
20.52500
20.45570
20.30380
20.35443
20.06579
20.25676
20.08108
21.58228
21.75949
21.62025
21.41772
20.78947
20.26667
20.21333
20.13514
20.16216
20.20270
20.09459
20.20270
20.33333
20.40541
20.31081
20.09459
20.68421
23.70513
23.50633
23.69620
23.63291
23.63291
23.40506
23.39241
22.74684
22.59494
22.67500
22.56962
22.56962
22.71795
22.50633
21.88608
21.49367
21.45000
21.34177
20.93590
20.47297
20.05405
20.44000
20.55405
20.39189
20.28378
20.10811
20.44595
20.21333
22.37179
21.41772
21.30000
20.98734
20.08108
20.05405
20.41892
20.06667
20.06757
20.30667
20.13514
20.39189
19.98649
20.26667
20.33333
21.37975
21.36709
21.22785
21.26250
20.60759
20.27848
20.29114
20.30000
20.30380
20.40506
20.37975
20.33750
20.16456
20.60759
21.72152
20.44304
20.55696
20.37975
20.21250
20.29114
20.16456
20.13924
20.20253
20.56962
21.18750
21.13924
21.43038
21.08861
21.06329
20.62025
20.78481
20.59494
20.41772
20.39744
20.49367
20.65823
22.11250
22.76923
22.53750
21.81818
20.44872
20.41772
20.46835
21.68354
21.59494
21.40506
21.22785
21.31081
20.91026
24.89189
26.09333
26.33784
25.50000
25.16216
24.94937
25.55128
21.02532
15.77500
14.72152
14.52500
14.17722
15.76623
15.47368
21.62821
22.36709
22.07595
22.63291
18.49351
16.00000
16.71795
16.60256
22.41892
22.50000
23.56410
22.02532
21.23750
20.97468
22.65823
23.32911
23.17722
23.20000
22.92405
23.08861
23.18987
23.62500
23.34615
24.15000
24.10127
24.34177
23.97468
23.00000
23.26582
23.39241
23.23750
23.41772
22.45570
20.28750
20.07595
20.13924
20.54430
20.25316
20.11392
20.22500
20.18987
20.36709
20.37975
20.24051
20.67089
22.05063
21.46835
21.22500
21.26582
20.78481
20.32911
20.36250
20.40506
20.54430
20.26582
20.29114
20.23750
20.27848
20.34177
20.37975
20.50633
21.35443
21.38750
21.24051
21.25316
20.27848
20.24051
20.41772
20.34177
20.56250
20.22785
20.27848
20.31646
20.40506
20.30000
20.36709
20.40506
20.30380
20.21519
20.36709
20.39241
20.36709
20.42500
21.40506
21.40506
21.43038
22.15190
20.75949
20.37975
20.39241
20.18750
20.43038
20.41772
20.46835
20.18987
20.72152
21.35000
21.30380
20.93671
20.48101
20.39241
20.32911
20.25316
20.50633
20.23750
20.29114
20.51899
20.40506
20.58750
20.29114
20.45570
20.55696
20.24051
20.36250
20.41026
21.03797
21.27848
21.50000
21.53247
21.57692
21.05063
20.49367
20.63291
20.37500
20.24051
20.45570
20.68354
20.05063
20.20000
20.08861
20.49367
20.66250
20.91139
20.69620
20.64557
20.60000
20.21519
20.41772
20.44304
20.48718
21.07792
21.22785
21.07792
21.12821
20.37975
20.32051
20.14103
21.72152
22.44872
22.37975
22.98734
23.50633
23.55000
22.93671
22.75949
22.75949
22.40000
22.48101
22.53165
22.59494
22.62025
22.53750
22.68354
22.64557
22.86076
22.60759
23.12658
22.84810
22.96203
22.86250
22.89744
22.27848
21.68354
21.65000
22.11392
21.72152
21.00000
20.58228
20.65823
20.60759
21.01250
20.60759
20.84810
21.64557
21.71250
21.55696
23.24675
22.67089
22.78481
22.53165
21.29114
20.61250
20.67089
20.56962
20.72152
20.45570
21.55696
21.50633
21.65823
21.43750
20.70886
20.49367
20.54430
20.58228
20.74684
20.56250
20.64557
20.49367
20.73418
20.45570
20.78481
20.53750
21.10127
21.67089
21.53165
21.55696
21.48101
20.63750
20.89873
20.60759
20.70886
20.51899
20.77500
20.83544
21.70886
21.35443
21.49367
21.55000
21.03797
20.69620
20.72152
20.62025
20.72500
20.54430
20.63291
20.49367
20.64557
20.56962
20.65000
20.41772
20.75949
20.55696
20.88608
20.63291
20.68750
20.70886
20.81013
21.20253
21.75000
21.54430
21.49367
21.68354
21.60759
20.76250
20.64557
20.45570
21.05063
20.92405
21.62025
21.62821
20.11392
20.86076
21.65823
20.01299
20.81013
20.65823
20.72152
20.38462
21.00000
20.43038
21.31646
21.53750
21.91139
21.51899
21.64935
20.88462
21.02532
20.64557
20.69620
20.43750
20.89873
20.50633
20.65823
20.52500
20.81013
20.58228
20.84810
20.82278
20.72152
20.63750
20.83544
20.74684
20.74684
20.56962
20.80000
20.49367
22.73418
21.51899
21.82500
21.55696
20.82278
20.72152
20.64557
14.26316
13.74667
12.82432
12.84000
12.78378
12.58108
16.76623
19.63291
20.84810
21.00000
21.01299
20.70513
14.48684
13.17105
15.64474
19.40506
19.61250
19.39241
19.82278
12.20270
13.06757
12.98649
18.23077
19.51899
20.76250
19.91139
18.56962
18.58228
20.01266
20.78481
20.88608
21.97468
21.75000
21.93671
21.83544
21.89873
21.50633
21.10127
20.90000
21.07692
20.75000
20.98734
20.83544
21.08861
20.97500
21.97468
21.87342
21.73418
21.15190
20.91139
20.77500
20.73418
20.78481
20.74684
20.95000
21.02532
20.88608
20.86076
21.15190
21.01266
21.03797
20.80000
20.92405
20.78481
21.06329
20.90000
20.88608
21.06329
20.96203
22.08861
21.91250
22.83544
21.78481
21.82278
21.03750
20.82278
20.87342
20.94937
20.83544
20.98734
21.00000
21.10127
22.02532
21.97468
22.02532
21.28750
20.98734
20.77215
20.73418
20.78481
21.07595
20.97468
20.93750
21.20253
20.91139
20.91139
20.97468
21.05063
20.95000
21.20513
21.11250
21.15190
20.72152
21.83333
22.00000
21.97297
21.41892
21.39189
20.97436
20.68750
20.72152
20.82278
20.93671
20.87342
20.76250
20.88000
21.72152
22.56962
23.26250
23.31646
22.87179
20.79747
20.94937
21.06329
22.05063
22.10127
21.87342
21.95000
21.91139
21.98734
21.86076
21.80000
20.98734
20.84810
20.88608
20.84810
20.84810
20.72152
20.98734
21.10000
21.03797
21.84416
21.65823
21.87342
21.81013
21.26582
19.74359
20.46835
20.64557
20.92405
20.64557
20.60759
20.31646
20.69620
20.85000
20.58228
20.78481
20.59494
20.75949
20.81013
20.61250
20.72152
21.72152
21.92405
21.77215
21.82278
21.50000
20.72152
20.82278
20.64557
20.62025
20.92405
20.81013
22.91026
22.59494
22.67500
22.65823
22.79747
20.96203
20.67089
20.75000
20.69620
20.58228
20.59494
21.41250
21.73418
21.73418
21.78481
21.45000
21.01266
20.78481
20.79747
20.56250
21.22785
20.65823
20.75949
20.64557
20.54430
20.70886
20.76250
20.69620
20.79747
20.70886
20.58750
20.75949
20.83544
20.94937
20.89873
21.03797
21.53165
21.61250
21.58228
21.69620
21.46250
20.64557
20.70886
20.74684
20.93671
20.64557
20.46835
20.42500
20.62025
20.81013
20.82278
20.55696
20.70886
19.82500
19.69620
19.98734
15.25974
14.41558
13.97368
13.64000
13.53947
12.86667
12.62162
17.53846
19.27848
19.72152
19.45570
17.59740
12.39189
13.03947
13.74684
16.25974
20.33784
20.58108
21.48101
18.27848
18.58228
18.91139
20.74359
20.05063
18.67500
20.24359
20.91026
21.26582
21.36842
21.61039
20.82278
20.69620
20.97468
20.65823
20.77215
20.65000
21.65385
21.57500
21.54430
21.13924
20.68354
20.62025
20.54430
20.60759
20.72152
20.57500
20.82278
21.65823
21.45570
21.17722
20.72152
20.32911
20.47500
20.46835
20.36709
20.60759
20.75949
21.59494
21.70886
21.15000
20.51899
20.49367
20.48101
20.98701
20.59494
20.58228
21.08861
21.95000
21.69620
20.67089
20.60759
20.45570
20.63291
20.60759
20.63291
20.56962
20.75000
21.44304
21.70886
20.83544
20.35443
20.43750
20.60759
20.63291
20.53165
20.54430
20.63291
21.25316
21.58750
21.39241
20.75949
20.63291
20.59494
20.42500
20.68354
20.60759
20.51899
21.20000
21.59494
21.16456
20.59494
20.74684
20.45570
20.70886
20.47500
20.67089
20.55696
21.45570
21.53165
20.89873
20.62025
20.53750
20.68354
20.48101
20.55696
20.63291
20.67089
21.25000
21.53165
21.27848
20.64557
20.60000
20.69620
20.70886
20.63291
20.77215
20.83544
21.10127
21.78750
21.44304
23.18987
21.63291
20.62025
20.57500
20.78481
20.73418
20.58228
20.78481
21.55696
21.68750
21.10127
20.70886
20.68354
20.77215
20.67089
20.54430
20.41772
20.43038
20.61250
21.50633
21.37975
20.50633
20.87342
20.47500
20.65823
20.41772
20.53165
20.39241
20.62025
21.13924
21.27500
20.73418
20.59494
20.36709
20.36486
20.53947
20.69231
20.70886
20.67089
20.52564
21.78378
21.55128
21.06329
20.46835
20.50633
20.56962
20.50633
20.51250
20.58228
20.58228
20.72152
21.46835
21.46250
20.67089
20.48101
20.48101
20.59494
20.60759
20.58228
20.65000
20.63291
21.11392
21.56962
21.11392
20.55696
20.50633
20.48101
20.49367
20.45000
20.63291
20.37975
20.49367
21.64557
21.46835
20.53750
20.67089
20.70886
20.35443
20.48101
20.74684
20.60000
20.54430
20.97468
21.56250
20.91139
20.39241
20.13924
20.48101
20.21519
20.43038
20.16250
20.46835
21.32911
21.37975
20.35443
20.43038
20.45570
20.37500
20.45570
20.56962
20.53165
20.50000
20.93671
21.53165
21.22785
20.51899
20.68354
20.70000
20.39241
20.45570
20.45570
20.21250
20.32911
21.44304
21.32911
20.43038
20.24051
20.43038
20.63291
20.56962
20.55000
20.43038
20.25316
20.92405
21.53165
21.46835
20.73418
20.41026
20.65823
20.72152
20.34177
20.44304
20.51899
20.73418
21.67500
21.30380
20.45570
20.48101
20.36709
20.60759
20.83544
20.55000
20.53165
20.31646
20.65823
21.62025
21.56250
20.60759
20.55696
20.51899
20.36709
20.45570
20.67089
20.61250
20.65385
20.80000
21.46835
21.50633
20.64557
20.70886
20.48101
20.86250
20.54430
20.32911
20.70886
20.69620
21.05063
21.75000
21.48101
20.56410
20.60759
20.40506
20.56962
20.49367
20.62500
20.40506
20.83544
21.62821
21.75949
21.77500
21.11538
20.54430
20.75000
20.50633
20.67089
20.12658
18.65823
19.75949
20.83544
20.96154
21.40506
20.87342
20.96203
20.24051
20.73418
20.13924
20.14103
20.46835
20.25000
20.29114
20.53165
20.70886
21.52500
21.37975
21.36709
20.51899
20.26582
20.60759
20.97368
20.30380
20.56962
20.48101
20.45570
21.25316
21.96203
22.90000
22.89873
22.06329
20.41772
20.59494
20.41772
21.53750
21.31646
21.50633
21.72152
21.59494
21.73418
21.56250
20.96203
20.45570
20.46835
20.50633
20.38750
20.54430
20.39241
21.18987
20.56962
21.31646
21.51899
21.63750
21.59494
21.72152
20.70886
20.51899
20.60759
20.43750
20.35443
20.67949
20.98750
21.74684
21.51899
21.24051
20.38750
20.73418
20.49367
20.39241
20.68354
20.54430
20.65823
20.93671
21.26250
21.45570
20.62025
20.56250
20.36709
20.78481
20.50633
20.36709
20.58750
20.51899
20.72152
21.67089
22.29114
22.95000
19.35065
14.76623
14.80000
17.89610
20.69620
21.40506
21.01266
20.60759
13.63014
13.94595
16.09211
22.81013
21.20253
21.59494
19.27500
17.93671
19.60759
18.69620
17.83544
19.12658
20.53165
20.67089
20.33750
20.73418
21.49367
21.70886
21.44304
20.32911
20.48101
21.00000
20.55000
20.46835
20.36709
20.36709
20.46835
20.44304
20.25316
21.03750
21.44872
21.45570
20.65000
20.18987
20.41558
20.19737
20.30769
20.49367
20.35443
20.61538
21.32432
21.26667
20.69231
20.10127
20.46753
20.43421
20.17722
20.23750
20.27848
20.25316
20.24051
20.53165
21.25316
21.58228
21.27848
20.22667
20.45946
20.28378
20.25676
20.53333
20.24324
20.21622
20.37333
20.35135
20.64474
21.58750
21.26582
20.47297
20.52703
20.18667
20.28378
20.05405
20.29333
20.29730
20.32432
21.50000
21.46835
20.34667
20.32000
20.20270
20.24324
20.37333
20.52703
20.52703
20.26667
20.21622
20.22973
20.58667
21.60759
21.53165
21.46154
20.23288
20.35135
20.33333
20.24324
20.43243
20.13333
20.56757
20.71429
21.34177
21.03797
20.64557
20.39189
20.36486
20.28378
20.28000
20.52055
20.54054
20.26667
20.26027
20.35135
21.36709
21.41772
21.05128
21.61333
23.63514
23.43243
23.16000
22.54054
21.81081
21.66667
20.70270
20.32432
20.92208
21.46835
21.41772
20.54054
20.36000
20.09459
20.35135
20.22667
20.14865
20.35135
20.26667
20.39189
20.88312
21.44304
21.43038
20.50000
20.44000
20.33784
20.40541
20.43243
20.56757
20.28378
20.38667
20.67568
21.41772
21.63291
21.07792
20.33784
20.51351
20.52703
20.45946
20.39189
20.29730
20.31081
20.31081
20.55405
21.01299
21.64557
21.52564
20.71622
20.52703
20.12000
20.17568
20.29730
20.61333
20.05405
20.84211
21.46835
21.45570
20.45570
20.48101
20.68750
20.69620
20.49367
20.41333
20.40541
20.34667
20.47297
20.36486
20.94737
21.57500
21.64557
20.72000
20.27027
20.39189
20.45333
20.41892
20.53947
20.53165
20.86250
21.77215
21.89873
20.75949
20.72152
20.55696
20.64557
20.78481
20.53247
20.74684
21.21519
21.63291
21.41250
20.44304
20.74684
20.43038
20.77215
20.59494
20.63750
20.64557
20.72152
20.49367
20.56962
20.62025
21.20000
21.54430
21.53165
20.48101
20.62025
20.45570
20.70000
20.79747
20.60759
20.60256
21.28205
21.79747
21.50633
21.00000
20.77500
20.48101
20.65823
20.88608
20.81013
20.60759
21.72500
21.64557
20.89873
20.82278
20.49367
20.65823
20.91139
21.36250
21.15190
21.58228
22.07595
21.96203
21.06329
21.00000
20.87342
21.02532
20.81013
21.08750
20.81013
21.59494
22.15190
21.88608
20.75949
20.80000
21.00000
20.74684
20.83544
20.97500
20.97468
21.00000
22.24051
21.84810
21.06329
20.82278
21.16250
20.78481
20.77215
20.77215
20.73418
20.95000
21.74684
21.79747
21.30380
20.93671
20.93671
20.95000
21.05063
21.16456
20.78481
20.92500
21.37179
22.02500
21.78481
20.92405
20.84810
20.90000
20.94872
21.00000
21.75000
21.01266
20.79747
21.79747
21.78481
21.22785
21.10000
21.07595
21.22785
20.86076
21.00000
21.06329
21.02532
20.91139
21.07595
21.20253
22.05063
22.03797
21.44304
21.17500
20.98734
20.87342
21.13924
20.83544
21.08861
21.08750
22.03797
21.78481
21.05063
20.78481
21.03750
20.92405
20.88608
21.01266
21.02532
21.02532
22.00000
21.81818
21.80769
20.76250
20.79747
20.91139
20.91139
21.07595
20.86076
21.17500
20.91139
20.89873
20.96203
20.87342
21.05063
21.82278
22.03797
22.03947
21.46835
21.17500
21.13924
20.89873
21.26582
21.13750
21.00000
21.13924
21.05063
21.01266
21.27848
21.94937
21.86076
21.50000
20.81013
21.03797
20.94937
20.89873
20.83544
20.85000
20.86076
21.59494
21.92405
21.62025
20.95000
20.97468
21.18987
21.20253
21.18987
21.13924
21.25316
21.07500
21.96203
21.96203
21.83117
21.01351
20.94667
20.68919
20.90541
20.84000
20.95946
20.72973
21.36842
22.08861
21.93671
21.15789
20.94595
20.62162
20.77333
21.09459
20.89189
20.76000
20.71622
21.56579
22.07500
21.92405
20.78378
20.84000
20.85135
20.90541
20.74667
20.83562
20.73684
21.03797
21.68354
21.95000
21.83544
21.12658
21.17722
20.78750
21.30380
21.01266
21.02532
21.03797
21.25000
21.84810
22.21519
21.74684
21.00000
21.03797
21.03797
21.12658
21.00000
20.89873
21.22785
21.47500
23.13924
23.56962
23.32911
21.72152
20.82278
20.91250
21.31646
22.15190
22.18750
22.03797
21.98734
22.13924
22.00000
21.92500
21.58228
21.21519
20.87342
20.84810
20.91250
20.83544
21.03797
21.08861
22.02532
21.98734
21.91250
21.24051
21.31646
20.96203
20.98750
20.73418
20.89873
20.97468
20.78481
21.58750
21.98734
22.07595
21.56962
21.06329
20.82278
20.91139
21.34177
20.92500
20.87342
20.89873
21.48101
21.98734
21.95000
21.41772
20.92405
20.79747
21.00000
21.00000
20.87342
21.00000
21.05063
20.94937
21.71250
22.08861
21.82278
21.30380
20.78750
20.83544
20.78481
20.65823
20.69620
20.67089
20.71250
20.67949
21.79747
21.82278
21.78481
21.11392
20.92500
20.72152
20.56962
21.06329
21.00000
20.67089
21.01266
20.96203
21.25316
21.67089
21.85000
21.30769
20.88750
20.96203
20.50633
20.69620
20.72152
20.92405
20.77500
20.64557
21.25316
21.67089
21.97500
20.86076
20.87342
20.68354
20.56962
20.92405
20.70886
20.93671
20.83544
20.48101
21.43750
21.58228
21.51899
20.66250
20.68354
20.74684
20.62025
20.63291
20.59494
20.70886
20.61250
20.96203
21.78481
21.78481
21.17500
20.62025
20.84810
20.68354
20.87342
20.65000
20.72152
20.68354
20.60759
21.05063
21.69620
21.50000
20.87342
20.65823
20.91139
20.72500
20.59494
21.00000
20.81013
20.73418
20.58228
21.51250
21.62025
21.32911
20.75949
20.81013
20.69620
20.65000
20.62821
20.73750
22.71795
22.29114
21.17722
21.72152
21.67089
20.88608
20.75949
20.65823
20.92500
20.58228
20.67089
20.64557
20.62025
20.75000
21.49367
21.73418
21.29114
20.78481
20.42500
20.50633
21.05063
20.70886
20.70886
20.67500
20.50633
20.98734
21.62025
21.83750
20.81013
20.62025
20.54430
20.69620
20.68354
20.77500
20.69231
20.56757
20.49333
21.59740
21.33333
21.58228
20.79747
20.81013
20.60759
20.65000
20.60759
20.94937
20.93671
20.79747
20.55696
21.45000
21.64935
21.12987
20.76250
20.56962
20.63291
20.82278
20.58750
20.56962
20.59494
20.54430
20.59494
20.81013
20.98750
21.77215
21.32911
21.17722
20.50000
20.72152
20.77215
20.65823
20.62025
20.83544
20.56250
20.65823
21.59494
21.64557
21.45570
20.52500
20.74684
20.51899
20.64557
20.73418
20.89873
20.69620
20.78481
20.64103
20.92405
20.61538
20.35065
20.03947
20.28947
20.45333
20.62338
20.51948
20.97436
20.81818
21.61250
21.72152
21.15190
20.53750
20.64557
20.73418
20.49367
20.91139
20.56962
20.34177
20.42500
20.56962
20.54430
21.05063
21.53165
21.49367
21.07500
20.41772
20.55696
20.40506
20.64557
20.65823
20.50633
20.48101
20.56962
21.37975
21.57500
21.59494
20.48101
20.45570
20.60759
20.46835
20.70000
20.58228
20.77215
20.63291
20.45570
20.63291
20.54430
21.42500
21.56962
21.68354
20.69620
20.53165
20.56962
20.67500
20.64557
20.63291
20.65823
20.62025
20.92405
21.70000
21.64557
21.07595
20.67089
20.87500
20.49367
20.60759
20.73418
20.74684
20.68354
20.50633
20.52500
20.83544
20.84810
21.65823
21.36709
21.45570
20.73750
20.48101
20.49367
20.64557
20.50633
20.37975
20.40000
20.51899
20.56962
20.40506
21.08861
21.70886
21.37500
21.55696
21.49367
21.32500
21.13924
20.45570
20.44304
20.58228
20.37975
20.37500
20.51899
20.62025
20.98734
21.48101
21.65823
21.00000
19.92105
20.18987
15.61842
13.05405
14.93421
19.37500
19.36709
19.37975
20.31646
13.97333
16.76000
21.38667
21.30380
20.55696
20.65000
20.73418
20.54430
20.54430
20.57500
20.60759
20.55696
20.75949
20.67089
21.36250
21.54430
21.69620
21.40000
20.00000
20.10127
20.06329
20.27500
20.48101
20.49367
20.25316
20.46835
20.12500
20.22785
20.78481
21.31646
21.51250
21.30380
20.37975
20.32911
21.50633
20.82278
20.55696
20.43038
20.69620
20.31250
22.00000
21.84810
21.73418
21.27848
20.59494
20.70886
20.68354
20.65000
20.67089
20.88608
20.64557
20.43038
20.63291
20.66250
20.70886
21.05063
21.77215
21.43038
21.12658
20.55696
20.48750
20.68354
20.48101
20.60759
20.46250
20.26582
20.50633
20.63291
20.24051
21.11392
21.45570
21.48750
20.87342
20.17722
20.49367
20.46835
20.63291
20.43038
20.46250
20.17722
20.44304
20.48101
20.59494
21.75949
21.56250
21.58974
20.67500
21.43038
20.74684
20.48101
20.54430
20.56962
20.26582
20.47500
20.25316
20.39241
21.13924
21.45570
21.94937
22.53165
22.77215
22.37500
20.36709
20.46835
20.62025
21.47500
21.64557
21.31646
21.49367
21.36709
21.31646
21.45570
20.40506
20.30000
20.39744
20.53165
20.43750
20.59494
20.06667
20.41772
20.45570
20.34177
21.80769
21.49367
21.05128
21.13924
20.82278
20.60759
20.53165
20.45570
20.48101
20.73750
20.22785
20.43038
20.32911
20.44304
21.02500
21.27848
21.55696
23.43590
22.49367
22.70886
22.72152
22.64557
22.59494
22.56962
22.31250
21.62025
20.36709
20.37975
20.98734
21.59494
21.16456
21.15000
20.69620
20.72152
20.49367
20.43038
20.59494
20.48750
20.58228
20.39241
20.43038
20.40506
21.30380
21.63750
21.20253
21.00000
20.36250
20.70886
20.43038
20.46835
20.53165
20.46835
20.41772
21.30380
21.62025
21.41250
21.21795
20.59494
20.42500
20.46835
20.53165
20.62025
20.49367
20.55000
20.87342
21.46835
21.68354
21.32500
20.70886
20.51899
20.58228
20.43038
20.75949
20.45570
20.63291
20.56250
20.59494
20.75949
20.61039
21.25316
21.52500
21.48101
21.17722
20.40506
21.05063
20.50633
20.46835
20.49367
20.30769
20.33784
20.41892
20.38667
20.49315
21.74684
21.49367
21.36250
20.65789
20.32000
20.36486
20.23684
20.29870
20.30137
20.37838
20.37333
21.41772
21.77215
21.51899
20.94872
20.28378
20.34667
20.20270
20.29730
20.55405
20.57333
20.50000
20.48649
20.33333
21.46835
21.51899
21.46835
21.23077
20.31081
20.57333
20.35135
20.06757
20.59459
20.45455
20.43038
20.54430
20.82278
21.46250
21.46835
21.35443
20.54430
20.37975
20.35443
20.55000
20.70886
20.39241
20.47500
20.56962
20.41772
20.67089
21.32911
21.65823
21.65823
21.10127
20.49367
20.38750
20.67089
20.53165
20.69620
20.63291
20.68354
20.46835
21.22785
21.65000
21.16456
20.87342
20.26582
20.50633
20.70886
20.82500
20.39241
21.31646
21.55696
21.47500
20.67089
22.06329
20.72152
20.51899
20.60000
20.55696
21.21519
21.46835
21.24051
20.68354
20.61250
20.37975
20.64557
20.88608
20.62025
21.45570
21.41772
21.03750
20.65823
20.77215
20.54430
20.62025
20.70886
20.63291
21.70000
21.44304
20.51899
20.49367
20.55696
20.60759
20.25316
20.46835
21.10127
21.72152
21.45570
20.46835
20.63291
20.50000
20.56962
20.44304
20.51899
21.40506
21.49367
20.86076
20.37500
20.96825
20.65823
20.36250
20.58228
20.65823
21.55696
21.34177
20.63291
20.45000
20.54430
20.43038
20.74684
20.58228
21.17722
21.48101
21.17500
20.49367
20.56962
20.54430
20.60000
20.45570
20.30380
21.34177
21.46835
20.83544
20.68354
20.49367
20.32911
20.76250
20.77215
20.97468
21.73418
21.45570
20.44304
20.68354
20.72152
20.55000
20.63291
20.56962
21.06329
21.43750
22.15190
20.65823
20.51899
20.56962
20.78481
20.65823
20.45000
21.59494
21.46835
20.89873
20.46835
20.70886
20.45570
20.43038
20.70886
20.36250
21.56962
21.53165
20.56962
20.67089
20.65823
20.69231
20.49367
20.48052
20.23377
20.64474
20.54054
21.33333
20.32000
20.63636
20.61250
20.73418
20.48101
20.73418
20.82278
21.56962
21.48750
20.94937
20.54430
20.20253
19.73418
20.36709
17.02564
13.25676
12.71053
13.16000
13.98701
13.01333
12.39189
12.72000
19.63291
19.30380
19.44872
20.10256
15.16667
13.59494
13.69620
13.58974
18.73418
19.48101
20.67089
19.10127
18.68354
18.29114
20.13158
21.03947
21.35443
21.41772
20.48684
20.39241
20.91139
20.59494
20.63291
20.50633
20.55696
20.64557
21.32911
21.87500
21.85897
21.61538
21.96154
21.64103
22.06329
21.69620
21.57500
21.62025
21.48101
21.62025
22.05000
21.46835
21.13924
20.44304
20.65823
20.58974
20.29487
20.27848
20.60759
20.84416
20.60811
20.71053
21.58974
21.09459
21.07792
21.55128
20.75000
21.07595
20.67089
20.41772
20.60759
20.86076
20.47500
20.63291
20.65823
21.59494
21.97468
22.17722
22.98734
22.81250
22.11392
20.49367
20.59494
20.94937
21.58974
20.87342
21.38462
20.83333
21.72152
21.10256
21.41026
21.54430
21.41772
21.55000
21.22785
20.60759
20.58228
20.53165
20.65000
20.70886
20.49367
20.67089
23.47692
23.81013
23.50633
23.26582
21.70886
21.41026
20.76923
20.85714
20.72727
20.76923
20.87342
21.10127
20.98734
21.15190
20.92500
20.89873
21.50633
22.06329
21.84810
22.20000
22.00000
21.12000
21.29333
20.70667
20.82895
20.52000
20.69333
21.26667
20.94872
21.16250
21.72727
21.12000
21.55696
21.25333
21.69231
21.83544
21.45000
20.86076
21.07595
23.09211
22.60759
23.05063
22.96203
22.05333
22.81081
23.63514
17.91026
16.44304
14.67089
17.37975
18.74324
18.67568
21.06667
23.78667
23.97436
21.92000
21.82051
15.00000
15.17568
13.48649
13.55405
19.68354
20.16883
22.31646
20.23377
19.94737
19.48000
21.30380
21.03797
21.35443
21.21519
21.05063
21.30380
21.32911
22.40506
22.33750
22.00000
22.45570
22.43750
22.18987
22.06329
22.41772
22.56962
22.78750
22.72152
22.56410
22.98734
22.67089
22.61538
22.93750
22.96203
22.67742
24.25316
23.76250
23.68354
22.40506
21.79747
21.10127
20.97468
22.07500
21.96203
22.03797
21.06329
21.07595
21.31250
21.12658
20.82278
21.24051
21.16250
20.89873
20.81013
21.26582
20.98734
20.92500
21.03797
21.11392
20.86076
20.77500
20.78481
21.17722
21.21519
21.05063
20.97468
21.10000
21.13924
20.88608
21.02532
21.41772
20.97468
21.03797
20.82500
21.06329
21.15190
20.93671
21.41250
21.94937
21.96203
21.87342
21.80000
22.13924
20.83544
20.83544
20.86076
20.86250
20.91139
20.92405
21.68354
22.75949
21.00000
21.03797
20.98750
22.25316
21.89873
21.81013
21.78481
20.92405
21.10127
20.98734
20.76250
21.01266
20.68354
20.93671
20.94937
21.06329
20.76250
20.91139
21.72152
22.05063
21.89873
21.90000
21.05063
21.24051
21.08861
21.03797
21.45570
21.37500
21.11392
21.20253
21.12658
21.40789
21.82895
22.33750
22.21519
21.93671
21.75949
21.00000
20.96104
21.16883
21.01250
20.98734
21.34177
21.31646
21.30380
21.27848
21.48101
21.46250
21.24051
21.24051
22.54430
22.39241
22.05000
21.98734
21.44304
21.12658
20.97468
21.05063
21.18987
21.23077
0.00000
0.00000
0.00000
0.00000
0.00000
0.00000
0.00000
0.00000
0.00000
0.00000
0.00000
0.00000
0.00000
24.72727
22.87500
22.93671
21.54430
21.35443
21.12658
21.27848
21.41250
21.64557
22.22785
22.10127
22.30380
22.27848
21.02532
20.92500
21.41772
21.32911
21.02532
21.01266
21.18750
21.32911
21.03797
21.15190
21.24051
22.27848
24.03797
24.08750
24.18987
23.64557
23.00000
23.27848
21.35526
20.91892
20.80000
21.13514
21.08108
20.84000
20.98734
21.11250
21.69620
22.31646
22.16456
21.69620
21.32911
20.97468
21.06329
21.16250
21.08861
21.03797
21.06329
21.11392
21.16250
21.18987
20.89873
20.83544
22.18987
22.16456
21.96203
21.71250
21.26582
21.15190
20.86076
21.26250
21.18987
21.01266
20.89873
21.27848
21.40506
20.96250
21.18987
21.15190
21.88608
21.87342
21.84810
21.85000
21.32911
21.07595
20.96203
21.37500
21.44304
21.17722
21.10000
20.91139
21.26582
21.18987
21.98734
22.03750
22.16456
21.44304
21.00000
21.20253
21.51899
21.16456
21.26582
20.54430
19.51899
20.49351
21.70130
21.92105
21.87342
21.17500
21.86076
22.56962
22.89873
22.62821
21.55844
21.13750
21.21795
21.98667
21.88608
21.88750
22.05063
21.84810
21.96203
22.01266
21.74684
20.89873
20.91250
21.51282
21.27500
21.06329
21.05063
21.56410
21.60759
21.06329
21.64557
22.45570
21.92405
22.07500
21.79747
21.40506
21.08861
20.92405
20.83750
21.34177
21.11392
20.87342
21.62338
21.32911
21.31646
20.91139
21.26582
21.30380
21.25316
20.82500
20.40506
21.08861
18.53846
13.61842
13.51316
13.46053
13.28378
14.38961
14.41026
17.53247
20.63750
20.77215
19.67089
20.07595
12.82432
13.28947
13.10811
13.46753
18.49367
19.49367
20.79747
19.82500
18.78481
18.54430
20.60759
22.12658
21.98734
22.13924
21.92405
21.28750
20.88608
20.94937
20.83544
21.22500
21.05063
20.82278
20.96203
21.12658
20.83750
20.94937
21.07595
21.13924
21.37975
21.18987
21.93671
22.24051
21.75949
21.83750
21.48101
21.13924
20.84810
20.92405
21.10127
21.18987
21.20253
20.93750
21.17722
21.25316
22.22785
21.17722
21.54430
22.82278
21.65823
22.22500
22.22785
21.91139
21.51899
21.02532
21.20253
21.26582
21.08861
21.20253
21.00000
20.86076
21.29114
21.01250
21.48101
21.02532
21.07595
20.82500
21.24051
22.08861
21.87342
21.75949
22.15190
21.63291
20.88608
20.72152
21.13924
21.11392
20.79747
20.96203
20.96203
20.71250
20.93671
20.98734
20.98734
20.98734
20.45570
20.73418
22.10256
21.89474
21.90541
22.18667
21.90667
21.77632
21.05063
21.26923
21.15190
20.81013
21.06329
21.08861
21.15190
20.88462
20.63514
21.51316
21.59211
21.53247
21.02564
21.32911
21.30000
21.05128
20.93421
21.08000
20.87671
20.68000
20.44000
20.82192
21.04000
21.22368
22.30380
22.24051
22.02532
21.39744
20.81081
21.18919
20.95946
20.92000
20.92000
21.41892
20.79452
20.85135
20.90541
21.08000
21.39474
22.35443
22.12658
22.05063
21.23377
20.94595
20.98649
21.20270
20.96000
21.04054
20.91892
20.92000
20.81081
20.87838
21.05333
21.44000
22.01266
21.86076
21.77215
21.68831
20.82432
20.65333
20.74324
21.33784
20.63514
20.74324
21.01351
21.01333
20.78378
20.66216
21.22973
22.02564
21.82278
21.87342
21.98734
21.05333
20.71622
20.60811
20.83784
20.82667
20.44595
20.79730
21.04000
20.78378
21.14865
20.60000
21.32000
22.14286
0.00000
0.00000
0.00000
0.00000
0.00000
0.00000
0.00000
0.00000
0.00000
0.00000
0.00000
0.00000
0.00000
0.00000
0.00000
0.00000
