45.69919
45.02532
44.98734
44.71429
45.03797
45.00000
45.00000
45.00000
45.00000
45.00000
45.00000
45.00000
10.12658
1.94937
1.95000
1.69620
1.45570
1.46835
1.40000
1.62821
1.65000
1.68354
1.63291
1.64557
1.65823
1.78481
1.35443
1.30000
1.46835
1.53165
1.26582
1.25316
1.21519
1.27848
1.25316
1.24051
1.42500
1.41772
1.30380
1.19231
1.17808
1.05405
1.04000
1.08219
1.01333
1.01351
1.06757
1.04054
1.18987
1.20253
1.11392
1.12000
1.05405
1.02703
1.02667
1.03030
1.04054
1.02703
1.08108
1.04054
1.20253
1.13924
1.20253
1.01333
1.05405
1.08108
1.70513
1.50000
1.36250
1.21519
1.12658
1.08974
1.05333
1.00000
1.00000
1.00000
1.02703
1.01351
10.21053
44.51899
44.84810
46.07692
46.98734
46.45570
45.55696
45.05063
45.00000
45.00000
45.02532
44.98734
44.89873
44.87342
44.51899
44.31579
44.41772
44.75949
44.91139
44.77215
44.49367
44.21250
44.48101
44.30380
44.48101
44.92405
44.92500
44.75949
44.86076
44.92405
44.82278
44.73418
44.38158
45.11392
45.46835
45.15190
45.16456
44.82278
44.57500
45.05063
45.41026
44.34177
45.05063
56.48101
56.41772
57.18750
57.41772
57.37975
69.71250
70.36709
69.13924
68.70130
68.77922
68.48718
68.32051
68.57895
69.00000
69.20270
69.10811
68.54054
68.00000
67.75641
67.81013
67.75949
67.79487
67.87342
68.07692
68.28571
68.46053
68.78947
68.65385
68.46835
68.53165
68.37975
68.31250
68.39241
68.29114
68.35443
68.20253
68.32500
68.36709
64.08861
44.62025
44.46835
44.16250
44.32911
44.03797
43.89610
21.64935
1.06329
1.07500
1.10127
1.03797
1.02532
1.05063
1.05063
1.05063
1.05063
1.13924
1.10000
1.06329
1.11392
1.08861
1.16456
1.26582
1.28750
1.12658
1.13924
1.11392
1.10127
1.05063
1.13750
1.01266
1.10127
1.05063
1.07595
1.20253
1.13750
1.39241
1.13924
1.11392
1.07595
1.03797
1.03797
1.07595
1.06329
1.07500
1.12658
1.10127
1.07595
1.06329
1.20253
1.33750
1.25316
1.10127
1.06410
1.11392
1.08861
1.03750
1.06410
1.08750
1.05063
1.10127
1.15190
1.25316
1.24051
1.06329
1.13750
1.11392
1.12658
1.12658
1.03797
1.08861
1.06250
1.07692
1.07595
1.10127
1.18987
1.22500
1.39241
1.15190
1.08861
1.08750
1.10127
1.05063
1.12658
1.10127
1.15190
1.11250
1.12658
1.32911
1.25316
1.18987
1.08861
1.06250
1.12658
1.05063
1.05063
1.08861
1.07500
1.06329
1.05063
1.21519
1.39241
15.71795
55.19231
57.02564
59.27848
59.10127
58.91139
58.22785
57.65000
56.17722
56.79747
56.32911
56.01266
56.01266
56.15000
56.13924
56.13924
56.05063
55.98734
56.01266
56.01250
56.00000
56.05063
56.02532
56.01266
56.37975
56.00000
56.00000
56.00000
55.84615
55.80769
56.34177
56.13924
56.12500
56.00000
56.00000
56.00000
56.00000
56.01266
56.00000
56.00000
56.00000
56.00000
55.98750
56.00000
56.00000
55.98734
56.00000
1.73750
1.03797
1.01266
1.00000
1.02532
1.02500
1.05063
1.05063
1.03797
1.02532
1.08861
1.16250
1.08571
1.00000
1.00000
1.01266
1.00000
1.05063
1.05063
1.01250
1.02532
1.01266
1.08861
1.18987
1.16456
8.03797
56.22500
58.30380
59.81013
59.97468
58.74684
57.53165
57.00000
56.81250
56.72152
56.72152
56.22785
56.37975
56.64557
56.51899
56.82500
56.78481
56.63291
56.55696
56.70000
56.54430
56.30380
56.41772
56.35000
56.53165
56.56962
56.59494
56.51899
56.51250
56.70886
56.39241
56.26582
56.08861
56.03797
56.02500
56.05063
56.03797
56.12658
56.02532
56.07595
56.03797
56.30000
56.56962
56.53165
56.56962
56.35443
56.07595
56.06329
56.16456
56.17500
56.10127
55.60526
56.40506
56.48750
56.15190
56.10127
56.00000
56.18987
56.21519
56.07500
56.00000
56.00000
56.00000
56.02532
56.00000
56.01250
56.00000
0.00000
0.00000
0.00000
0.00000
0.00000
0.00000
0.00000
0.00000
0.00000
0.00000
0.00000
0.00000
0.00000
0.00000
0.00000
0.00000
0.00000
0.00000
61.37179
70.68354
58.69620
56.89873
56.30380
56.05063
56.00000
56.05063
56.25316
45.34211
4.85000
1.00000
1.05063
1.06329
1.03797
1.06329
1.08861
1.08750
1.06329
1.22785
1.16456
1.15190
1.03750
1.08861
1.01266
1.03797
1.03797
1.10127
1.02532
1.08861
1.07595
1.05000
1.26582
1.22785
1.15190
1.07595
1.03797
1.03750
1.03797
1.05063
1.08861
1.07595
1.08861
1.01266
1.10127
1.27848
1.17500
1.18987
1.10127
1.07595
1.08861
1.11250
1.08861
1.10127
1.07595
1.08861
1.08974
1.12500
1.25316
1.30380
1.25316
1.07500
1.05063
1.17722
1.06329
1.06329
1.08571
1.08333
1.01266
1.03797
1.08861
1.08861
1.18987
1.23529
1.36709
1.67500
1.53165
1.32911
1.12658
1.07595
1.20253
1.36709
1.21250
1.31646
1.29114
1.33750
1.16456
1.25316
1.07595
1.07595
1.13924
1.11250
1.08861
1.06329
1.08861
1.03750
1.06329
1.08861
1.05063
1.03750
1.34177
1.21519
1.26582
1.12658
1.05063
1.08861
1.06329
1.10127
1.06329
1.15000
1.10127
1.30380
1.44304
1.27848
1.07500
1.03797
1.10127
1.10127
1.50633
42.12987
43.77922
45.81013
46.80519
46.71250
46.00000
45.59494
45.05063
45.00000
44.97468
44.82500
47.46835
56.63636
56.62500
57.11392
57.00000
56.59494
56.03797
56.05063
56.12658
56.42500
56.46835
56.34177
56.40000
56.44304
56.31646
56.41250
56.64557
56.77215
51.16667
43.97368
44.35443
26.12821
1.04054
1.00000
1.00000
1.04054
1.00000
1.04054
1.04054
1.04054
1.00000
1.04054
1.04054
1.05128
1.12658
1.11250
1.02632
1.04054
1.05405
1.00000
1.01333
1.00000
1.00000
1.00000
1.02703
1.02703
1.06329
1.03750
1.05128
1.01351
1.01351
1.02703
1.01333
1.01351
1.00000
1.02667
1.01351
1.02703
1.02667
1.01351
1.06329
1.12658
1.12500
1.05405
1.02667
1.01351
1.01351
1.00000
1.06757
1.02703
1.06667
1.02703
1.06757
1.11842
1.15190
1.12500
1.09091
1.01351
1.01351
1.02667
1.02703
1.04054
1.01333
1.05405
1.02703
1.02667
1.02703
1.01351
1.12658
1.08861
1.08750
1.04054
1.02703
1.04054
1.02703
1.01351
1.02703
1.05405
1.04054
1.02703
1.01351
1.09211
1.16250
1.12658
1.03947
1.04054
1.05405
1.00000
1.01351
1.04054
1.00000
1.02703
1.01351
1.04000
1.02703
1.01351
1.20000
1.15190
13.16456
44.18987
55.13924
59.03750
59.83544
59.59494
58.64557
57.53165
56.91250
56.98734
56.81013
56.27848
56.05063
56.03797
56.05000
56.08861
56.01266
56.07500
56.10127
56.05063
56.11392
56.02532
56.05000
56.00000
55.92405
55.88608
55.46753
56.00000
56.02532
56.00000
56.00000
56.00000
56.00000
56.00000
56.00000
55.98750
56.00000
55.98734
56.00000
55.91139
55.94937
56.00000
32.53165
1.01266
1.02532
1.06250
1.01266
1.05063
1.02532
1.01250
1.08861
1.08861
1.12658
1.02532
1.05063
1.05063
1.07595
1.02500
1.01266
1.03797
1.00000
1.03797
1.01250
1.01266
1.06329
1.11392
1.08861
1.05000
1.02532
1.03797
1.02532
1.00000
1.01266
1.01266
1.02500
1.01266
1.00000
1.01266
1.10127
1.15000
1.17722
1.01266
1.01266
1.05063
1.02532
1.02532
1.03797
1.03750
1.05063
1.01266
1.03797
1.06329
1.06250
1.21519
1.11392
1.18987
1.00000
1.02500
1.02532
1.06410
1.05000
1.05063
1.03797
1.03750
1.03797
1.03797
1.20253
1.17722
1.15190
1.07500
1.07595
1.03797
1.06329
1.01266
1.05063
1.05000
1.05063
1.06329
1.05063
1.08750
1.13924
1.22785
1.17722
1.24051
1.02532
1.10127
1.07595
1.08861
1.05000
1.11392
1.10127
1.08861
1.03797
1.07500
1.08861
1.21519
1.20253
1.13924
1.13924
1.08750
1.07595
1.08861
1.08750
1.08861
1.06329
1.10127
1.02532
1.05063
1.06329
1.30000
1.25316
1.29114
1.02532
1.10127
1.03797
1.07500
1.08861
1.05063
1.05333
1.08571
1.12658
1.08861
32.03896
43.37662
45.70886
47.16456
47.07595
46.79747
46.02532
45.92405
45.22500
45.01266
44.64103
45.04054
44.92308
45.00000
45.00000
45.00000
45.00000
45.01266
44.93671
44.84810
44.78481
44.77215
29.55128
1.00000
1.01333
1.00000
1.06667
1.10127
1.05000
1.10256
1.00000
1.01351
1.01351
1.02667
1.01351
1.00000
1.02667
1.00000
1.00000
1.02632
1.05063
1.12500
1.03846
1.00000
1.01351
1.00000
1.01351
1.01351
1.00000
1.01351
1.01351
1.00000
1.01351
1.00000
1.06329
1.10127
1.01266
1.00000
1.04000
1.00000
1.01351
1.00000
1.01351
1.02703
1.00000
1.01351
1.01333
1.01370
1.03750
1.06329
1.02532
1.00000
1.02667
1.00000
1.00000
1.01351
1.00000
1.01333
1.02703
1.01370
1.00000
1.04000
1.07595
1.10127
1.02532
1.10667
1.04000
1.01351
1.01351
1.01333
1.02703
1.00000
1.02667
1.00000
1.02703
1.05195
1.03797
1.05000
1.05263
1.00000
1.04054
1.00000
1.01351
1.00000
1.00000
1.00000
1.00000
1.01333
1.02667
1.02532
1.08861
1.06329
1.60256
1.00000
1.02703
1.01351
1.02667
1.17333
1.00000
1.00000
1.04054
1.02632
1.11392
1.08861
1.09091
1.01351
1.01333
1.00000
1.01351
1.00000
1.00000
1.02703
1.01316
1.00000
1.00000
1.00000
0.00000
0.00000
0.00000
0.00000
0.00000
0.00000
0.00000
0.00000
0.00000
0.00000
0.00000
0.00000
0.00000
0.00000
0.00000
0.00000
0.00000
0.00000
0.00000
0.00000
0.00000
0.00000
58.66667
57.13924
57.73418
57.92405
56.92208
57.02564
49.64557
44.73418
44.85000
44.86076
44.96203
44.84810
44.46835
44.43038
44.79747
44.72152
44.46835
42.23750
1.00000
1.03797
1.02532
1.03797
1.26250
1.13924
1.08861
1.07595
1.06329
1.02532
1.02500
1.03797
1.06329
1.00000
1.05063
1.01266
1.32911
1.48750
1.34177
1.01266
1.03797
1.01250
1.12658
1.18987
1.17722
1.13924
1.11250
1.17722
1.15190
1.07595
1.03797
1.06250
1.02532
1.02532
1.02532
1.01250
1.05063
1.05063
1.01266
1.03797
1.13924
1.12500
1.22785
1.15190
1.03797
1.02532
1.07595
1.05063
1.02532
1.01266
1.06250
1.13924
1.15190
1.12658
1.05063
1.07595
1.05000
1.05063
1.07595
1.06329
1.05063
1.07595
1.10000
1.15190
1.21519
1.15190
1.12658
1.06329
1.07500
1.03797
1.10127
1.07595
1.07595
1.05063
1.13924
1.12500
1.05063
1.22785
1.25316
1.26582
1.08750
1.08861
1.08861
1.08861
1.11392
1.15190
1.08750
1.13924
1.06329
1.16456
1.25000
1.16456
1.30380
1.15190
1.15190
1.12500
1.12658
1.11392
1.11392
1.07595
1.11392
1.10127
1.11250
1.07692
1.17500
1.10127
1.27848
1.28750
1.11392
1.03797
1.08861
1.07595
1.11392
1.01266
1.03797
1.02564
1.01351
1.14103
1.17722
1.15190
1.05000
1.27848
1.69620
1.08861
1.05063
1.08750
1.05063
1.03797
1.05063
1.03797
1.07595
1.37975
1.16250
1.06329
1.01266
1.06329
1.07595
1.06329
1.06329
1.03750
1.10127
1.08861
1.07595
1.10127
1.13924
1.11250
1.05063
1.08861
1.05063
1.08861
1.05063
1.06329
1.06329
1.01299
1.21519
1.02532
1.02632
1.06494
1.08861
1.08750
1.04000
1.02667
1.00000
1.00000
1.01333
1.01351
1.01351
1.00000
1.02703
1.00000
1.02667
1.01351
1.02703
1.10256
1.03797
1.11392
1.05263
1.01351
1.02703
1.01351
1.04000
1.01351
1.05405
1.02667
1.04054
1.06579
1.13924
1.12658
1.06579
1.01333
1.04054
1.06757
1.02667
1.02703
1.01351
1.04000
1.05405
1.00000
1.00000
1.04054
1.02703
1.06494
1.12658
1.08861
1.07792
1.01351
1.01351
1.04000
1.01351
1.04054
1.04000
1.05405
1.02703
1.05333
1.20253
1.08861
1.07692
1.05405
1.00000
1.01333
1.17568
1.38961
1.00000
1.01351
1.02703
1.06667
1.02703
1.00000
1.01333
1.10390
1.11392
1.08861
1.05195
1.00000
1.04054
1.06757
1.00000
1.00000
1.01351
1.04000
1.02703
1.01351
1.16883
1.16456
1.16456
1.07792
1.01333
1.00000
1.05405
1.04054
1.01351
1.01333
1.01351
1.01351
1.02667
1.01351
1.02703
1.13750
1.20253
1.10127
1.00000
1.00000
1.04054
1.02667
1.02703
1.02703
1.02667
1.04054
1.00000
1.02667
1.01351
1.01351
1.02597
1.12658
1.07595
1.10256
1.01333
1.02703
1.01333
41.12821
57.53165
58.20253
37.34615
10.00000
9.98734
9.97468
9.92405
9.93671
9.91250
9.75949
9.68354
9.64557
9.74684
9.51250
4.39241
1.06329
1.05063
1.03797
1.08861
1.27848
1.17500
1.16456
1.02532
1.03797
1.01250
1.02532
1.03797
1.01887
1.05063
1.06329
1.07500
1.05063
1.01266
1.00000
1.03797
1.10000
1.24359
1.20000
1.08861
1.03797
1.03750
1.03797
1.01266
1.02532
1.03797
1.05063
1.05063
1.06329
1.21519
1.15000
1.17722
1.01266
1.07595
1.07595
1.11392
1.06329
1.05000
1.06329
1.08861
1.05063
1.02532
1.13924
1.12500
1.06329
1.24051
1.18987
1.18987
1.06329
1.10000
1.08861
1.12658
1.07595
1.06250
1.06329
1.05063
1.07595
1.06329
1.20253
1.26582
1.22785
1.11250
1.05063
1.17722
1.06329
1.10127
1.06329
1.06329
1.07595
1.12500
1.05063
1.11392
1.15190
1.13924
1.24051
1.27848
1.18750
1.06410
1.11250
1.06329
1.10127
1.12658
1.11392
1.05063
1.17722
1.17500
1.08974
1.31250
1.16456
1.17722
1.08861
1.12658
1.07595
1.06250
1.07595
1.03797
1.08861
1.12658
1.07595
1.06329
1.06329
1.04110
1.07895
1.17500
1.15190
1.07692
1.05405
1.04054
1.04000
1.02703
1.04054
1.05333
1.00000
1.04054
1.01333
1.19481
1.15190
1.10127
1.09211
1.02703
1.02667
1.02703
1.00000
1.02667
1.03846
1.02532
4.02532
43.00000
43.12987
58.32000
58.02703
58.88000
59.15190
58.32911
57.26582
56.92500
56.27848
56.02532
56.01266
56.01266
56.00000
56.02500
56.00000
56.01266
56.00000
56.00000
56.03797
55.98734
56.01266
56.15190
56.28750
56.27848
56.15190
55.88608
55.46835
55.98734
55.74359
56.00000
56.02532
56.01266
56.00000
56.00000
56.06329
56.01250
56.03797
56.07595
56.02532
56.02500
56.06329
56.17722
56.19737
55.77632
55.76623
56.17722
56.33766
56.24051
56.50000
56.39189
56.29333
56.25000
56.13924
56.20253
56.09091
56.18182
56.31646
56.34211
56.42466
56.37333
56.23750
56.10000
56.10127
56.17949
56.02532
56.07500
56.00000
55.94937
56.01250
55.74684
55.55844
56.01266
56.00000
56.00000
55.93671
56.13333
56.10667
30.46753
1.00000
1.00000
1.06329
1.07500
1.05128
1.01351
1.01351
1.00000
1.00000
1.00000
1.01351
1.01351
1.01351
1.00000
1.00000
1.01351
4.48000
43.17722
41.78481
0.39241
0.11250
0.14103
0.46154
0.53846
0.33333
0.63158
0.50000
0.65789
1.02532
1.05063
1.06329
1.06329
1.08861
1.05063
1.02500
1.03797
1.02532
1.02632
1.01351
1.00000
1.02667
1.01351
1.00000
1.01351
1.02667
1.00000
1.02667
1.00000
1.04054
1.00000
1.01351
1.02703
1.00000
1.00000
1.08861
1.06250
1.06329
1.02532
1.01282
1.00000
1.00000
1.02703
1.01333
1.00000
1.00000
1.01333
1.00000
1.02703
1.01333
1.00000
1.02667
1.01351
1.01351
1.00000
1.03846
1.03797
1.10127
1.05063
1.02532
1.00000
1.00000
1.02703
1.01333
1.00000
1.00000
1.00000
1.01333
1.00000
1.00000
1.01333
1.00000
1.01351
1.01316
1.01351
1.03896
1.12658
1.59494
1.05000
0.56962
0.70130
0.70130
0.74359
0.84416
0.89744
1.02500
1.02532
1.02532
1.01266
1.00000
1.01250
1.05063
1.06329
1.01266
1.01266
1.05063
1.13924
1.07500
1.17722
1.12658
1.13924
1.06329
1.06329
1.01250
1.05063
1.05063
1.02532
1.07595
1.03797
1.07595
1.07595
1.05000
1.03797
1.01266
1.08861
1.03797
1.06329
1.17500
1.10127
1.16456
1.15190
1.06329
1.03797
1.06250
1.03797
1.07595
1.01266
1.05128
1.06329
1.10256
1.05063
1.06780
1.11429
1.06329
1.03797
1.02532
1.02532
1.07500
1.11392
1.15190
1.17722
1.15190
1.06250
1.10127
1.05128
1.05000
1.07595
1.02532
1.06329
1.03797
1.02532
1.02532
1.06329
1.02532
1.10000
1.10127
1.06329
1.07595
1.07595
1.17722
1.20000
1.17722
1.12658
1.03797
1.06329
1.05063
1.05000
1.07595
1.05063
1.03797
1.07595
1.05063
1.03797
1.05063
1.06329
1.05000
1.06329
1.03797
1.07692
1.13750
1.11392
1.07595
1.06410
1.29487
1.34177
1.02532
1.02532
1.02532
1.06250
1.00000
1.02532
1.02532
0.78378
0.82667
0.84000
0.76000
0.77333
0.62667
0.98718
0.88312
0.81333
0.90909
0.96104
0.89189
1.10526
1.00000
1.00000
1.00000
1.01351
1.00000
1.00000
1.02703
1.01351
1.00000
1.00000
1.00000
1.00000
1.01333
1.01370
1.01316
1.12658
1.05063
1.10127
1.07500
1.02532
1.03797
1.01266
1.00000
1.00000
1.01266
1.00000
1.02532
1.02532
1.06329
1.01266
1.01266
1.46250
1.93590
1.93506
2.01299
2.40506
1.77215
1.96203
1.93671
1.96203
1.91250
2.70667
1.92405
1.73418
1.24051
1.77215
1.20000
1.03797
0.61538
0.36364
0.67949
1.05000
1.37975
1.70513
1.37975
1.31169
1.06329
1.12658
1.01250
1.00000
1.00000
1.00000
1.00000
1.00000
1.03797
1.01266
1.01266
1.00000
1.00000
1.00000
1.00000
1.00000
1.00000
1.00000
1.00000
1.00000
1.00000
1.00000
1.00000
1.00000
1.00000
1.00000
1.00000
1.00000
1.00000
1.00000
1.00000
1.00000
1.00000
1.00000
1.00000
1.00000
1.57692
1.00000
1.00000
1.00000
1.00000
1.01250
1.00000
1.00000
1.00000
1.00000
1.01266
1.00000
1.01266
1.00000
1.00000
9.77215
9.02532
9.83750
10.00000
10.00000
9.88608
9.73418
9.13924
9.10000
9.06410
8.89610
9.01266
9.03797
9.00000
9.00000
9.00000
9.00000
9.00000
9.00000
9.00000
53.78667
53.58228
56.30380
57.70588
57.59494
57.37975
47.33750
1.00000
1.00000
1.01250
1.00000
1.00000
1.00000
1.00000
1.01266
1.00000
1.00000
1.00000
1.01266
1.00000
1.03797
1.00000
1.01266
1.01266
1.00000
1.00000
1.00000
1.00000
1.01266
1.00000
1.00000
1.00000
1.00000
1.01266
1.00000
1.00000
1.01250
1.00000
1.01266
1.00000
1.00000
1.03750
1.05063
1.06410
1.03750
1.01266
1.00000
1.00000
1.01250
1.00000
1.00000
1.00000
1.00000
1.00000
1.00000
1.00000
1.00000
1.01250
1.01266
1.05063
1.05063
1.05063
1.00000
1.02500
1.00000
1.00000
1.02532
1.00000
1.00000
1.01250
1.01266
1.01266
1.00000
1.00000
1.00000
1.00000
1.01266
1.00000
1.01250
1.06329
1.01266
1.06329
1.03797
1.00000
1.02532
1.01266
1.00000
1.00000
1.00000
1.01266
1.03797
1.02532
1.02500
1.01266
1.01266
1.02532
1.00000
1.02532
1.03797
1.08750
1.15190
1.17722
1.15190
1.00000
1.02500
1.00000
1.03797
1.00000
1.03797
1.02532
1.03750
1.06329
1.02532
1.05063
1.05063
1.01266
1.01266
10.13924
44.62025
43.60256
46.33766
47.00000
46.55696
46.01266
45.86076
45.07500
45.01266
45.00000
44.81013
44.41026
43.97368
52.92208
56.29730
56.89474
55.20253
44.17722
44.08861
44.07595
43.75641
43.53846
54.65823
51.86250
1.02532
1.02532
1.00000
1.00000
1.00000
1.00000
1.00000
1.00000
1.00000
1.00000
1.00000
1.00000
1.00000
1.00000
1.01333
1.00000
1.01351
1.00000
1.00000
1.00000
1.00000
1.00000
1.01266
1.00000
1.05063
1.02632
1.00000
1.00000
1.00000
1.00000
1.01333
1.00000
1.00000
1.00000
1.00000
1.00000
1.00000
1.00000
1.00000
1.00000
1.01282
1.00000
1.00000
1.02532
1.02532
1.00000
1.00000
1.00000
1.01333
1.09333
1.00000
1.00000
1.00000
1.00000
1.00000
1.01351
1.00000
1.00000
1.02597
1.01266
1.00000
1.02532
1.01250
1.00000
1.00000
1.00000
1.01351
1.00000
1.00000
1.00000
1.00000
1.00000
1.00000
1.01250
1.00000
1.01266
1.00000
1.00000
1.00000
1.00000
1.01351
1.00000
1.00000
1.01351
1.01351
1.00000
1.00000
1.01266
1.05000
1.02532
1.00000
1.01299
1.00000
1.00000
1.00000
1.00000
1.00000
1.00000
1.00000
1.00000
1.00000
1.01351
38.87179
56.49367
58.13924
59.97468
59.08861
57.80000
57.07595
56.79747
56.55696
56.37975
56.01266
56.00000
56.00000
56.00000
55.97468
55.46835
55.58750
55.96203
55.98734
55.97468
55.89873
55.91139
56.00000
56.01266
56.00000
56.00000
55.94937
55.64474
55.81818
55.98734
56.02532
56.03797
56.00000
56.00000
56.00000
64.21250
65.73077
69.36709
68.30000
68.10127
68.03797
67.27848
67.98734
67.97468
68.00000
67.76316
67.97403
68.02532
68.16000
68.04054
68.00000
68.00000
68.01333
66.46667
7.88158
2.45000
1.00000
1.00000
1.00000
1.00000
1.00000
1.00000
1.00000
1.01266
1.01266
1.00000
1.00000
1.00000
1.00000
1.01266
1.02532
1.01266
1.02500
1.03797
1.00000
1.01266
1.03797
1.02532
1.07595
1.08750
1.03797
1.03797
1.01266
1.00000
1.01282
1.01250
1.00000
1.01266
1.00000
1.00000
1.01266
1.00000
1.00000
1.01266
1.01266
1.02532
1.08861
1.10127
1.13924
1.08750
1.05063
1.03797
1.05063
1.02532
1.00000
1.02532
1.02500
1.01266
1.06329
1.01266
1.02532
1.01266
1.02532
1.00000
1.03797
1.08861
1.12500
1.11392
1.05063
1.03797
1.02500
1.07595
1.02532
1.02532
1.02532
1.01266
1.00000
1.06250
1.03797
1.06329
1.02532
1.03797
1.06329
1.12500
1.12658
1.18987
1.03797
1.06329
1.02532
1.05000
1.01266
1.01266
1.05063
1.03797
1.08861
1.06250
1.05063
1.00000
1.02532
1.06329
1.05063
1.13924
1.13750
1.15190
1.10127
1.05063
1.03797
1.03797
1.02532
1.03797
1.02532
1.06250
1.00000
1.01266
1.06329
1.05063
19.17722
44.64557
44.54430
46.61250
47.00000
46.46154
45.97468
45.56250
45.02532
44.73077
43.59211
55.25000
56.25974
57.07595
50.65823
44.58228
44.86076
44.98684
44.78481
43.83544
44.18987
44.22785
44.22785
44.03797
44.05128
27.41026
1.00000
1.00000
1.00000
1.01351
1.00000
1.00000
1.00000
1.00000
1.00000
1.00000
1.00000
1.03797
1.00000
1.01250
1.02564
37.47436
45.91250
46.87342
47.05128
43.88158
17.73418
1.01282
1.02532
1.01282
1.00000
1.01266
1.01266
1.00000
1.00000
1.00000
1.00000
1.00000
1.01266
1.00000
1.00000
1.02532
1.00000
1.00000
1.00000
1.01351
1.00000
1.00000
1.02703
1.00000
1.00000
1.00000
1.00000
1.00000
1.01351
1.00000
1.00000
1.00000
1.00000
1.01351
1.00000
1.00000
1.03797
1.05063
1.03797
1.03750
1.06329
1.00000
1.01351
1.01351
1.01333
1.00000
1.01351
1.01333
1.00000
1.03896
1.06329
1.06329
1.01266
1.03896
1.00000
1.00000
1.00000
1.01333
1.04054
1.00000
1.00000
1.01351
1.00000
1.01351
1.01333
1.00000
1.00000
1.00000
1.01351
1.01351
1.02740
1.00000
1.02667
1.07500
1.05063
1.05063
1.01266
1.01266
1.02667
1.00000
1.00000
1.01333
1.01351
1.01351
1.00000
1.02703
1.00000
1.00000
1.02532
1.21519
1.20253
1.21519
1.02632
1.00000
1.01333
1.05195
1.07595
1.03797
1.08861
1.03797
1.01266
1.03797
19.13924
72.60759
70.83544
72.27500
72.03846
70.75949
69.92500
69.21519
69.00000
68.89873
68.31250
68.27848
68.20253
68.02532
68.00000
67.97468
68.00000
67.96203
67.97468
68.02532
68.08861
68.07595
68.11392
68.00000
68.01250
68.00000
68.05063
68.21519
68.06250
68.07595
68.03797
68.05063
68.10000
68.17722
59.20253
25.14103
1.11538
1.15190
1.13750
1.12658
1.15190
1.06329
1.05063
1.07595
1.10127
1.03797
1.05000
1.07595
1.01266
1.11392
1.02532
1.03797
1.07500
1.05063
1.07595
1.08861
1.03797
1.03797
1.13924
1.21250
1.21519
1.18987
1.17722
1.07595
1.08861
1.07500
1.06329
1.10127
1.06329
1.08861
1.11392
1.11392
1.03797
1.05063
1.11392
1.06329
1.08861
1.08861
1.10000
1.17722
1.13924
1.17500
1.26923
1.17500
1.07595
1.07595
1.06329
1.10000
1.12658
1.03846
1.06250
1.08861
1.06329
1.07595
1.11475
1.08861
1.08861
1.10127
1.08861
1.15000
1.32075
1.21250
1.30380
1.17722
1.10127
1.15190
1.08861
1.05000
1.20253
1.05063
1.11392
1.03797
1.06329
1.06250
1.05063
1.07595
1.01266
1.06329
1.02500
1.06329
1.07595
1.24051
1.12658
1.26582
1.25316
1.16250
1.07595
1.02532
1.06250
1.10127
1.07595
1.10127
1.06250
1.05063
1.08861
1.06329
1.03797
1.08750
7.77215
44.29487
43.58442
46.35443
46.94937
46.15190
45.98734
45.37500
45.00000
44.72152
44.46835
53.35065
56.15385
57.05063
57.13750
56.69620
56.16456
56.00000
55.92500
55.92405
56.00000
55.77215
55.58228
55.45000
55.73418
55.44304
45.18987
1.04054
1.01333
1.00000
1.00000
1.00000
1.01333
1.01351
1.01351
1.00000
1.02703
1.02703
1.01333
1.01351
1.04054
1.00000
1.01351
1.01266
1.11250
1.11392
1.13924
1.05128
1.01351
1.01351
1.01333
1.00000
1.00000
1.01333
1.01351
1.01351
1.01333
1.01351
1.02703
1.00000
1.00000
1.00000
1.01333
1.02597
1.05063
1.05063
1.02500
1.08861
1.01333
1.01351
1.00000
1.01333
1.00000
1.00000
1.01333
1.00000
1.02703
1.00000
1.02703
1.00000
1.00000
1.00000
1.00000
1.00000
1.02532
1.07595
1.03797
1.05063
1.05063
1.02703
1.00000
1.00000
1.00000
1.00000
1.04000
1.00000
1.00000
1.00000
1.00000
1.00000
1.00000
1.00000
1.01351
1.01333
1.03896
1.07595
1.05000
1.02532
1.07595
1.02632
1.00000
1.01351
1.00000
1.00000
1.00000
1.01333
1.02703
1.00000
1.00000
1.00000
1.00000
1.01351
1.00000
1.01351
1.00000
1.06329
1.06329
1.03797
1.03750
1.03797
1.00000
1.01333
1.00000
1.00000
1.01333
1.02703
1.02703
1.00000
1.00000
39.96154
43.44304
45.90000
58.21519
58.46835
59.00000
58.69620
57.45570
57.01266
58.10000
58.34177
56.98734
56.77215
56.30380
56.07500
56.01266
56.00000
56.00000
56.00000
56.01250
56.00000
56.00000
56.00000
56.00000
56.00000
55.98734
55.98750
56.00000
56.00000
55.98734
56.01250
55.97468
55.96203
55.96203
55.92500
55.93671
55.97468
56.00000
56.00000
55.98734
56.00000
55.90000
55.97468
55.98734
50.18987
19.51282
1.01266
1.07500
1.08861
1.05063
1.02532
1.02532
1.00000
1.02500
1.00000
1.01266
1.01266
1.01250
1.01266
1.02532
1.01250
1.01266
1.02532
1.00000
1.01266
1.07595
1.07595
1.06250
1.07595
1.06329
1.01266
1.01250
1.01266
1.00000
1.01266
1.02532
1.01266
1.02500
1.00000
1.00000
1.00000
1.02532
1.00000
1.01266
1.01266
1.05063
1.03750
1.11392
1.08861
1.06329
1.01266
1.03797
1.01250
1.03797
1.02532
1.00000
1.01266
1.05063
1.02500
1.02532
1.02532
1.01266
1.01250
1.03797
1.08861
1.07595
1.07500
1.03797
1.02500
1.01266
1.01266
1.00000
1.01250
1.01266
1.01266
1.03797
1.01266
1.00000
1.00000
1.00000
1.01266
1.01266
1.03797
1.06329
1.05063
1.10127
1.05063
1.05000
1.01266
1.00000
1.02532
1.02500
1.00000
1.00000
1.01266
1.00000
1.01250
1.01266
1.05063
1.01250
1.02532
1.00000
1.03797
1.08861
1.10127
1.10127
1.01266
1.02532
1.01250
1.02532
1.06329
44.83333
55.51948
57.98734
59.68354
59.10127
58.13750
57.37975
56.91139
56.43038
55.04000
55.98734
52.29114
44.36709
44.40506
44.44304
44.27848
16.85897
1.00000
1.00000
1.00000
1.00000
1.00000
1.01333
1.00000
1.01299
1.01266
1.02532
1.02532
1.08750
1.10127
1.11392
1.02597
1.00000
1.00000
1.01316
1.03797
1.02532
1.01266
1.03797
1.05063
1.06250
1.01266
1.02532
1.00000
1.00000
1.00000
1.00000
1.00000
1.00000
1.00000
1.00000
1.00000
1.00000
1.01333
1.00000
1.00000
1.00000
1.02532
1.05063
1.03797
1.01250
1.07595
1.00000
1.00000
1.00000
1.00000
1.00000
1.00000
1.00000
1.00000
1.00000
1.00000
1.00000
1.00000
1.00000
1.01282
1.02500
1.00000
1.01266
1.02564
1.00000
1.01351
1.00000
1.01333
1.00000
1.00000
1.01333
1.02703
1.00000
1.00000
1.00000
1.00000
1.00000
1.02632
1.06329
1.05063
1.01250
1.03797
1.00000
1.00000
1.00000
1.00000
1.00000
1.00000
1.00000
1.00000
1.00000
1.00000
1.00000
1.00000
1.00000
1.00000
1.01266
1.01266
1.01266
1.03750
1.02632
1.00000
1.00000
1.00000
1.00000
1.00000
1.00000
1.00000
1.01351
1.01351
1.00000
1.00000
1.00000
1.02667
1.00000
1.01266
1.02532
1.05000
1.01333
1.00000
1.01351
1.01351
1.00000
1.00000
1.00000
1.00000
1.00000
1.00000
4.61333
44.07595
43.51899
46.00000
46.94737
46.30667
45.80263
45.07595
45.00000
44.96203
44.70886
44.41772
44.27848
44.23077
44.00000
44.00000
44.00000
44.01266
43.98684
44.00000
44.00000
44.00000
44.00000
52.16883
56.07595
56.24051
56.88608
56.11250
56.03797
56.02532
56.11392
56.07595
56.00000
56.01266
56.01266
56.00000
56.07595
56.03797
47.26250
44.00000
44.02532
44.01266
44.00000
44.01266
44.00000
44.00000
44.00000
43.89873
43.97468
43.93671
43.73418
43.62500
43.67089
43.69737
43.37333
43.72000
43.70270
43.48000
43.73077
20.54430
1.02532
1.02532
1.01250
1.01266
1.00000
1.02532
1.00000
1.01266
1.03797
1.00000
1.03797
1.05063
1.03797
1.10127
1.01266
1.01266
1.03750
1.00000
1.02532
1.00000
1.01266
1.01266
1.00000
1.01266
1.00000
1.02532
1.00000
1.05063
1.08861
1.08750
1.07595
1.02532
1.00000
1.02532
1.03750
1.00000
1.00000
1.03797
1.02532
1.02532
1.03750
1.01266
1.00000
1.02532
1.02532
1.05000
1.06329
1.07595
1.02532
1.06329
1.03750
1.00000
1.05063
1.02532
1.02532
1.02532
1.01266
1.02532
1.01266
1.00000
1.00000
1.05063
1.03797
1.02532
1.03797
1.10127
1.02500
1.00000
1.01266
1.01266
1.02532
1.02532
1.01250
1.01266
3.93671
43.59494
43.95000
46.58228
47.00000
46.10127
45.91026
45.14286
44.56579
52.15584
56.26923
56.73750
57.00000
56.46835
55.88608
55.22785
55.01266
55.02500
55.00000
55.06329
55.24051
55.84810
56.11392
56.11250
55.81013
55.54430
55.25316
55.20253
55.30380
55.26582
55.52564
36.53165
9.00000
9.00000
8.86076
9.00000
9.00000
9.00000
9.00000
9.00000
9.00000
9.00000
9.00000
9.00000
9.00000
9.00000
9.00000
6.33333
1.00000
1.00000
1.00000
1.00000
1.01351
1.00000
1.00000
1.02500
1.05063
1.07792
1.01333
1.02703
1.04054
1.01333
1.00000
1.00000
1.01351
1.00000
1.00000
1.00000
1.00000
1.00000
1.03797
1.05000
1.02564
1.00000
1.00000
1.00000
1.00000
1.00000
1.00000
1.02667
1.00000
1.00000
1.00000
1.00000
1.01299
1.03797
1.02532
1.05063
1.01316
1.00000
1.01351
1.01333
1.00000
1.01351
1.00000
1.00000
1.00000
1.00000
1.00000
1.01299
1.01266
1.02532
1.03797
1.01316
1.00000
1.01351
1.00000
1.00000
1.00000
1.00000
1.00000
1.00000
1.00000
1.00000
1.01282
1.05063
1.01266
1.01266
1.00000
1.01351
1.00000
1.00000
1.01333
1.00000
1.00000
1.00000
1.00000
1.00000
1.00000
1.02667
1.03797
1.02500
1.02564
1.00000
1.01333
1.00000
1.00000
1.00000
1.00000
1.00000
1.01333
1.00000
1.00000
1.00000
1.00000
42.12821
42.98734
45.93671
46.97468
46.25316
46.00000
45.32911
44.86250
44.26582
44.01266
44.00000
44.00000
44.00000
44.00000
44.00000
44.00000
44.00000
44.00000
53.05000
56.45570
57.13924
57.25316
56.72500
56.17722
55.32895
56.06250
56.05063
55.96203
55.78481
55.78750
55.97468
56.08861
56.01266
56.00000
58.20253
70.87342
69.31646
69.00000
68.97468
68.81013
68.51899
68.26582
68.40506
68.30000
68.25316
68.06329
68.02500
68.02564
68.02532
68.00000
68.08861
68.06329
68.10000
68.03797
68.17722
68.56962
68.50633
68.64557
68.48750
68.06329
68.29114
45.77215
45.00000
45.00000
45.00000
16.42857
1.00000
1.02532
1.01316
1.00000
1.00000
1.00000
1.00000
1.00000
1.00000
1.00000
1.00000
1.00000
1.02532
1.00000
1.00000
1.00000
1.00000
1.00000
1.01282
1.01250
1.01266
1.00000
1.00000
1.02532
1.00000
1.01266
1.00000
1.00000
1.01250
1.01266
1.00000
1.03797
1.03750
1.05063
1.08861
1.12658
1.11392
1.03750
1.00000
1.00000
1.02532
1.02532
1.02532
1.00000
1.00000
1.02532
1.00000
1.01266
1.03797
1.02532
1.01266
1.11392
1.08750
1.06329
1.03797
1.02532
1.03750
1.02532
1.01266
1.00000
1.02532
1.01266
1.02532
1.01266
1.05000
1.03797
1.00000
1.03797
1.11392
1.10127
1.06329
1.07595
1.00000
1.00000
1.02500
1.00000
1.07595
1.01266
1.03797
1.00000
1.02532
1.03750
1.02532
1.00000
1.01266
1.11392
1.16456
1.05063
1.08750
1.03797
1.05063
1.02532
1.02564
29.24675
44.26250
45.35443
46.74324
50.97468
58.81013
57.37975
57.80000
57.00000
56.81013
56.53165
56.11392
56.05063
56.00000
56.00000
56.00000
56.03750
56.00000
55.93671
56.00000
56.10127
55.53846
55.71250
56.03797
56.01266
52.67089
3.74684
1.05063
1.05000
1.02564
1.00000
1.00000
1.00000
1.01282
1.05000
1.70886
1.35443
1.00000
1.00000
1.01333
1.00000
1.00000
1.00000
1.01282
1.02532
1.08861
1.05063
1.05195
29.94737
45.93421
46.50000
47.46053
20.15584
0.98734
1.00000
1.00000
1.00000
1.00000
1.00000
1.00000
1.03750
1.13924
1.03797
1.02532
1.01266
0.00000
0.19481
0.13924
2.21519
47.32911
60.32911
61.40506
60.35443
59.60759
58.62338
57.90909
56.98734
56.74684
56.25000
56.05063
57.00000
56.96154
57.15385
56.93506
56.80769
56.96104
56.56410
56.47436
56.67089
56.82051
1.22368
0.43243
0.73333
0.69737
32.44000
59.18987
59.84810
59.69620
58.48101
57.31250
57.65823
56.92308
56.55128
56.26923
56.07692
55.78205
55.56250
55.91139
56.00000
56.00000
56.00000
21.51899
9.01250
2.17722
1.03797
1.18987
1.00000
1.00000
1.00000
0.98734
1.00000
1.01299
1.26316
1.00000
1.00000
1.00000
1.00000
1.00000
1.00000
1.00000
1.01266
1.00000
1.01266
1.03846
1.00000
1.00000
1.00000
1.00000
42.15385
58.40506
59.82278
60.05063
59.13750
58.31646
57.56962
56.83117
56.93671
56.87342
56.78750
56.31646
56.22500
56.41772
56.21519
56.96203
57.00000
56.98734
56.98734
56.94937
56.97500
57.00000
56.98734
57.00000
57.02500
57.00000
57.13924
57.29114
57.43038
57.74684
57.18987
57.34177
57.72500
57.27848
57.00000
57.37975
57.31646
57.55000
57.36709
57.01266
35.58228
1.03797
1.07595
1.03750
1.00000
1.00000
1.00000
1.03797
1.00000
1.00000
1.00000
1.00000
1.00000
1.00000
1.00000
1.00000
1.00000
1.00000
1.01282
1.03750
1.01266
1.01316
1.00000
1.00000
1.00000
1.00000
1.01266
1.02532
1.00000
1.00000
1.00000
1.07595
1.15190
1.17500
1.05063
1.05063
1.02532
1.03797
1.08861
1.02532
1.08750
1.02532
1.05063
1.07595
1.03797
1.03797
1.13924
1.18987
1.15190
1.16456
1.10127
1.01266
1.08861
1.06250
1.02532
1.06329
1.05063
1.01266
1.05000
1.06329
1.05063
1.06329
1.03797
1.20000
1.18987
1.12658
1.08861
1.11250
1.06410
1.05063
1.02500
1.05063
1.10127
1.06329
1.10127
1.08750
1.05063
1.13924
1.24051
1.21519
1.12658
1.10000
1.08861
1.06329
1.05000
1.06329
1.07595
1.06329
1.03797
1.10000
1.06329
1.02532
1.07595
1.18987
1.27848
1.24051
1.06494
1.06757
1.16456
1.11392
4.05063
43.29487
44.00000
51.73333
59.26316
58.92308
59.16456
59.00000
57.54430
24.74684
1.03797
1.06329
1.06329
1.11392
1.10127
1.10000
1.07595
1.01266
1.03797
1.21519
1.13924
1.17500
1.13924
1.02532
1.01266
1.03797
1.02532
1.02500
1.00000
1.03797
1.03846
1.08750
1.07595
1.00000
1.01250
1.01266
1.01266
1.00000
1.30000
38.47436
45.58108
47.00000
47.00000
46.31646
46.06329
45.62025
45.00000
45.00000
44.91139
44.83544
44.97468
44.90000
44.96203
44.93671
9.84000
1.24000
1.02632
1.10127
1.08861
1.27500
1.17722
1.18987
1.00000
1.01333
1.00000
1.06329
1.08861
1.05063
1.03797
1.01250
1.03797
1.05063
1.00000
1.00000
1.19737
1.02632
1.02703
1.02703
1.02667
1.01351
1.02667
1.11250
1.03797
1.07595
1.01266
1.00000
1.00000
1.20513
1.00000
1.00000
1.01333
1.00000
1.01351
1.02532
1.03797
1.01266
1.02564
1.01351
1.00000
1.01351
1.00000
1.00000
1.02703
1.01351
1.02667
1.02703
1.01351
1.01333
1.02703
1.02564
1.03797
1.02532
1.03750
1.02703
1.02703
1.01351
1.01333
1.01351
1.00000
1.01351
1.00000
1.02703
1.00000
1.01333
1.16456
0.62338
0.60759
0.53247
0.76923
0.98734
1.01266
1.05063
1.02500
1.01266
1.03797
1.02532
1.03797
0.91139
18.30263
44.77500
45.71429
47.55263
47.28205
46.98684
45.56962
44.62025
46.02532
45.68354
44.97436
15.17722
11.41772
10.25316
9.98734
9.81013
9.70886
9.55000
9.35443
9.64557
9.05000
9.00000
9.01266
9.00000
9.01266
9.02500
9.22785
9.22785
9.00000
9.00000
9.00000
9.00000
9.00000
9.00000
9.00000
9.00000
9.00000
9.00000
9.00000
9.00000
9.00000
8.98734
8.97468
9.00000
9.00000
9.00000
9.00000
9.00000
9.00000
8.98734
9.00000
9.06250
9.73418
9.44304
9.78481
9.72152
1.58228
1.59494
1.26250
1.11392
1.00000
1.03750
1.02532
1.03797
1.03797
1.05063
1.02532
1.01250
1.03797
1.06329
1.08861
1.07595
1.05000
1.11392
1.11392
1.12658
1.10127
1.02500
1.05063
1.00000
1.03797
1.03797
1.06329
1.01266
1.05000
1.03797
1.03797
1.05063
1.03797
1.06329
1.07500
1.13924
1.17722
1.17722
1.08861
1.05063
1.03750
1.03797
1.08861
1.01266
1.11392
1.07595
1.08750
1.05063
1.05063
1.10127
1.08861
1.03797
1.12658
1.20000
1.15190
1.21519
1.05063
1.06329
1.02532
1.07500
1.07595
1.03797
1.12658
1.07595
1.05063
1.06250
1.05063
1.07595
1.10127
1.05063
1.06329
1.20253
1.25000
1.25316
1.18987
1.10127
1.06329
1.10000
1.06329
1.10127
1.10127
1.05063
1.18987
1.26582
1.21250
1.13924
1.06329
1.05063
1.08861
1.08750
1.12658
1.05063
1.07595
1.10127
1.07500
1.07595
1.07595
1.06329
1.05063
1.12658
1.05063
1.05000
1.06579
1.07595
1.12658
34.81579
43.19737
44.83333
46.44304
47.00000
46.60759
36.06410
1.00000
1.01351
1.09091
1.10127
1.16250
1.01316
1.00000
1.04054
1.02703
1.04000
1.01351
1.01351
1.00000
1.02703
1.00000
1.04000
1.01351
1.01351
1.00000
1.00000
1.02740
1.05405
1.03846
1.11392
1.11392
1.10127
1.01316
1.00000
1.01351
1.00000
1.01351
1.00000
1.00000
1.03896
1.01266
1.06329
1.02632
1.01333
1.01370
1.02703
1.00000
1.00000
1.01351
1.02667
1.00000
1.00000
1.01333
1.01351
1.00000
1.00000
1.01351
1.02703
1.02667
1.08000
1.03797
1.02532
1.03750
1.02564
1.00000
1.00000
1.00000
1.01333
1.00000
1.02667
1.00000
1.02703
1.07500
1.03797
1.06329
1.00000
1.00000
1.00000
1.01351
1.02667
1.00000
1.00000
1.00000
1.00000
1.00000
1.01333
1.01351
1.02703
1.00000
1.00000
1.00000
1.02632
1.06329
1.02532
1.07500
1.03846
1.00000
1.00000
1.00000
1.01351
1.00000
1.00000
1.00000
1.01351
1.00000
1.06329
1.06329
1.02532
1.04000
1.00000
1.02667
1.00000
1.01351
1.00000
1.00000
1.00000
1.01370
1.02941
1.01351
1.01333
1.00000
1.00000
1.00000
1.01351
1.10256
1.03797
1.02532
1.02532
1.00000
1.00000
1.00000
1.01333
1.00000
1.00000
1.01333
1.00000
1.00000
1.00000
1.00000
1.01351
1.02597
1.05063
1.02532
1.01266
1.01316
1.00000
1.01351
1.00000
1.00000
1.00000
1.00000
1.01351
1.00000
1.00000
40.43038
43.18987
54.29114
69.37975
70.83333
70.89873
70.31646
69.70000
69.02532
68.93671
68.66667
68.30769
68.16667
68.03846
68.00000
68.00000
66.07692
4.32051
1.00000
1.01266
1.01282
1.02564
1.02564
1.10127
1.03750
1.03797
1.03797
1.00000
1.02564
1.03797
1.02564
1.00000
1.02564
1.01282
1.01282
1.00000
1.00000
1.02564
1.03797
1.01282
1.05063
1.03797
1.05063
1.07500
1.08861
1.05128
1.02564
1.00000
1.03846
1.01282
1.01282
1.05063
1.02564
1.03846
1.05063
1.01282
1.02564
1.05063
1.01282
1.16456
1.13924
1.02532
1.10127
1.01266
1.05128
1.06410
1.05128
1.01266
1.02564
1.01282
1.01282
1.02564
1.03846
1.02532
1.12658
1.05000
1.10127
1.05063
1.05128
1.01282
1.06494
1.01266
1.02532
1.05128
1.03797
1.01282
1.02564
1.02564
1.03797
1.02564
1.00000
1.06410
1.03797
1.12658
1.10127
1.08861
1.18750
1.26582
1.30380
1.36709
1.01282
1.02564
1.03846
1.15190
1.08750
1.20253
1.13750
1.11392
1.11392
1.17722
7.73418
57.18421
56.46753
60.02532
59.78205
58.85897
58.08861
57.05128
56.96154
56.55128
56.00000
55.94872
55.83750
55.98734
56.01266
56.03797
56.12821
56.10127
56.24359
56.41772
56.26923
56.43590
56.28205
56.21795
53.32051
43.44595
15.26582
1.01282
1.01266
1.00000
1.00000
1.00000
1.00000
1.00000
1.00000
1.00000
1.00000
1.00000
1.01250
1.00000
1.01266
1.00000
1.05195
1.05000
1.05063
1.03797
1.00000
1.00000
1.00000
1.01250
1.00000
1.00000
1.02532
1.02564
1.02564
1.00000
1.03797
1.08974
1.11250
1.05063
1.10127
1.03846
1.02564
1.02564
1.01266
1.00000
1.05128
1.00000
1.02564
1.01282
1.05128
1.02532
1.11392
1.05000
1.07595
1.08861
1.01282
1.01282
1.01282
1.00000
1.00000
1.07692
1.01282
1.01282
1.00000
1.02532
1.03846
1.01282
1.07595
1.07595
1.05000
1.03797
1.02564
1.01282
1.02564
1.00000
1.03797
1.00000
1.00000
1.00000
1.02564
1.03797
1.01282
1.08750
1.10127
1.08861
1.01266
1.08861
1.01282
1.01282
1.00000
1.00000
1.01282
1.00000
1.01266
1.01266
1.03846
1.00000
1.03797
1.07595
1.01266
1.08861
1.00000
1.00000
1.01282
1.00000
1.01282
1.01282
1.03797
1.01282
1.00000
1.00000
1.02564
1.01266
1.06329
1.03797
1.05000
1.05128
1.01282
1.01282
1.00000
1.03846
1.00000
1.03797
1.01282
1.01282
1.00000
0.00000
0.00000
0.00000
0.00000
0.00000
0.00000
0.00000
0.00000
0.00000
0.00000
0.00000
0.00000
0.00000
0.00000
0.00000
0.00000
0.00000
0.00000
0.00000
0.00000
0.00000
0.00000
0.00000
0.00000
0.00000
0.00000
0.00000
0.00000
0.00000
0.00000
0.00000
0.00000
0.00000
0.00000
0.00000
0.00000
0.00000
0.00000
0.00000
0.00000
0.00000
0.00000
0.00000
0.00000
0.00000
0.00000
0.00000
0.00000
0.00000
0.00000
0.00000
0.00000
0.00000
0.00000
0.00000
0.00000
0.00000
0.00000
0.00000
0.00000
0.00000
0.00000
0.00000
0.00000
0.00000
0.00000
0.00000
0.00000
0.00000
0.00000
0.00000
0.00000
0.00000
0.00000
0.00000
0.00000
0.00000
0.00000
0.00000
0.00000
0.00000
0.00000
0.00000
0.00000
0.00000
0.00000
0.00000
0.00000
0.00000
0.00000
0.00000
0.00000
0.00000
0.00000
0.00000
0.00000
0.00000
0.00000
0.00000
0.00000
0.00000
0.00000
0.00000
0.00000
0.00000
0.00000
0.00000
0.00000
0.00000
0.00000
0.00000
0.00000
0.00000
0.00000
0.00000
0.00000
0.00000
0.00000
0.00000
0.00000
0.00000
0.00000
0.00000
0.00000
0.00000
0.00000
0.00000
0.00000
0.00000
0.00000
0.00000
0.00000
0.00000
0.00000
0.00000
0.00000
0.00000
0.00000
0.00000
0.00000
0.00000
0.00000
0.00000
0.00000
0.00000
0.00000
0.00000
0.00000
0.00000
0.00000
0.00000
0.00000
0.00000
0.00000
0.00000
0.00000
0.00000
0.00000
0.00000
0.00000
0.00000
0.00000
0.00000
0.00000
0.00000
0.00000
0.00000
0.00000
0.00000
0.00000
0.00000
0.00000
0.00000
0.00000
0.00000
0.00000
0.00000
0.00000
0.00000
0.00000
0.00000
0.00000
0.00000
0.00000
0.00000
0.00000
0.00000
0.00000
0.00000
0.00000
0.00000
0.00000
0.00000
0.00000
0.00000
0.00000
0.00000
0.00000
0.00000
0.00000
0.00000
0.00000
0.00000
0.00000
0.00000
0.00000
0.00000
0.00000
0.00000
0.00000
0.00000
0.00000
0.00000
0.00000
0.00000
0.00000
0.00000
0.00000
0.00000
0.00000
0.00000
0.00000
0.00000
0.00000
0.00000
0.00000
0.00000
0.00000
0.00000
0.00000
0.00000
0.00000
0.00000
0.00000
0.00000
0.00000
0.00000
0.00000
0.00000
0.00000
0.00000
0.00000
0.00000
0.00000
0.00000
0.00000
0.00000
0.00000
0.00000
0.00000
0.00000
0.00000
0.00000
0.00000
0.00000
0.00000
0.00000
0.00000
0.00000
0.00000
0.00000
0.00000
0.00000
0.00000
0.00000
0.00000
0.00000
0.00000
0.00000
0.00000
0.00000
0.00000
0.00000
0.00000
0.00000
0.00000
0.00000
0.00000
0.00000
0.00000
0.00000
0.00000
0.00000
0.00000
0.00000
0.00000
0.00000
0.00000
0.00000
0.00000
0.00000
0.00000
0.00000
0.00000
0.00000
0.00000
0.00000
0.00000
0.00000
0.00000
0.00000
0.00000
0.00000
0.00000
0.00000
0.00000
0.00000
0.00000
0.00000
0.00000
0.00000
0.00000
0.00000
0.00000
0.00000
0.00000
0.00000
0.00000
0.00000
0.00000
0.00000
0.00000
0.00000
0.00000
0.00000
0.00000
0.00000
0.00000
0.00000
0.00000
0.00000
0.00000
0.00000
0.00000
0.00000
0.00000
0.00000
0.00000
0.00000
0.00000
0.00000
0.00000
0.00000
0.00000
0.00000
0.00000
0.00000
0.00000
0.00000
0.00000
0.00000
0.00000
0.00000
0.00000
0.00000
0.00000
0.00000
0.00000
0.00000
0.00000
0.00000
0.00000
0.00000
0.00000
0.00000
0.00000
0.00000
0.00000
0.00000
0.00000
0.00000
0.00000
0.00000
0.00000
0.00000
0.00000
0.00000
0.00000
0.00000
0.00000
0.00000
0.00000
0.00000
0.00000
0.00000
0.00000
0.00000
0.00000
0.00000
0.00000
0.00000
0.00000
0.00000
0.00000
0.00000
0.00000
0.00000
0.00000
0.00000
0.00000
0.00000
0.00000
0.00000
0.00000
0.00000
0.00000
0.00000
0.00000
0.00000
0.00000
0.00000
0.00000
0.00000
0.00000
0.00000
0.00000
0.00000
0.00000
0.00000
0.00000
0.00000
0.00000
0.00000
0.00000
0.00000
0.00000
0.00000
0.00000
0.00000
0.00000
0.00000
0.00000
0.00000
0.00000
0.00000
0.00000
0.00000
0.00000
0.00000
0.00000
0.00000
0.00000
0.00000
0.00000
0.00000
0.00000
0.00000
0.00000
0.00000
0.00000
0.00000
0.00000
0.00000
0.00000
0.00000
0.00000
0.00000
0.00000
0.00000
0.00000
0.00000
0.00000
0.00000
0.00000
0.00000
0.00000
0.00000
0.00000
0.00000
0.00000
0.00000
0.00000
0.00000
0.00000
0.00000
0.00000
0.00000
0.00000
0.00000
0.00000
0.00000
0.00000
0.00000
0.00000
0.00000
0.00000
0.00000
0.00000
0.00000
0.00000
0.00000
0.00000
0.00000
0.00000
0.00000
0.00000
0.00000
0.00000
0.00000
0.00000
0.00000
0.00000
0.00000
0.00000
0.00000
0.00000
0.00000
0.00000
0.00000
0.00000
0.00000
0.00000
0.00000
0.00000
0.00000
0.00000
0.00000
0.00000
0.00000
0.00000
0.00000
0.00000
0.00000
0.00000
0.00000
0.00000
0.00000
0.00000
0.00000
0.00000
0.00000
0.00000
0.00000
0.00000
0.00000
0.00000
0.00000
0.00000
0.00000
0.00000
0.00000
0.00000
0.00000
0.00000
0.00000
0.00000
0.00000
0.00000
0.00000
0.00000
0.00000
0.00000
0.00000
0.00000
0.00000
0.00000
0.00000
0.00000
0.00000
0.00000
0.00000
0.00000
0.00000
0.00000
0.00000
0.00000
0.00000
0.00000
0.00000
0.00000
0.00000
0.00000
0.00000
0.00000
0.00000
0.00000
0.00000
0.00000
0.00000
0.00000
0.00000
0.00000
0.00000
0.00000
0.00000
0.00000
0.00000
0.00000
0.00000
0.00000
0.00000
0.00000
0.00000
0.00000
0.00000
0.00000
0.00000
0.00000
0.00000
0.00000
0.00000
0.00000
0.00000
0.00000
0.00000
0.00000
0.00000
0.00000
0.00000
0.00000
0.00000
0.00000
0.00000
0.00000
0.00000
0.00000
0.00000
0.00000
0.00000
0.00000
0.00000
0.00000
0.00000
0.00000
0.00000
0.00000
0.00000
0.00000
0.00000
0.00000
0.00000
0.00000
0.00000
0.00000
0.00000
0.00000
0.00000
0.00000
0.00000
0.00000
0.00000
0.00000
0.00000
0.00000
0.00000
0.00000
0.00000
0.00000
0.00000
0.00000
0.00000
0.00000
0.00000
0.00000
0.00000
0.00000
0.00000
0.00000
0.00000
0.00000
0.00000
0.00000
0.00000
0.00000
0.00000
0.00000
0.00000
0.00000
0.00000
0.00000
0.00000
0.00000
0.00000
0.00000
0.00000
0.00000
0.00000
0.00000
0.00000
0.00000
0.00000
0.00000
0.00000
0.00000
0.00000
0.00000
0.00000
0.00000
0.00000
0.00000
0.00000
0.00000
0.00000
0.00000
0.00000
0.00000
0.00000
0.00000
0.00000
0.00000
0.00000
0.00000
0.00000
0.00000
0.00000
0.00000
0.00000
0.00000
0.00000
0.00000
0.00000
0.00000
0.00000
0.00000
0.00000
0.00000
0.00000
0.00000
0.00000
0.00000
0.00000
0.00000
0.00000
0.00000
0.00000
0.00000
0.00000
0.00000
0.00000
0.00000
0.00000
0.00000
0.00000
0.00000
0.00000
0.00000
0.00000
0.00000
0.00000
0.00000
0.00000
0.00000
0.00000
0.00000
0.00000
0.00000
0.00000
0.00000
0.00000
0.00000
0.00000
0.00000
0.00000
0.00000
0.00000
0.00000
0.00000
0.00000
0.00000
0.00000
0.00000
0.00000
0.00000
0.00000
0.00000
0.00000
0.00000
0.00000
0.00000
0.00000
0.00000
0.00000
0.00000
0.00000
0.00000
0.00000
0.00000
0.00000
0.00000
0.00000
0.00000
0.00000
0.00000
1.00000
1.01266
1.05063
1.00000
1.01266
1.06250
1.06410
1.02500
1.01266
1.01266
1.01266
1.01266
1.08861
1.15000
1.07595
1.08861
1.00000
1.05063
1.03797
1.02532
1.03797
1.02532
1.01266
1.01250
1.06329
1.12658
1.07595
1.01266
1.03750
1.01266
1.02532
1.02532
1.06329
1.02532
1.05063
1.01250
1.05063
1.01266
1.01266
1.12658
1.08861
1.10127
1.05063
1.01266
1.01266
1.01266
1.02500
1.01266
1.02532
1.03797
1.01266
1.01266
1.13924
1.08861
1.05063
1.01266
1.00000
1.00000
1.01266
1.03750
1.00000
1.05063
1.02532
1.06329
1.00000
1.01266
1.01266
1.07595
1.10000
1.27848
1.15190
1.15190
1.02532
1.02532
1.00000
1.10127
1.07595
1.02500
1.07595
1.03797
1.07595
1.06329
1.02532
1.01250
1.00000
1.00000
1.00000
1.03797
1.01266
1.00000
1.02532
1.00000
1.01266
1.03797
1.08861
1.07595
1.03797
1.05063
1.01250
1.00000
1.00000
1.02532
1.01266
1.01266
1.00000
1.02532
1.06250
1.01266
1.06329
1.05063
1.10127
1.06329
1.05000
1.02532
1.02532
58.55696
71.40506
69.16456
70.16456
71.05000
71.10127
69.81013
68.91139
68.97500
68.46835
68.12658
68.01266
68.03797
68.01266
68.03797
68.01266
67.93671
68.00000
68.00000
67.98734
67.98734
67.93671
67.95000
67.93671
68.00000
67.97468
67.77215
67.37975
67.58228
18.78481
1.01250
1.01266
1.00000
1.00000
1.02532
1.03797
1.03797
1.05063
1.02500
1.03797
1.01266
1.01266
1.00000
1.00000
1.01266
1.00000
1.01250
1.02532
1.05063
1.07595
1.13750
1.11392
1.01266
1.01266
1.03797
1.06329
1.01266
1.01250
1.02532
1.00000
1.00000
1.00000
1.02532
1.00000
1.08750
1.09091
1.08750
1.03797
1.05063
1.01266
1.03797
1.02532
1.03797
1.03846
1.01961
1.04762
1.06329
1.02532
1.02532
1.07500
1.11392
1.10127
1.05063
1.03750
1.02532
1.02532
1.01266
1.02532
1.02500
1.00000
1.02532
1.03797
1.02500
1.02532
1.12658
1.12658
1.07595
1.03797
1.06250
1.05063
1.05063
1.08861
1.01266
1.02500
1.03797
1.05063
1.05063
1.03797
1.03797
1.08861
1.15000
1.20253
1.15190
1.07595
1.02532
1.02532
1.01250
1.00000
1.03797
1.02532
1.03797
1.01266
1.00000
1.07595
1.05000
1.13924
1.06329
1.17722
1.02532
1.06329
1.10127
1.02532
1.03797
1.02532
1.01266
1.02532
1.03750
1.02532
1.18987
1.21519
1.08861
1.02564
1.01333
1.06494
1.05063
1.01266
1.06329
1.05000
1.02532
1.01333
1.01351
1.00000
1.52632
1.60256
1.12500
1.03797
1.01266
1.02597
1.00000
1.00000
1.01299
1.00000
1.01351
1.00000
1.01333
1.01351
1.02532
1.06329
1.06329
1.00000
1.02667
1.02564
1.00000
1.00000
1.00000
1.01250
1.00000
1.01316
1.02703
1.01333
1.01351
1.00000
1.01299
0.41772
0.82051
0.67089
0.67532
0.65333
0.85333
1.00000
1.01351
1.01333
1.02703
1.00000
1.00000
1.01351
1.00000
1.05333
1.01282
1.02500
1.05063
1.09211
1.00000
1.02667
1.01282
1.00000
1.02667
1.01351
1.00000
1.00000
1.00000
1.00000
1.01316
1.03797
1.03750
1.03797
1.01351
1.00000
1.00000
1.00000
1.01351
1.01351
1.02667
1.01351
1.01351
1.00000
1.00000
1.01351
1.05063
1.01266
1.03797
1.03896
1.01351
1.01351
1.00000
1.00000
1.46154
1.00000
1.00000
1.00000
1.00000
29.79221
56.21519
55.94937
59.48101
59.35443
58.54430
58.00000
57.55000
57.00000
56.54430
56.53165
56.27848
56.22785
56.21519
37.06329
11.71250
10.32911
9.98734
9.21519
9.03797
9.00000
9.00000
9.00000
9.00000
9.05063
9.07595
9.06329
9.00000
9.00000
9.00000
9.01266
9.07595
9.06250
9.01266
9.02532
9.05063
9.18987
9.02500
9.00000
9.01266
9.02532
9.00000
9.00000
9.00000
9.00000
9.00000
9.00000
9.00000
9.00000
9.00000
9.00000
9.00000
9.02532
9.00000
11.72152
21.48101
21.37500
33.58228
38.08861
37.92500
37.06329
37.00000
36.56962
36.01266
36.00000
36.00000
36.00000
36.00000
19.64557
5.51899
1.79747
1.17722
1.08861
1.12658
1.07595
1.07500
1.03797
1.01266
1.00000
1.05063
1.01266
1.03750
1.02532
1.03797
1.03797
1.03797
1.02532
1.02500
1.01266
1.02532
1.13924
1.21519
1.12658
1.05000
1.05063
1.06329
1.02532
1.06329
1.02532
1.06329
1.05000
1.02532
1.11392
1.01266
1.10127
1.11392
1.13924
1.17722
1.11250
1.06329
1.02532
1.02532
1.03750
1.01266
1.03797
1.01266
1.07595
1.05063
1.06329
1.08750
1.11392
1.16456
1.21250
1.13924
1.07595
1.07595
1.08861
1.03797
1.06329
1.02500
1.06329
1.02532
1.02532
1.05063
1.08861
1.20253
1.17722
1.12658
1.10127
1.02500
1.02532
1.06329
1.02532
1.07595
1.05063
1.01250
1.03846
1.07500
1.02532
1.02532
1.06329
1.17722
1.13924
1.13924
1.06329
1.03750
1.06329
1.13924
1.05063
1.12658
1.05063
1.07595
1.06329
1.18750
1.24359
1.23750
1.12658
1.08861
1.10127
1.02500
1.11538
1.02532
1.06250
1.00000
1.04054
1.05333
1.02703
1.06250
1.07595
1.17722
1.29114
1.89873
18.61538
44.36000
44.08750
46.49367
46.96203
46.29114
46.15190
45.78481
45.53165
45.07595
45.00000
44.97468
44.75949
44.71250
47.41558
57.26582
56.72152
57.41772
57.00000
56.31169
56.32911
56.27848
56.05063
56.08861
56.01250
56.00000
56.03797
55.89744
56.08861
56.02500
56.02532
56.03797
56.02500
21.05128
9.00000
9.07895
9.04054
9.05263
9.05000
9.05063
9.02532
9.00000
9.00000
9.00000
9.00000
8.49367
9.00000
9.00000
9.00000
9.00000
9.00000
9.44156
9.87013
10.01282
10.08974
9.96154
9.86076
9.91026
9.45455
9.30769
9.25641
9.25641
8.65823
9.00000
8.34177
9.00000
9.00000
5.21795
1.01351
1.00000
1.00000
1.00000
1.00000
1.04000
1.01351
1.01333
1.02703
1.00000
1.06494
1.05000
1.10127
1.03797
1.02703
1.02703
1.01351
1.00000
1.02703
1.01351
1.00000
1.02703
1.01351
1.01333
1.01351
1.02703
1.01282
1.07595
1.03797
1.02532
1.01351
1.01351
1.01333
1.00000
1.00000
1.01333
1.02667
1.07595
1.07500
1.00000
1.00000
1.21519
1.01333
1.00000
1.00000
1.00000
1.01351
1.00000
1.04000
1.01351
1.01351
1.10390
1.05063
1.02532
1.03797
1.00000
1.00000
1.00000
1.00000
1.01351
1.04000
0.78378
0.61333
0.77333
0.94595
1.01351
1.00000
5.00000
43.87342
50.59494
58.58228
59.97468
59.87500
58.74684
58.03797
57.43038
57.01250
56.78481
56.72152
56.32911
56.25000
56.08974
52.69737
45.58442
45.50633
45.65385
45.77922
45.75325
45.56962
45.50000
45.50000
45.48052
13.10667
0.78667
0.55128
0.51899
1.00000
1.03896
1.00000
1.00000
1.00000
1.01316
1.00000
1.00000
1.00000
1.00000
1.00000
1.03750
1.02532
1.01266
1.00000
1.01250
1.00000
1.06329
1.12658
1.06329
1.07595
1.06329
1.00000
1.02532
1.03797
1.01266
1.03797
1.05063
1.02532
1.02500
1.03797
1.00000
1.01266
1.06250
1.06329
1.06329
1.10000
1.13924
1.02532
1.03797
1.01266
1.03797
1.02532
1.05000
1.01266
1.03797
1.05000
1.03797
1.02532
1.00000
1.02532
1.07595
1.07595
1.12658
1.07500
1.02532
1.01266
1.00000
1.03797
1.07595
1.06250
1.01266
1.11392
1.03797
1.01266
1.12658
1.12658
1.11392
1.08861
1.00000
1.05000
1.05063
1.01266
1.05063
1.05063
1.01266
1.07595
1.02500
1.03797
1.05063
1.05063
1.01250
1.03797
1.11392
1.08750
1.17722
1.11392
1.10127
1.12658
1.06329
1.02532
1.05063
1.01266
1.02500
1.01266
1.02532
1.05063
1.32911
1.18987
1.15190
25.02532
44.41772
45.28000
46.84810
46.79747
57.24051
57.94937
58.00000
57.77215
57.20253
56.55696
56.27848
56.29114
56.21519
56.10127
56.01266
55.97468
55.92500
45.49367
44.32911
44.00000
43.35526
44.51899
44.70886
34.49367
1.32051
1.02632
1.18987
1.15190
1.08861
1.12658
1.03797
1.07500
1.07692
1.02597
31.64103
46.07500
46.67089
47.10127
46.59494
5.81333
1.01351
1.00000
1.00000
1.02703
1.07595
1.05063
1.01266
1.02532
1.01351
1.00000
1.04000
1.00000
1.00000
1.00000
1.01351
1.02703
1.02667
1.00000
1.10127
1.05063
1.05063
1.00000
1.00000
1.00000
1.01351
1.00000
1.00000
1.00000
1.00000
1.00000
1.00000
1.00000
1.01351
1.00000
1.00000
1.06410
1.05000
1.02532
1.06410
1.00000
1.00000
1.00000
1.02703
1.00000
1.01333
1.01351
1.02703
1.00000
1.01351
1.03797
1.05063
1.02500
1.02667
1.01333
1.01351
1.01351
1.00000
1.01351
1.01351
1.02703
1.00000
1.00000
1.02703
1.00000
1.00000
1.01282
1.03797
1.07500
1.01282
1.01351
1.00000
1.01351
1.00000
1.00000
1.00000
1.01351
1.01351
1.00000
1.02667
1.05063
1.01266
1.02532
1.02703
1.02667
1.00000
1.00000
1.00000
1.00000
1.00000
1.00000
1.00000
1.00000
1.00000
1.02532
1.02532
1.02532
1.01282
1.00000
1.00000
1.00000
1.00000
1.02703
1.00000
1.01351
1.01351
1.02667
1.01351
1.00000
1.01351
1.00000
1.01266
1.05000
1.01266
1.01266
1.00000
27.32911
44.06329
45.37975
46.98734
46.82278
46.03750
45.73418
45.01266
54.61250
56.12987
56.44000
57.33766
57.05063
51.74684
44.33750
54.29114
57.05063
57.00000
56.98750
56.42308
56.54430
56.30380
62.51899
71.30000
69.27848
68.52564
68.79730
68.40000
68.03947
68.01316
68.00000
68.00000
68.01316
68.00000
27.94937
9.01316
5.25641
1.00000
1.00000
1.00000
1.00000
1.01333
1.04000
1.15000
1.02532
1.00000
1.00000
1.03797
1.01266
1.01266
1.01266
1.00000
1.02532
1.00000
1.03797
1.03750
1.06329
1.02532
1.06329
1.06329
1.01266
1.01266
1.00000
1.01250
1.03797
1.01266
1.01266
1.02532
1.00000
1.02500
1.08861
1.08861
1.11392
1.03797
1.01266
1.01250
1.00000
1.02532
1.06329
1.01266
1.02500
1.01266
1.01266
1.01266
1.06250
1.10127
1.08861
1.07595
1.05063
1.05000
1.03797
1.03797
1.02532
1.02532
1.01266
1.03797
1.02532
1.02532
1.02532
1.00000
1.06250
1.07595
1.16456
1.07595
1.15190
1.06329
1.05063
1.01266
1.03797
1.01266
1.05000
1.02532
1.01266
1.02532
1.01266
1.01250
1.00000
1.01266
1.03797
1.05063
1.07595
1.08750
1.08861
1.07595
1.06329
1.02532
1.01250
1.02532
1.05063
1.03797
1.02532
1.03797
1.03797
1.10127
1.05063
1.77215
1.11250
1.11392
1.12658
1.10127
1.12658
1.00000
1.01266
1.02500
35.44304
45.36364
58.12658
59.49367
60.01266
59.45570
58.25316
56.63158
56.64557
56.26582
56.11538
56.10000
55.98734
19.83544
1.01266
1.01282
1.01351
1.00000
1.02667
1.00000
1.00000
1.00000
1.01351
1.00000
1.00000
1.00000
1.00000
1.00000
1.00000
1.06329
1.02532
1.03797
1.00000
1.00000
1.00000
33.68831
58.96203
59.61250
63.93671
75.83544
74.97468
74.35443
72.93671
46.82278
3.16000
1.02667
1.00000
1.03947
1.08861
1.03750
1.03797
1.07595
1.03947
1.02703
1.01351
1.01333
1.00000
1.01351
1.01333
1.00000
1.00000
1.01333
1.02703
1.01351
1.01351
1.00000
1.01316
1.05063
1.06250
1.05063
1.11392
1.01333
1.01351
1.01333
1.01351
1.01351
1.04000
1.00000
1.01351
1.00000
1.00000
1.00000
1.00000
1.00000
1.01351
1.05333
1.01266
1.01266
1.07500
1.08861
1.01316
1.01351
1.02667
1.05405
1.01351
1.02667
1.01333
1.02703
1.01333
1.02703
1.01351
1.02667
1.04054
1.02703
1.01333
1.07692
1.07595
1.02532
1.06329
1.15385
1.02667
1.02703
1.01351
1.01333
1.00000
1.01351
1.00000
1.02703
1.00000
1.02667
1.01351
1.00000
1.02703
1.02667
1.02632
1.05063
1.08861
1.07595
1.10000
1.01333
1.01351
1.00000
1.05405
1.00000
1.00000
1.02703
1.00000
1.00000
1.02667
1.04054
1.00000
1.01351
1.01351
1.00000
1.12500
1.15190
1.07595
1.06329
1.03947
1.00000
1.02703
1.02667
1.00000
1.00000
1.00000
1.02703
1.02703
1.01333
1.00000
1.01351
1.00000
1.00000
1.01351
1.05128
1.08750
1.05063
1.06329
20.26250
59.50633
57.30380
59.39241
53.78481
1.05000
1.00000
1.02532
1.00000
1.01266
1.01266
1.01266
1.01266
1.01250
1.02532
1.05063
1.07595
1.11392
1.12500
1.11392
1.10127
1.03797
1.08750
1.05128
1.02500
1.03797
1.02532
1.03797
1.01266
1.02500
1.01266
1.01266
1.06329
1.03797
1.03797
1.12500
1.08861
1.13924
1.07595
1.08861
1.06329
1.08861
1.01250
1.06329
1.10127
1.06329
1.03797
1.05063
1.06329
1.01266
1.07500
1.03797
1.03797
1.10127
1.22785
1.10127
1.11392
1.13924
1.08861
1.08861
1.05063
1.03750
1.03797
1.05063
1.02532
1.06329
1.06329
1.00000
1.06329
1.06250
1.06329
1.03797
1.06329
1.10127
1.11250
1.16456
1.18987
1.14103
1.05000
1.08861
1.00000
1.05195
1.02532
1.03750
1.08861
1.03797
1.02532
1.06329
1.05063
1.03797
1.06329
1.08861
1.12500
1.16456
1.20253
1.20253
1.22785
1.08750
1.05063
1.05063
1.08861
1.02532
1.06329
1.08750
1.07692
1.08750
1.02532
1.05063
1.05063
1.05063
1.05063
1.06250
1.15190
1.17722
1.13924
1.10127
1.20253
26.32911
57.73418
57.36364
59.28571
59.83544
59.18987
57.97468
57.16250
56.97468
56.63291
56.11392
56.01266
56.00000
55.98750
56.01266
56.06329
56.11250
56.15385
56.21250
56.35443
56.20253
55.74684
26.29114
9.01266
9.01250
9.06329
9.24051
9.18987
9.26250
9.08861
9.10127
9.02532
9.37500
9.34177
9.37975
9.10127
9.34177
9.27848
9.24051
9.36250
9.37975
9.13924
9.03797
9.05000
9.07692
9.01250
9.00000
9.00000
9.00000
9.01266
9.01266
9.00000
9.00000
9.00000
9.00000
9.00000
9.00000
9.00000
9.00000
9.00000
9.00000
9.00000
9.01266
9.00000
9.00000
9.00000
9.03797
9.06250
9.01266
9.00000
9.01266
9.00000
9.00000
9.00000
9.00000
9.00000
9.00000
9.01266
9.00000
9.00000
9.00000
9.00000
9.00000
9.00000
9.00000
9.02532
9.00000
9.00000
9.00000
9.01266
9.00000
9.01266
9.01250
9.00000
9.00000
9.02532
9.00000
9.00000
9.00000
9.01266
9.01266
9.00000
9.00000
9.00000
9.01266
9.00000
9.00000
9.00000
9.00000
9.03750
9.05063
9.01266
9.00000
9.03750
9.03797
9.01266
9.07595
9.05000
9.02532
9.10127
9.07595
9.01250
9.00000
9.01266
9.01266
9.01266
9.00000
9.00000
9.01266
9.01266
9.00000
9.00000
9.00000
9.00000
9.00000
9.00000
9.01266
9.00000
9.00000
9.00000
9.12658
9.11392
9.00000
9.00000
8.98734
9.00000
9.00000
9.00000
9.00000
9.01266
9.00000
9.00000
9.00000
9.00000
9.00000
9.01250
9.01266
9.00000
9.00000
9.01266
9.00000
9.00000
40.40506
87.29114
85.82278
87.20253
86.14103
86.25316
85.67089
84.84810
84.05063
69.48750
68.54430
68.02532
68.00000
68.00000
68.02532
68.02532
68.00000
68.00000
68.02500
68.01266
50.86076
1.05063
1.02532
1.03797
1.08861
1.13750
1.18987
1.18987
1.10127
1.05063
1.02532
1.02500
1.02532
1.03797
1.01266
1.00000
1.03750
1.05063
1.06329
1.06329
1.15190
1.13924
1.07500
1.05063
1.03797
1.01266
1.05063
1.02532
1.05000
1.03797
1.05063
1.03797
1.07595
1.03797
1.03750
1.13924
1.10127
1.18750
1.08861
1.06329
1.05063
1.00000
1.06250
1.02532
1.02532
1.02532
1.02532
1.06250
1.06329
1.01266
1.21519
1.22785
1.17722
1.07595
1.03797
1.06250
1.05063
1.06329
1.05063
1.06329
1.05063
1.05063
1.03750
1.10256
1.10000
1.20253
1.12658
1.24051
1.18987
1.06250
1.07595
1.06329
1.01250
1.10127
1.05063
1.06329
1.06329
1.05000
1.10127
1.06329
1.11392
1.10127
1.17722
1.07500
1.06329
1.03797
1.02532
1.05063
1.03797
1.07595
1.07500
1.05063
1.03797
1.05063
1.06329
1.13924
1.12658
1.17722
1.16250
1.07692
1.03750
1.08861
1.06329
1.02532
1.06329
1.03750
1.07595
1.06329
1.05063
1.02532
4.42500
42.88462
43.25974
46.43421
58.98734
59.07595
58.72500
49.88608
44.89873
44.71429
45.00000
44.93750
44.51899
44.29114
37.19231
1.09211
1.11250
1.10127
1.12821
1.02703
1.01351
1.01351
1.00000
1.04054
1.00000
1.01333
1.02703
1.04000
1.02703
1.01351
1.12821
1.12658
1.15190
1.05195
1.05405
1.08000
1.02703
1.04000
1.04054
1.02703
1.00000
1.00000
1.04054
1.01333
1.04000
1.12658
1.06329
1.08750
1.02703
1.04054
1.05333
1.04054
1.00000
1.04054
1.06757
1.01351
1.01333
1.01587
1.02703
1.08974
1.06329
1.15190
1.10390
1.06757
1.01351
1.02667
1.02703
1.00000
1.01333
1.01351
1.00000
1.02667
1.00000
1.02667
1.11392
1.05063
1.07500
1.04054
1.08108
1.02703
1.04000
1.01351
1.04054
1.01333
1.04054
1.04054
1.04054
1.04054
1.14286
1.08861
1.13750
1.03896
1.04054
1.01333
1.02703
1.05405
1.02703
1.00000
1.01351
1.02703
1.04054
1.01333
1.02703
1.11392
1.10000
1.08861
1.02703
1.01351
1.01333
1.04054
1.00000
1.01351
1.04054
1.01351
1.04000
1.00000
1.01351
1.08974
1.17722
1.06329
1.06494
1.00000
1.05405
1.00000
1.01351
1.02703
1.00000
1.01351
1.02703
1.01333
1.04054
1.09333
1.11392
1.05357
0.00000
0.00000
0.00000
0.00000
0.00000
0.00000
0.00000
0.00000
0.00000
0.00000
0.00000
0.00000
0.00000
0.00000
0.00000
0.00000
0.00000
0.00000
0.00000
0.00000
0.00000
0.00000
0.00000
0.00000
0.00000
0.00000
0.00000
0.00000
1.00000
1.10127
1.02703
1.02703
1.02667
1.00000
1.02703
1.01333
1.01351
1.00000
1.01333
1.01351
1.01351
1.10256
1.03797
1.05063
1.05195
1.00000
1.01351
30.70130
58.48101
57.18987
70.57500
70.48101
71.00000
70.82278
70.32911
69.35443
68.60759
58.50000
26.33766
1.02532
1.01266
1.08861
1.02532
1.03750
1.08861
1.00000
1.05063
1.03797
1.01266
1.01266
1.03797
1.12658
1.13750
1.13924
1.08861
1.06329
1.07595
1.03797
1.03750
1.03797
1.01266
1.02500
1.05063
1.05063
1.03797
1.12658
1.20253
1.15000
1.13924
1.07595
1.07595
1.03750
1.03846
1.06250
1.03797
1.03797
1.08861
1.00000
1.03797
1.18987
1.20253
1.18750
1.12658
1.10127
1.10127
1.12658
1.03750
1.06329
1.03797
1.02532
1.01266
1.05063
1.07595
1.10127
1.12500
1.20253
1.13924
1.11392
1.08861
1.02500
1.07595
1.05063
1.03797
1.07595
1.06329
1.05063
1.05000
1.01266
1.18987
1.10127
1.59494
1.51250
1.53165
1.08861
1.05063
1.06329
1.17722
1.17722
1.21250
1.24051
1.16456
1.20253
1.27848
1.10127
1.06250
1.01266
1.02532
1.02532
1.07500
1.05063
1.11392
1.15190
1.05063
1.03750
1.01282
1.02703
9.97468
56.45000
56.02632
59.22078
59.87654
58.90000
58.24051
57.94937
48.50000
44.22785
44.75949
38.58228
1.05405
1.02703
1.05333
1.10127
1.11392
1.10127
1.12658
1.06757
1.04054
1.01333
1.04054
1.02667
1.00000
1.00000
1.01351
1.01333
1.00000
1.04000
1.02703
1.08750
1.10127
1.11392
1.13924
1.12162
1.05405
1.00000
1.02667
1.04054
1.04167
1.02632
1.05333
1.01351
1.00000
1.02667
1.00000
1.02667
1.12821
1.07595
1.08861
1.13924
1.06494
1.06757
1.02667
1.02703
1.02703
1.01333
1.01351
1.05405
1.02667
1.01351
1.00000
1.01333
1.04054
1.08974
1.06329
1.12658
1.17722
1.08000
1.00000
1.02667
1.02667
1.01351
1.01351
1.02667
1.01351
1.02703
1.01351
1.00000
1.00000
1.01351
1.02667
1.08974
1.12658
1.12658
1.10000
1.05263
1.02667
1.02703
1.01351
1.01333
1.01351
1.01351
1.02667
1.02703
1.01351
1.05333
1.00000
1.02703
1.01333
1.06494
1.11392
1.05063
1.11250
1.09091
1.00000
1.01351
1.02703
1.00000
1.00000
1.04000
1.01333
1.01351
1.00000
1.01333
1.04054
1.01351
1.04000
1.02597
1.07500
1.10127
1.06329
1.07792
1.01333
1.04054
1.00000
1.00000
1.01351
1.01351
1.01333
1.02703
1.01351
1.02667
1.05479
1.02667
1.01351
1.02632
1.06250
1.10127
27.43038
44.07595
45.08750
47.00000
46.97468
46.21519
45.73418
45.20253
45.27500
45.35443
13.89873
1.01266
1.05063
1.05063
1.07595
1.08861
1.21250
1.06329
1.08861
1.16456
1.07595
1.01266
1.07595
1.03750
1.06329
1.02532
1.01266
1.03797
1.01266
1.07595
1.01250
1.05063
1.05063
1.05063
1.13924
1.08861
1.13750
1.11392
1.10127
1.05063
1.00000
1.02532
52.39189
57.89333
59.78947
53.52000
1.00000
1.00000
1.03797
1.05000
0.64000
0.49367
0.28571
0.21795
0.32051
0.51316
0.26582
0.61039
0.57895
0.61842
0.53333
1.03797
1.08750
1.02532
1.01266
1.01266
1.00000
1.12821
1.11250
1.13924
1.17722
1.22785
1.03797
1.05063
1.03750
1.05063
1.07595
1.07595
1.05063
1.03797
1.05063
1.02532
1.05000
1.07595
1.02532
1.01266
1.12658
1.15190
1.27848
1.18750
1.10127
1.10127
1.05063
1.06329
1.07595
1.03750
1.03846
1.07595
1.03750
1.02532
1.07595
1.06329
1.01266
1.08750
1.13924
1.13924
1.22785
1.17722
1.11392
1.11392
1.07595
1.07500
1.06329
1.08861
1.07595
1.06329
1.06250
1.10127
1.11392
1.08861
1.03797
1.07500
1.02532
1.12658
1.17722
1.22785
1.18987
1.16250
1.06329
1.08861
1.05000
1.03797
1.11392
1.08861
1.12658
1.05063
1.05063
1.07500
1.02532
1.05063
1.03797
1.17722
1.20253
1.21250
1.32911
1.11392
1.08861
1.06329
1.03750
1.06329
1.08861
1.08861
1.10127
1.06494
1.05333
30.94805
54.15385
58.34177
59.84810
59.51899
58.49367
58.10127
57.46835
57.00000
56.92405
56.39744
56.35000
56.25641
56.22785
56.48101
56.44304
56.23077
56.09211
57.58974
57.55128
57.44737
57.35065
57.37333
57.43421
57.22078
57.35526
57.86667
57.44737
57.48000
57.37662
57.56579
57.43421
56.97468
56.79747
56.77215
56.92405
56.80000
55.91139
15.35443
1.02564
1.01351
1.04054
1.07895
1.16456
1.08750
1.06329
1.01282
1.01333
1.01333
1.00000
1.05405
1.00000
1.05405
1.02703
1.01333
1.02703
1.01351
1.01351
1.01351
1.08861
1.50649
1.08750
1.10127
1.07595
1.12658
1.15190
1.06329
1.05063
1.03797
1.01250
1.02532
1.01266
1.03846
1.00000
1.06329
1.06329
1.15000
1.13924
1.01333
1.04054
1.06757
1.00000
1.01351
1.00000
1.01333
1.02703
1.02667
1.03947
1.08861
1.07595
1.10127
1.07792
1.01351
1.02703
1.01333
1.02703
1.01351
1.01333
1.00000
1.01351
1.01333
1.04054
19.76923
44.88608
45.35443
46.88608
47.00000
46.56962
45.82278
45.01266
45.00000
45.00000
44.96203
44.94937
44.88750
45.08861
44.92405
44.79747
44.69620
44.56962
44.51899
44.64557
44.72500
44.78481
44.77215
44.56962
44.62025
47.13924
57.33750
57.12658
58.24051
58.25316
57.71795
57.59494
57.33750
56.89744
56.02532
57.07595
56.41772
56.05063
56.03797
56.08861
55.81579
56.60000
56.62025
56.21519
56.06329
55.16456
44.56962
44.63158
44.46667
54.59740
57.76000
57.78378
57.65333
57.22667
18.05263
8.92405
12.84810
11.79747
11.42500
10.87500
10.77215
10.88462
10.76316
10.29870
9.83544
9.20253
9.21519
9.31646
9.98649
10.00000
10.00000
9.50000
9.14865
9.05263
9.01266
9.32911
9.22785
9.70000
9.34177
9.21519
9.22785
9.32500
9.30380
9.29114
9.49367
9.26582
9.12658
9.11392
9.10000
9.13924
9.20253
9.30380
9.27848
9.32911
9.41250
5.94937
1.63291
1.11392
1.03750
1.05063
1.05063
1.06329
1.05063
1.02532
1.03750
1.05063
1.03797
1.00000
1.15190
1.07595
1.17722
1.13750
1.18987
1.15190
1.03797
1.03797
1.03750
1.02532
1.03797
1.03797
1.03750
1.06329
1.02532
1.07595
1.08861
1.10127
1.13924
1.22785
1.18750
1.03797
1.08861
1.03797
1.03797
1.00000
1.05000
1.05063
1.06329
1.05063
1.05063
1.06250
1.08861
1.03797
1.03797
1.00000
1.07595
1.07595
1.08861
1.18750
1.21519
1.16456
1.13924
1.16456
1.12658
1.07595
1.03797
1.01250
1.06329
1.06329
1.07595
1.12658
1.12658
1.25000
1.11392
1.07595
1.08861
1.02532
1.05063
1.01250
1.01266
1.03797
1.03797
1.02532
1.05063
1.06250
1.06329
1.02532
1.05063
1.45570
41.02532
56.18987
57.91026
59.16667
58.72368
58.22785
57.81250
57.50633
57.50633
57.16456
57.01250
57.00000
56.97468
56.87500
56.59494
56.24051
56.81013
56.83750
56.94937
56.70886
56.91250
56.89873
56.37975
56.34177
56.27848
56.47368
57.01266
56.57692
56.48718
55.92405
9.67949
9.76923
9.42857
13.93671
56.20513
58.15000
58.94937
58.27848
57.56250
57.43038
57.02532
56.60759
56.49367
56.35000
56.46835
56.62025
56.29114
56.31646
56.12500
56.22785
56.17949
56.12500
56.74684
56.73418
56.72152
56.63750
56.67949
56.46835
56.48101
56.55000
56.78481
56.89873
56.86076
56.97468
56.86076
56.98734
56.98750
56.98734
56.62025
56.50633
56.21250
56.42857
56.72152
56.84810
56.39241
56.58228
56.66250
56.72152
56.56962
56.45570
56.62025
56.43038
55.97468
56.18987
56.41772
56.44304
56.87500
56.84810
39.34177
1.20253
1.01266
1.02500
1.00000
1.00000
1.00000
1.00000
1.00000
1.01250
1.07595
1.05063
1.08861
1.05063
1.05063
1.01250
1.00000
1.00000
1.00000
1.01266
1.01250
1.07595
1.03797
33.62025
26.27848
1.05000
1.00000
1.03797
1.01266
1.00000
1.00000
1.01266
1.00000
1.00000
1.01266
1.00000
1.01250
1.00000
1.01250
1.00000
1.00000
1.01266
1.00000
1.01266
1.01266
1.01266
1.06250
1.01266
1.05063
1.01266
1.00000
1.00000
1.00000
8.67089
55.69620
57.40506
59.46835
60.33333
58.27848
57.49367
57.27273
56.24051
55.82278
56.15190
56.65823
56.50000
55.70886
56.17722
55.96203
55.90000
55.83544
55.84810
55.67105
42.59494
1.00000
1.01266
1.01266
1.00000
1.02532
1.00000
1.00000
1.00000
1.00000
1.00000
1.00000
1.00000
1.00000
1.00000
1.00000
1.00000
1.00000
1.00000
1.00000
1.01266
1.03797
1.21519
1.01266
1.01250
1.00000
1.00000
1.00000
1.00000
1.00000
1.00000
1.00000
1.00000
1.00000
1.00000
1.00000
1.03846
1.01299
1.02564
1.01282
1.00000
1.00000
1.00000
1.00000
1.00000
1.01266
1.00000
1.00000
1.00000
1.00000
1.00000
1.00000
1.01266
1.00000
1.00000
1.01266
1.00000
1.01266
1.07595
1.03797
1.03797
1.02500
1.08861
1.02532
1.01266
1.00000
1.00000
1.00000
1.01250
1.01266
1.02532
1.01266
1.06329
1.07500
1.06329
1.05063
1.01266
1.00000
1.00000
1.00000
1.02532
1.02532
1.00000
1.02500
1.03797
1.01266
1.02532
1.01266
1.00000
1.01250
1.00000
1.01266
1.01266
1.00000
1.01250
1.05063
1.08861
1.08861
1.07500
1.11392
1.07595
1.06329
1.01250
1.05063
1.00000
1.02532
1.01266
1.03797
1.01266
1.07500
1.12658
1.08861
1.03797
1.06329
1.01266
1.02532
1.02500
1.00000
1.00000
1.02532
1.01266
1.00000
1.02500
1.01266
1.00000
1.05063
1.02532
1.06329
1.02532
1.06250
34.14103
56.56962
56.72000
59.36486
59.18919
58.39474
57.83544
57.13924
57.00000
57.00000
57.00000
56.96203
47.93506
44.48718
44.46835
44.74684
44.80000
44.22078
38.63750
1.02532
1.01266
1.10127
1.08861
1.10127
1.07595
1.10000
1.07595
1.06329
1.10127
1.24051
1.02500
1.02532
1.21519
10.18987
10.00000
10.12658
10.48101
10.00000
9.67949
9.17949
8.93671
8.80769
9.00000
9.12658
9.47436
9.00000
9.00000
9.01266
8.69620
9.11392
8.97468
9.00000
9.00000
9.00000
8.94937
9.00000
9.00000
9.01266
9.01250
9.00000
9.00000
9.01266
9.01266
9.02532
9.05000
9.07595
9.03797
9.07595
9.06329
9.07595
9.05128
9.07595
9.01266
9.01266
9.01266
9.17500
9.12658
9.06329
9.16456
9.15190
9.27500
9.16456
9.03797
9.06250
9.03797
9.05063
9.17722
9.37500
9.26582
9.26582
9.46835
9.37500
9.43038
9.48101
9.24051
9.35443
9.24051
9.16456
9.15000
9.18987
9.20253
9.16456
9.18750
9.16456
9.06329
9.13924
9.02532
9.00000
9.06250
9.05063
9.02532
9.06250
9.08861
9.15190
9.18987
9.16456
9.21519
9.20253
9.13924
9.22785
9.28750
9.20253
9.21519
9.22785
9.42500
9.21519
9.48718
9.88312
9.96000
9.96104
9.90667
9.94737
10.00000
9.82895
9.46835
40.87342
68.65823
57.07595
59.18919
59.24324
58.73077
58.17722
57.86667
57.25676
57.00000
57.00000
56.96203
56.95000
56.37975
56.23077
57.21519
57.21519
57.10256
56.97468
55.35526
55.79221
55.98734
56.78481
56.68354
55.97468
56.39241
64.29114
16.40506
23.11392
22.20253
22.01250
21.89873
21.32911
21.02532
21.00000
20.98734
21.00000
21.05000
21.00000
16.54430
1.06250
1.01266
1.01266
1.00000
1.01266
1.01266
1.00000
1.02532
1.06329
1.07595
1.06329
1.02532
1.01250
1.02532
1.44156
1.21519
1.02532
1.02532
1.06329
1.07595
1.03750
1.00000
1.00000
1.02532
1.02532
1.02532
1.01266
1.00000
1.06250
1.11392
1.03797
1.02532
1.01266
1.00000
1.00000
1.00000
1.03797
1.01266
1.01266
1.06250
1.06329
1.02532
1.00000
1.00000
1.00000
1.00000
1.02532
1.02532
1.02532
1.11392
1.11250
1.02532
1.02532
1.05063
1.03797
1.03797
1.02532
1.02500
1.05063
1.11392
1.07595
1.05063
1.00000
1.02532
1.00000
1.02532
1.05063
1.01266
1.02532
1.16250
1.11392
1.02532
1.03797
1.01266
1.02500
1.00000
1.02532
1.05063
1.01266
1.08861
1.07595
1.10000
1.03797
1.05063
1.00000
1.01250
1.03797
1.05063
1.01266
1.02532
1.13924
1.15190
1.06329
1.07595
1.01250
1.03797
1.02532
1.01266
1.06329
1.02532
1.15000
1.06329
1.07595
1.05063
1.03797
1.02532
1.03797
1.06250
1.03797
1.07595
1.05063
1.31646
1.21519
1.10000
16.67089
57.01316
55.54667
58.89610
59.34177
58.49367
58.01266
56.53333
56.89474
23.67089
1.03797
1.05063
1.05063
1.02532
1.05063
1.03750
1.03797
1.03797
1.12658
1.16456
1.21519
1.06250
1.02532
1.06329
1.05063
1.03797
1.01266
1.05063
1.06329
1.18750
1.16456
1.08861
1.07595
1.08861
1.05063
1.05063
1.12500
1.03797
1.05063
1.13924
1.13924
1.15190
1.07500
1.05063
1.06329
1.05063
1.03797
1.02532
1.02500
1.08861
1.16456
1.11250
1.03846
1.02500
1.11392
1.20253
1.06329
1.02532
1.03797
1.23750
1.17722
1.03797
1.03797
1.10127
1.06329
1.07500
1.11392
1.06329
1.03797
1.07500
1.11392
1.10127
1.06329
1.07595
1.08861
1.08750
1.03797
1.05063
1.06329
1.05063
1.15190
1.11250
1.11392
1.02532
1.02532
1.03797
1.01266
1.08750
1.07595
1.13924
1.15190
1.20253
1.15190
1.43038
1.50000
1.07595
1.05063
1.02532
1.05063
1.00000
1.02532
1.11250
1.08861
1.08861
1.02532
1.01266
1.03797
1.03797
1.06329
1.08861
9.55000
10.00000
10.00000
10.00000
10.00000
9.94937
9.30000
9.06329
9.02532
9.01266
9.00000
9.02532
9.00000
9.00000
9.00000
9.01266
9.00000
9.02532
9.01266
9.01250
9.01266
9.01266
36.24051
56.07595
56.97468
58.75949
58.65385
58.03750
57.34177
57.00000
56.93671
56.46835
56.39241
56.27500
56.03846
55.92405
56.01266
56.01266
55.81013
56.01266
56.00000
56.02532
56.00000
56.72152
56.29114
56.25641
55.93750
56.03846
56.10127
56.08861
56.07595
56.32911
56.25316
56.06329
56.25641
56.01266
56.24051
56.05000
56.01266
55.98734
55.96203
56.00000
56.00000
56.00000
56.00000
55.37662
55.61538
56.00000
56.00000
56.02532
56.01266
45.49367
44.13924
44.25000
44.35443
44.41772
44.39241
44.56962
44.35443
44.73750
44.74684
44.40506
44.55696
44.56962
44.34177
44.25316
44.73750
44.78481
44.83544
44.79747
44.72152
44.85000
44.70886
44.77215
44.78481
44.67089
44.58228
44.62500
44.78481
44.82278
44.84810
44.93671
44.87342
44.81013
44.89873
44.91139
44.87500
44.84810
44.88608
44.89873
44.98734
44.89873
44.88750
44.98734
44.97468
44.87342
44.81013
44.70886
44.81013
44.81013
44.83750
44.92405
44.83750
44.88608
44.91139
44.97468
44.97468
44.97500
38.18987
1.06329
1.06329
1.03797
1.00000
1.00000
1.00000
1.00000
1.00000
1.01266
1.03797
1.00000
1.00000
1.00000
1.01282
1.03797
1.06329
1.00000
1.00000
1.00000
1.00000
1.00000
1.00000
1.01266
1.01266
1.02532
1.01266
1.02532
1.07500
1.12658
1.07595
1.02532
1.01266
1.01266
1.03797
1.03750
1.01266
1.02532
1.03797
1.02532
1.02532
1.11392
1.06329
1.15190
40.07500
57.27273
58.44156
59.74026
59.40506
58.24051
57.43038
57.00000
56.86667
56.56579
56.11392
55.91139
55.09459
56.00000
56.02532
56.00000
56.01266
55.98750
56.01266
42.39241
1.05063
1.08861
1.03896
1.00000
1.02703
1.02703
1.02667
1.05405
1.02703
1.04000
1.02703
1.01351
1.15190
1.05000
1.10526
1.04054
1.00000
1.02703
1.01351
1.00000
1.01351
1.01351
1.09091
1.06329
1.06410
1.02667
1.00000
1.00000
1.01333
1.00000
1.01351
1.01333
1.05405
1.02703
1.02667
1.02632
1.16250
1.10127
1.02703
1.00000
1.00000
1.04054
1.01351
1.04000
1.04054
1.01351
1.10000
1.12658
1.40506
1.02632
1.04054
1.04054
1.01351
1.04054
1.05405
1.01351
1.00000
1.02703
1.02597
1.07595
1.06329
1.04000
1.00000
1.04054
1.02703
1.04000
1.01351
1.04000
1.04054
1.04054
1.01333
1.17949
1.12500
1.07895
1.01333
1.00000
1.05405
1.01333
1.04054
1.00000
1.04000
1.02703
1.04000
1.11538
1.15000
1.06579
1.02667
1.04054
1.06757
1.04054
1.02703
1.02703
1.00000
1.02703
1.06494
1.13924
1.11392
1.00000
1.02703
1.02703
1.00000
1.00000
1.04054
1.02703
1.04054
1.02703
1.04000
1.15190
1.10127
1.04000
1.05405
1.05405
1.01333
1.02703
1.05333
1.02703
1.01351
1.12658
1.11392
1.20253
1.10127
1.07595
1.13750
1.21519
1.12987
1.00000
1.02703
1.02667
1.02703
1.06757
1.15190
1.12658
1.09091
1.01333
1.02703
1.02667
1.04054
1.01351
60.65823
74.17722
74.94937
75.31646
80.40000
86.34177
85.46835
85.15190
81.03797
68.00000
67.88462
68.01266
68.05063
68.01266
68.06250
68.07595
68.07595
68.13924
68.13924
68.24051
68.08750
68.06329
68.10127
68.27848
68.55696
68.86076
68.54430
68.49367
68.50000
68.96203
68.60759
68.06250
68.18987
68.53165
68.64557
59.49351
56.35443
56.18987
49.15190
1.00000
1.00000
1.01266
1.02500
1.01266
1.02532
1.06329
1.08750
1.03797
1.03797
1.03797
1.02532
1.00000
1.00000
1.00000
1.01266
1.10000
1.08861
1.03797
1.07595
1.02532
1.05063
1.03797
1.01266
1.01266
1.00000
1.12658
1.11392
1.03797
1.03797
1.01250
1.00000
1.01266
1.01266
1.00000
1.02532
1.03750
1.07595
1.06329
1.02532
1.02532
1.00000
1.02500
1.00000
1.02532
1.01266
1.07500
1.11392
1.11392
1.06329
1.05063
1.02532
1.05000
1.01266
1.01266
1.05063
1.01266
1.06329
1.12500
1.05063
1.03797
1.03797
1.02532
1.02532
1.06329
1.01266
1.07500
1.11392
1.06329
1.06329
1.06250
1.05063
1.01266
1.02532
1.02532
1.03797
1.08750
1.03797
1.02532
1.03797
1.07595
1.17722
1.12658
1.07595
1.02500
1.03797
1.03797
1.03797
1.02532
1.01266
1.12500
1.03797
1.10127
1.05063
1.05063
1.06329
1.03750
1.05063
1.01266
1.07595
40.46835
56.27273
57.82051
59.73418
59.18987
58.18987
57.65000
57.03797
57.01266
56.94937
56.97468
56.92500
57.00000
56.96203
56.86076
56.54430
56.10256
56.39744
56.57692
56.78481
56.58750
56.84810
56.94937
56.78481
56.62025
56.61250
56.46835
56.46835
56.35443
56.06329
56.08861
56.02532
56.10127
56.06250
56.02532
56.00000
56.00000
56.00000
56.01266
56.00000
56.00000
56.00000
56.00000
56.00000
56.00000
56.00000
46.43038
44.21519
44.26582
44.08861
44.00000
44.00000
39.76623
2.48684
1.00000
1.00000
1.01351
1.00000
1.01333
1.01351
1.01351
1.10256
1.06250
1.03896
1.00000
1.00000
1.00000
1.00000
1.02703
1.01351
1.00000
1.02703
1.06329
1.05063
1.03896
1.02703
1.00000
1.00000
1.01351
1.00000
1.02667
8.02564
10.17722
10.73418
10.50633
10.00000
9.43750
9.01266
9.00000
9.00000
9.00000
9.00000
9.00000
9.00000
9.00000
9.00000
9.01266
9.02532
9.00000
9.00000
9.01266
15.31646
56.11392
56.89873
58.27848
58.68750
58.02532
58.11392
57.67089
57.01266
47.26582
45.00000
45.00000
44.97468
44.97500
44.97468
44.97468
44.87342
44.83544
44.76250
44.92405
44.75949
44.67089
44.84810
44.93671
44.86250
44.82278
44.94937
44.93671
44.94937
44.85000
44.74684
44.73418
44.64557
44.41250
50.72152
57.93671
57.97468
57.93671
57.03797
56.86250
56.39241
56.27848
56.13924
56.01266
56.06329
56.05063
56.05000
56.07595
56.06329
56.05063
56.01266
56.08861
56.05000
56.05063
56.01266
56.07595
56.07595
56.02532
56.02532
56.11392
56.06250
56.00000
56.16456
56.13750
56.08861
56.10127
56.02532
56.01266
56.00000
56.00000
48.60000
16.06494
1.01250
1.05063
1.07595
1.01266
1.01266
1.00000
1.03750
1.01266
1.00000
1.00000
1.01266
1.00000
1.06329
1.01266
1.05063
1.00000
1.01266
1.00000
1.02500
1.00000
1.02532
1.01266
1.03750
1.02532
1.03797
1.08861
1.03797
1.01266
1.01250
1.01266
1.00000
1.01266
1.02532
1.00000
1.01266
1.10127
1.08750
1.05063
1.03797
1.00000
1.01266
1.02532
1.00000
1.03797
1.01266
1.01266
1.01266
1.08750
1.06329
1.15190
1.03797
1.02500
1.02532
1.00000
1.03797
1.01250
1.00000
1.05063
1.02532
1.18987
1.06329
1.08750
1.03797
1.01266
1.02532
1.02532
1.07500
1.02532
1.00000
1.01266
1.07595
1.12500
1.15190
1.03797
1.02532
1.03797
1.01266
1.07595
1.05063
1.03797
1.00000
1.01250
1.16456
1.12658
1.11392
1.02532
1.05063
1.01266
1.03750
1.03797
1.03797
1.02532
1.05063
1.06250
1.11392
1.07595
1.00000
1.01266
1.08750
1.03797
1.02532
1.02532
1.00000
1.03797
1.03797
1.11250
1.17722
1.08861
1.03797
1.05000
1.07595
1.02532
1.06329
1.06329
1.00000
1.01351
39.32468
55.28571
57.65823
60.22785
59.75949
58.27848
57.45570
57.67089
57.06250
56.53165
56.10127
56.02532
48.97468
44.11250
43.67105
14.62821
1.02500
1.05063
1.01266
1.03797
1.01266
1.01266
1.00000
1.03797
1.00000
1.01266
1.07500
1.05063
1.07595
1.00000
1.00000
1.02500
1.01266
1.02532
1.00000
1.01266
1.01266
1.03750
1.15190
1.12658
1.06329
1.06250
1.06329
1.02532
1.01266
1.06329
1.00000
1.02532
1.01282
1.00000
1.00000
1.02532
1.00000
0.68421
0.37333
0.53947
1.02597
1.44872
1.36364
1.11392
1.24051
1.17500
1.05063
1.11392
1.07500
1.02532
1.07595
1.07595
1.05063
1.06329
1.03797
1.00000
1.06329
1.10127
1.24051
1.18987
1.05000
1.02532
1.03846
1.06250
1.05063
1.01266
1.05063
1.08861
1.10127
1.22785
1.13750
1.12658
1.00000
1.02532
1.03797
1.05063
1.06329
1.02532
1.05000
1.02532
1.08861
1.07595
1.05063
1.10127
1.16250
1.05063
1.02532
1.05063
1.01266
1.06329
1.01250
1.02532
1.00000
1.01266
1.03797
1.10000
1.08861
1.01266
1.02532
1.00000
1.01266
1.00000
1.00000
1.01266
1.00000
1.00000
1.00000
1.02532
1.06250
1.03797
1.00000
1.01266
1.42500
43.01266
43.49367
46.02532
47.00000
46.49367
46.00000
45.48718
45.00000
44.98734
44.93671
44.69620
44.87500
44.86076
44.59494
44.55696
44.65823
44.68750
44.58228
44.68354
44.39241
44.30380
44.10000
44.05063
44.00000
44.01266
43.67949
44.44595
44.58974
44.62025
44.86486
44.70270
44.15190
44.02500
44.05063
44.03797
44.12987
44.16216
43.43421
44.00000
44.11392
44.00000
44.07595
44.05063
44.02500
44.08861
44.06329
44.02500
44.01266
44.03797
44.01266
44.00000
44.00000
44.02532
44.01250
44.02532
44.01266
44.03797
44.08861
44.08750
44.08861
44.05063
44.01266
44.10000
44.05063
44.00000
44.01266
44.02532
44.15190
44.20000
44.35443
44.11392
44.00000
44.00000
44.00000
43.83544
44.03797
44.22785
44.41250
44.39241
44.45570
44.44304
44.30380
44.36709
44.26582
46.68354
1.03750
1.01266
1.00000
1.01266
1.01266
1.02500
1.17722
1.13924
1.03797
1.01266
1.00000
1.01266
1.01250
1.02532
1.00000
1.02532
1.01250
1.01266
1.01266
1.03797
1.11392
1.03797
1.05063
1.02500
1.01266
1.00000
1.01266
1.03797
1.00000
1.01266
1.00000
1.01250
1.03797
1.11392
1.05063
1.08861
1.03797
1.01250
1.00000
1.03797
1.02532
1.01266
1.00000
1.01266
1.06329
1.05000
1.06329
1.11392
1.12658
1.26582
1.30380
1.31646
1.16250
1.03797
1.01266
1.12658
1.20253
1.10127
1.08750
1.06329
1.16456
1.08861
1.01266
1.03797
1.05063
1.01266
1.03797
1.07500
1.07895
21.35897
56.65823
57.03797
59.61538
59.63291
58.12987
57.67500
56.73418
56.77215
56.86076
56.20253
56.07595
56.11392
56.02500
56.10127
55.98734
55.97468
55.91139
55.46250
55.83544
55.73077
56.01266
56.00000
55.98734
55.79747
55.96203
55.97468
55.97468
56.00000
56.00000
56.00000
56.02532
56.02532
56.06329
56.02532
56.05000
56.08861
56.10127
56.53165
56.49367
56.43038
56.34177
56.23750
56.21519
56.22785
56.24051
56.18987
56.06329
56.20000
56.35443
56.79747
56.27848
56.91139
56.12658
56.22500
56.32911
56.10127
56.18987
56.13924
56.07595
56.25316
56.10127
56.27500
56.24051
56.51899
56.53165
56.07595
56.08750
56.10127
56.11392
56.07595
56.08861
56.06250
56.26582
56.13924
56.01266
56.54430
56.73418
56.79747
56.72500
56.28205
56.06329
56.05128
56.01266
56.01266
56.05000
56.07595
56.07595
56.05063
56.00000
56.02532
56.02532
3.93333
1.02703
1.00000
1.01370
1.01299
1.02532
1.03797
1.00000
1.00000
1.01370
1.11842
1.02632
1.01333
1.01351
1.00000
1.01299
1.00000
1.03797
1.01266
1.02667
1.00000
1.00000
1.00000
1.00000
1.01333
1.00000
1.00000
1.00000
1.00000
1.02532
1.05063
1.02532
1.00000
1.00000
1.00000
1.00000
1.00000
1.00000
1.03797
1.02532
1.02532
1.02532
3.16456
43.35000
44.84810
46.75949
47.00000
46.45570
45.91139
53.11250
57.75949
57.94937
57.94937
57.03750
56.22785
56.11392
56.17722
56.05063
56.11392
56.08861
55.81013
56.35000
56.21519
56.11392
55.61538
53.85000
44.35443
44.10127
44.16456
44.59494
44.71250
44.91139
44.97468
44.96203
44.88750
44.73418
44.64557
44.37975
44.65823
44.72500
44.91139
44.60759
44.41772
44.26250
44.34177
44.27848
44.39241
44.63291
44.62025
44.67089
44.77215
44.88750
44.91139
44.86076
44.59494
44.40506
44.55696
44.68750
44.69620
44.81013
44.86076
44.86076
44.56962
44.50633
44.42500
44.70513
44.65000
44.79747
44.79747
44.79747
44.82278
44.65823
44.79747
44.91139
45.00000
45.00000
44.97500
44.97468
25.49367
1.07595
1.08861
1.08861
1.01266
1.05000
1.03175
1.01266
1.02532
1.02500
1.07595
1.06329
1.08861
1.00000
1.05000
1.06329
1.01266
1.03797
1.06329
1.07595
1.10127
1.05063
1.02500
1.02532
1.03797
1.03797
1.01266
1.05000
1.08861
1.12658
1.02532
1.02532
1.02532
1.05063
1.02532
1.06329
1.13924
1.10000
1.06329
1.07595
1.02532
1.02532
1.05000
1.00000
1.03797
1.17722
1.13924
1.01250
1.07595
1.05063
1.05063
1.02532
1.06329
1.06329
1.12500
1.12658
1.01282
1.05063
1.01250
1.03797
1.00000
1.01266
1.17722
1.15000
1.06329
1.06329
1.00000
1.91026
42.65823
51.30380
59.32895
60.09333
59.59211
58.51316
58.10526
57.32895
56.98734
56.97468
56.96250
56.92405
56.73418
56.50633
56.10127
56.03797
56.10000
56.05063
56.50633
56.74684
56.59494
56.98667
55.86842
44.81081
44.64935
44.84211
44.89189
44.92000
38.59740
0.26582
0.14103
0.20253
0.41558
0.12658
0.11392
0.11538
0.51899
0.87342
1.01266
1.01266
1.00000
1.01266
1.01282
1.01351
1.10256
1.08750
1.02632
1.06410
1.12658
1.08750
1.07595
1.08861
1.15190
1.10127
38.20253
45.65823
46.69620
46.92308
46.20253
45.80519
45.46835
45.00000
45.00000
45.03750
45.01266
45.00000
44.97468
44.71250
44.49367
44.53165
44.87342
44.82051
44.70886
44.67949
44.12658
44.19231
44.25333
44.07895
44.31579
44.35065
44.52703
44.62821
44.82278
44.64557
44.30380
44.27500
44.17722
44.29114
44.27848
44.24051
44.31646
44.38750
44.30380
44.22785
44.34177
44.58228
44.46835
44.36250
44.37975
44.29114
45.05128
44.83544
45.66667
45.25641
44.87342
44.97436
45.19231
44.78481
44.50633
44.51899
44.00000
44.00000
44.01266
44.02532
44.02532
44.02500
44.00000
44.07595
44.13846
43.97468
44.82278
44.91139
44.81013
45.21795
45.01282
45.01282
44.62338
44.29870
44.07595
44.00000
44.00000
43.98734
44.00000
44.01250
43.88608
43.62025
43.79747
44.00000
44.00000
44.70130
45.45333
45.34667
44.94667
44.80000
44.80000
44.85526
44.51316
44.00000
44.20000
44.06667
44.38961
49.22078
56.90789
56.59494
57.05063
56.84810
56.16250
55.84615
56.71429
57.00000
56.97468
56.97403
56.85135
56.93243
56.96053
56.91139
56.94937
57.00000
56.92105
56.93243
56.70270
56.09211
56.06579
56.06579
56.00000
56.29333
56.04054
32.79730
1.00000
1.00000
1.01266
1.11688
1.15190
1.01351
1.01316
1.03896
1.02532
1.03750
1.06329
1.02532
1.01266
1.02532
1.08861
1.22500
1.16456
1.16456
1.20253
1.15190
1.11250
1.11392
1.20253
1.10127
1.16456
1.16250
1.11538
1.12658
1.10256
1.24051
1.20000
1.08065
1.10204
1.26582
1.11392
1.13924
1.17722
1.02500
1.05063
1.11392
1.21519
1.11250
1.08861
1.00000
1.01266
1.05063
1.02532
1.01250
1.03797
1.02532
1.03750
1.00000
1.01266
1.05063
1.03797
1.05063
1.05000
1.01266
1.06329
1.00000
1.07500
1.07595
1.03797
1.06329
1.08861
1.01266
1.05063
1.03750
1.03797
1.03797
1.07595
1.05063
1.03797
1.02500
1.05063
1.13924
1.20000
1.17722
1.13924
1.13924
1.13924
1.01250
1.05063
1.07595
1.02532
1.05063
1.06329
1.07595
1.01250
1.01266
1.03797
1.18987
1.22785
1.26582
1.15000
1.11392
1.05063
1.07595
1.03797
1.03797
1.07595
1.05000
1.02532
1.08861
1.05063
1.02532
1.16456
1.21519
1.15000
1.17722
1.15190
1.08861
1.08861
1.06329
1.05000
1.05063
1.06329
1.06329
1.45000
42.88312
43.20779
57.46753
59.15190
60.00000
59.87500
58.56962
57.48101
56.34667
56.82278
56.72152
56.87500
56.56962
57.05063
49.58228
44.35443
19.83544
1.00000
1.02532
1.15000
1.08861
1.16456
1.07595
1.06329
1.03797
1.05000
1.07595
1.24051
1.15190
1.03125
0.00000
0.00000
0.00000
0.00000
0.00000
0.00000
0.00000
0.00000
0.00000
0.00000
0.00000
0.00000
0.00000
9.87500
9.75000
9.64557
9.49367
9.26582
9.31646
9.35443
9.53165
9.25000
9.12658
9.16456
9.22785
9.26582
9.35443
9.56250
9.50633
9.50633
9.40506
9.50633
9.41250
9.49367
9.56962
9.58974
9.40000
9.12658
9.07595
9.08750
9.12658
9.22785
9.20253
6.01282
1.00000
1.00000
1.02667
1.00000
1.01351
11.56410
53.34177
58.27500
60.46835
60.07595
59.17722
57.89873
57.16456
56.94937
56.68750
56.88608
56.37975
56.02532
55.98734
56.03797
56.08861
56.02500
56.00000
56.00000
56.00000
55.98734
56.07595
56.35000
56.00000
56.00000
56.03797
56.50000
56.70886
56.54430
56.53165
56.55696
56.63291
56.56250
56.43038
56.50633
56.51899
56.60759
56.35443
56.56250
56.27848
56.01266
56.00000
56.02500
56.01266
56.17722
56.25000
56.55696
56.87342
56.36709
56.15190
56.15000
56.20253
56.13924
56.32911
56.65823
56.56962
56.48101
56.55696
57.44304
56.65385
56.35526
56.28571
56.06410
56.30380
57.06329
56.93671
57.12500
57.11392
56.30263
56.56962
56.36709
56.09091
56.25974
56.18987
56.12658
56.18987
59.01250
81.41772
69.63291
69.02532
68.55696
68.08861
68.03797
68.01250
68.07595
28.70886
20.65385
31.29114
69.12658
70.17722
70.16456
69.86076
69.07500
68.84810
68.22785
67.74684
67.73750
67.35443
67.65823
67.92405
60.36709
33.59740
1.03797
1.03797
1.03797
1.03797
1.03797
1.01266
1.00000
1.02532
1.01266
1.00000
1.00000
1.00000
1.00000
1.00000
1.00000
1.00000
1.06329
1.05063
1.05063
1.02500
1.02632
1.00000
1.00000
7.35526
1.00000
1.02500
1.00000
1.10127
1.01266
1.01250
1.05063
1.15190
1.31646
1.18987
1.17722
1.12500
1.03797
1.05063
1.06329
1.05063
1.06329
1.05000
1.05063
1.05063
1.06329
1.02500
1.05063
1.05063
1.07595
1.05063
1.15190
1.13924
1.22785
1.18987
1.08861
1.08861
1.02500
1.03797
1.02532
1.08861
1.08861
1.10127
1.03797
1.03750
1.03797
1.03797
1.08861
1.05063
1.08861
1.25316
1.17722
1.16456
1.17722
1.07500
1.06329
1.03797
1.11392
1.05063
1.03797
1.03797
1.03797
1.03797
1.06329
1.05000
1.03797
1.05063
1.12658
1.10000
1.26582
1.26582
1.14103
1.18750
1.06329
1.01266
1.05063
1.01266
1.01266
1.03797
1.05063
1.03797
1.02532
1.02532
1.03797
1.06250
1.01266
1.05063
44.94937
55.01299
57.85135
59.25333
59.10667
58.86486
58.01266
57.13924
56.52564
57.00000
56.78481
56.12658
56.11392
56.53165
56.92000
56.78378
56.22078
56.21795
56.55263
56.07595
55.88608
54.37975
28.58974
1.01351
1.01351
1.00000
1.02703
1.02703
1.01333
1.01351
1.07595
1.03797
1.06329
1.03797
1.02667
1.00000
1.00000
1.01333
1.01351
1.01333
1.00000
1.00000
1.02703
1.00000
1.01351
1.03846
1.01250
1.11392
1.10127
1.05405
1.00000
1.00000
1.02667
1.02703
1.00000
1.04000
1.01351
1.04054
1.04000
1.00000
1.03896
1.10000
1.08861
1.07595
1.00000
1.01333
1.01351
1.00000
1.00000
1.05405
1.01351
1.01333
1.01351
1.00000
1.02703
1.06579
1.08861
1.06329
1.08861
1.03896
1.00000
1.01351
1.00000
1.01333
1.00000
1.02703
1.00000
1.00000
1.02703
1.01333
1.00000
1.05195
1.00000
0.00000
0.00000
0.00000
0.00000
0.00000
0.00000
0.00000
0.00000
0.00000
0.00000
0.00000
0.00000
0.00000
0.00000
0.00000
0.00000
