222.81667
219.67693
220.45577
991.60527
525.28497
207.91913
205.74407
204.05270
203.62870
202.08800
203.89590
381.57260
379.44517
771.26353
549.77863
548.52887
216.40230
153.96907
153.47603
223.68973
353.91470
346.17540
342.36283
338.96953
336.45373
540.40433
329.91807
155.34323
443.24107
394.59630
345.09853
155.67543
155.90103
155.61650
156.02893
155.84300
173.18857
345.80110
280.98613
233.71947
98.01013
56.25943
56.15540
56.16587
56.32317
55.98793
55.91283
56.01127
123.33263
240.16067
234.30610
136.16483
56.34417
55.92990
55.81193
57.07424
60.43149
60.70510
60.77030
57.70533
118.88057
241.66670
235.25153
140.13367
60.64883
61.04513
61.15103
379.45117
131.07647
244.31790
237.29093
239.33667
114.88300
59.41903
59.76790
59.04053
59.25627
59.58567
59.19907
96.81753
118.43873
439.46913
909.33133
293.85313
287.99270
183.64223
117.85477
117.44567
118.02370
119.92280
115.95940
115.69607
116.35243
116.36010
115.81486
115.40980
116.14017
116.94643
116.39750
261.78350
292.16437
286.46080
282.13310
133.26360
118.02077
116.85617
116.32690
117.08303
166.08507
329.27560
476.01993
592.89170
1521.21663
809.09163
308.85653
573.31413
1434.35560
877.91303
314.51373
625.27877
692.85893
120.79673
126.68600
127.03650
1005.48750
128.63323
131.89287
143.24893
142.17903
366.15123
369.86873
313.87247
308.99163
302.95782
141.10983
139.77410
140.04710
140.56307
148.54610
138.72353
140.54000
140.98680
143.29630
141.25220
299.03610
313.01090
308.49053
254.78093
143.44127
142.38867
142.61143
145.68450
142.56367
141.78113
140.91657
141.15743
141.66650
141.29650
140.48380
140.57380
126.59140
166.27723
302.32530
372.65510
367.51430
362.73393
367.48133
201.87133
131.07950
130.57160
129.72423
129.80397
129.87717
129.79063
130.16500
131.92960
134.29733
134.08337
131.03810
131.28213
131.74320
195.40757
325.83323
319.21510
313.98537
167.75057
131.44337
131.34810
131.50307
131.13953
131.26317
131.26620
131.57340
131.41117
191.81910
322.75390
315.92490
256.15287
130.95473
131.18803
131.19397
130.67070
130.87887
131.15167
131.16353
131.21803
131.28060
131.55007
131.51533
270.24683
320.21927
315.88173
212.17580
134.79633
134.88957
133.90260
131.71263
131.62130
131.19470
131.43043
131.18510
192.94447
321.13163
315.02987
220.53730
131.34457
131.83497
132.12840
131.88147
131.43763
131.07517
131.19927
130.78697
130.90097
131.16123
143.76773
326.17340
317.20290
302.16144
132.28347
131.19637
130.87200
130.67157
130.42833
130.82750
130.83843
131.02720
130.83730
262.56710
316.97303
312.02407
144.82377
130.18707
129.95907
130.09937
185.77437
187.52630
157.13903
156.52547
155.75713
261.74680
480.73090
530.16667
1411.76117
1328.31753
392.92317
372.67537
743.05903
129.89637
128.53617
514.15990
1311.48087
128.56973
128.27690
128.74680
129.07820
128.32407
287.32577
304.07860
297.61447
198.19647
127.77717
128.20590
127.48323
127.20290
126.65533
127.09373
127.28290
127.01930
201.20003
622.48697
678.23360
263.85990
127.64610
129.56723
128.21383
127.93327
127.42060
128.47550
127.94373
127.62817
127.48703
128.28150
128.20497
176.16217
305.63433
299.69253
293.24713
162.50117
99.83587
57.28433
57.07607
56.98507
57.04793
57.49560
57.40440
57.42547
57.42493
57.75680
190.65433
239.18660
233.17787
116.96786
56.87800
56.82080
57.24320
57.75250
57.16673
57.12937
57.30820
57.39060
56.87110
233.37670
236.09880
212.45067
93.67650
127.96887
129.48597
131.29823
130.45767
129.81297
129.47883
129.24227
128.80040
128.89660
129.88427
263.49330
303.63817
297.51173
197.17917
128.69967
128.24937
128.17057
128.52440
128.61467
128.47550
128.88257
128.49907
314.76937
299.91720
257.84140
127.81000
127.97367
127.84863
127.76860
129.09127
127.46767
127.07053
126.60320
127.00757
261.84110
302.51340
296.63223
161.87993
128.23857
126.84740
127.85740
127.73880
127.48437
127.69927
127.60457
127.64747
127.30057
127.14123
207.56527
1075.89177
461.32100
242.96977
127.22380
127.19453
254.47903
225.54270
190.15233
200.53100
200.31120
200.01063
200.01887
292.04870
381.45917
375.42827
323.32042
0.00000
0.00000
0.00000
0.00000
0.00000
0.00000
0.00000
0.00000
0.00000
0.00000
0.00000
0.00000
0.00000
0.00000
0.00000
0.00000
0.00000
0.00000
197.57868
210.18257
209.24063
200.10797
200.91207
463.28810
380.46337
374.47100
323.63237
721.91277
646.51233
129.01937
128.66283
128.78667
128.86173
129.10537
129.22383
128.94290
128.04620
263.48213
314.92047
309.53167
180.64433
128.16540
128.08837
128.43370
128.77790
128.66123
129.05347
129.60637
129.40857
128.17913
257.60393
315.23020
309.21907
156.93267
128.62810
129.10757
129.08527
129.42680
129.47707
130.05377
130.12567
129.89637
131.07193
198.91970
320.43707
312.95757
222.24783
130.84217
132.39933
130.99617
131.08017
131.61500
131.42593
131.25743
131.23853
131.73333
164.06060
323.52113
314.85593
242.10560
130.36493
130.30567
130.57767
130.99553
130.68143
130.26127
130.77883
130.83693
130.50883
132.48300
133.16023
310.58007
323.55631
554.76220
554.93340
555.05683
161.28047
133.25357
133.33013
275.06670
331.95870
325.53993
321.50177
318.06157
314.75472
311.83467
177.76187
133.47457
130.81573
130.48097
130.95690
131.03377
130.94237
131.23063
131.19767
130.79797
130.70337
131.05817
223.84703
321.74190
314.80977
309.92963
134.74780
130.56607
130.63277
130.73755
130.17723
130.40957
130.25537
147.45460
322.87363
313.76227
237.05077
130.74693
130.83323
131.20380
130.89270
153.17077
1072.73700
440.33117
274.69303
626.04973
370.12630
362.63007
221.19650
187.51430
187.67849
187.44837
186.58107
195.82013
1110.37027
199.79397
199.43840
199.11773
270.17493
380.65707
374.60960
296.94860
200.15053
200.32320
179.93097
127.92430
128.49537
164.03690
214.70963
151.42517
149.46397
1482.94293
1173.43577
553.84600
472.39280
57.42500
57.04453
57.30080
57.39513
57.32317
57.11687
57.20327
57.43043
57.16767
56.93273
87.55280
243.18527
235.08563
212.51107
56.97920
56.99450
56.72230
56.81193
57.31097
57.59667
57.64087
57.09457
57.32343
140.59467
238.20130
231.49117
112.96737
57.62120
57.28263
57.20870
57.49973
57.47583
57.26857
57.47567
57.82263
57.75340
57.21753
125.49613
238.99533
232.33470
146.58513
56.71183
57.01470
57.11100
56.81427
56.77310
56.92827
57.19880
57.12653
56.97367
57.23793
189.73253
235.78817
229.69950
77.86977
57.42307
57.09380
56.80583
57.28783
57.22150
57.38627
57.08847
57.76700
57.22003
57.08437
136.07640
239.31550
232.31947
137.07527
56.89743
57.34847
57.04650
56.76330
56.73413
57.26677
57.48827
57.25853
56.93410
57.38463
230.13420
234.72450
199.07603
57.33337
57.07487
57.15777
57.00383
57.45683
56.99607
57.16193
57.01540
57.28573
56.94983
57.09427
161.08040
238.59500
231.72627
155.31423
1046.23283
1015.84127
264.06257
726.05397
130.72530
131.51913
545.88893
152.25470
308.35150
299.73497
237.41883
128.70463
128.50950
128.82370
128.18943
128.64250
128.89513
129.65180
129.76243
129.33680
163.04497
291.95237
382.49943
376.48157
442.13810
974.62687
200.16540
199.93973
199.77567
199.99140
199.01690
198.65200
198.61623
198.53157
198.11800
273.63217
380.31653
374.37233
313.31667
198.46823
197.94537
139.58197
127.89500
128.00467
127.44960
128.19287
127.92517
128.22457
154.72003
320.55520
311.76120
271.51253
128.60140
129.02693
128.55197
128.73310
129.24020
128.81070
128.19467
128.43583
128.91340
128.48160
185.84000
317.80173
310.94727
253.19253
128.43663
128.81763
129.28720
129.06580
129.04643
129.58130
129.71407
129.40287
129.35550
129.10777
196.43663
318.94790
313.05960
240.87790
130.48033
130.30567
130.40413
130.33633
130.32420
130.24303
130.07207
130.12510
130.09747
129.19873
129.22580
222.17637
318.99757
312.14047
239.89413
129.78787
129.93180
130.03907
130.08670
130.17020
130.38180
130.02797
129.96543
130.33187
150.97940
322.99973
313.98863
259.91467
130.56700
130.27737
130.41890
130.88457
130.79063
130.42030
130.10390
130.71127
130.83323
130.38803
130.13993
270.76453
316.83897
310.78957
0.00000
0.00000
0.00000
0.00000
0.00000
0.00000
0.00000
0.00000
0.00000
0.00000
0.00000
0.00000
0.00000
0.00000
0.00000
0.00000
0.00000
0.00000
0.00000
0.00000
0.00000
0.00000
0.00000
0.00000
0.00000
0.00000
0.00000
0.00000
0.00000
0.00000
0.00000
0.00000
0.00000
0.00000
0.00000
0.00000
216.00777
180.81467
167.42047
1506.44593
447.50153
348.88537
206.25780
205.85167
202.64920
200.84233
199.86970
199.55880
199.77537
1286.42217
1026.23210
322.21593
383.01837
376.01313
226.12993
199.77230
187.82500
115.77437
115.56367
429.14057
519.47220
69.53377
56.74707
56.91817
57.42810
201.31633
238.42793
232.34037
99.95557
57.35657
57.10910
57.14137
57.43533
56.99053
56.89613
57.01307
57.46970
57.09700
196.16603
238.25813
232.46770
80.28333
56.52843
56.72160
57.00627
56.63967
56.44100
56.93133
57.15733
56.99210
57.17130
57.36623
136.34500
240.40857
233.97407
152.62400
57.38873
56.91370
56.79707
57.08093
57.20293
56.91053
56.89663
57.25363
57.22013
56.85020
151.97900
240.36083
233.93753
134.19563
57.21310
57.43133
57.55430
57.51470
57.65863
58.05553
58.02567
57.92373
57.74997
58.07103
194.16587
238.78430
232.69350
105.97000
255.79277
57.33103
57.02597
57.78580
57.91497
57.30940
57.37923
57.98483
57.91657
57.61047
229.92807
237.72240
231.46993
67.09957
57.34103
57.83150
57.48517
57.52110
57.45450
57.47787
57.50730
57.31620
57.14153
176.34070
238.35913
232.17133
766.94557
328.47597
56.77477
57.62100
57.08247
57.81783
282.68000
55.91950
56.29323
56.63687
220.04637
235.96067
230.36517
65.64097
56.77990
56.92103
57.11757
57.24277
56.76427
57.15267
57.27337
57.43023
57.07963
57.82067
0.00000
0.00000
0.00000
0.00000
0.00000
0.00000
0.00000
0.00000
0.00000
0.00000
0.00000
0.00000
0.00000
0.00000
0.00000
0.00000
0.00000
0.00000
0.00000
0.00000
0.00000
0.00000
131.59850
128.46640
128.24467
128.22363
165.03903
1236.40240
373.20243
308.75660
185.15113
185.05747
185.22787
185.65507
185.37277
184.90333
185.59477
185.53593
185.69687
185.48670
157.99810
127.18607
127.25273
127.52673
221.03530
316.67070
309.17387
270.60223
127.82190
127.98660
128.24260
128.03910
128.49660
128.36943
128.56587
128.76683
248.41377
540.02457
540.14183
353.12757
129.78620
129.59257
129.30113
319.56573
326.82087
320.98893
317.28223
313.67427
310.11863
307.39297
204.51793
129.41093
129.79543
129.42413
129.68750
129.84737
130.28787
129.90277
129.87470
129.87597
228.21367
319.74463
313.88230
270.89730
130.73313
130.55183
129.99793
130.01587
130.24270
129.90340
129.52740
216.25923
316.45120
310.19143
163.35857
130.11840
130.11877
129.75567
130.01733
130.58007
130.51933
130.37973
130.17320
130.46603
299.85977
315.16233
276.13753
130.85897
130.64387
130.28427
130.21640
130.73623
130.57803
130.24797
130.18913
130.38240
130.37833
130.35847
270.52090
316.64530
310.19380
136.18850
130.38373
130.31630
130.04747
130.01183
129.87963
130.12473
129.79290
129.87453
153.02983
320.57593
311.09013
200.65397
129.40190
129.51700
129.90197
129.99710
129.84803
129.82027
129.41747
129.54300
129.81553
133.64637
129.50873
129.13237
273.28860
314.93433
307.81663
136.31670
128.30230
128.13113
128.18410
128.42160
128.51860
128.14053
59.64623
107.66910
238.66390
288.40883
184.36223
154.00230
1146.74777
513.92507
152.58500
152.02117
152.15643
151.89103
151.87113
152.15997
151.84307
332.11920
643.03937
324.21857
185.09717
150.80683
150.40130
149.93253
152.41937
155.36763
156.40327
156.47530
156.95057
170.81883
345.80380
336.15537
261.41953
157.38797
157.35583
157.02313
157.14410
156.95243
156.44323
316.65670
978.45577
418.44257
57.02997
73.22813
245.77497
235.40300
190.04667
56.45480
56.76823
56.50497
56.47557
56.58197
56.96507
56.73073
56.73333
56.80843
57.24487
56.89603
56.76717
96.55313
243.70773
235.74190
196.41920
56.88913
57.71270
57.22527
57.36927
57.40420
57.76463
57.52780
57.96243
57.73083
206.41517
237.89593
207.61720
57.52390
57.85110
57.83843
57.81040
57.71030
58.01693
57.47500
57.56440
57.70447
58.04243
57.73537
57.83287
58.02747
248.95323
239.16567
233.76483
63.81160
58.16213
57.69237
57.70647
58.05260
57.93183
57.70777
57.77480
58.13060
174.52973
240.52620
234.00530
64.11470
57.65313
57.46987
57.62733
898.77777
57.80313
57.46220
57.51990
57.98147
57.85903
57.69410
57.85523
65.84483
249.44947
238.44033
228.94043
58.41417
58.13187
57.63520
57.69383
58.04590
57.74077
57.83610
57.76147
58.22547
57.81137
216.70243
239.33080
225.40720
57.72593
57.65137
57.61783
58.11163
58.29447
57.80490
57.88123
58.18737
57.98963
57.97933
57.99217
149.30900
242.88703
236.63050
148.33563
58.20007
57.80053
57.91153
57.91760
58.38047
57.87423
62.37077
64.05740
64.32793
63.76630
62.20297
61.22893
235.14613
239.21170
232.86763
100.45623
57.52977
57.20280
72.94540
130.49937
202.36510
204.68490
150.68763
143.94410
294.92673
328.68137
322.00020
143.57450
143.75777
143.71460
143.63407
143.92587
144.00810
143.64530
132.48603
131.51440
130.49630
130.10143
247.82143
317.86113
311.88727
198.95363
130.38187
130.67400
130.58627
130.50870
130.83865
131.06491
131.25753
131.28710
131.36950
131.36873
130.84817
130.73067
146.78587
327.48160
317.32103
311.86297
154.18087
131.67290
131.73893
132.81020
132.13967
132.06917
132.10267
131.99253
132.31403
196.31147
321.93263
314.25817
213.53943
132.40843
132.19063
132.26933
132.72040
132.54800
131.96633
131.97620
132.07217
132.99440
132.74770
132.72353
132.66420
260.45927
321.61937
315.83217
206.33143
133.64387
133.31860
133.14230
133.17133
133.17493
132.94060
132.99433
133.00213
133.05223
179.00923
324.22583
317.47593
234.42283
132.71780
132.65270
132.90083
133.10693
132.84703
132.77190
132.99323
133.18563
132.85627
133.06983
133.63390
133.61023
320.34207
319.39010
314.03143
133.31550
133.22570
133.12043
133.39323
133.30603
133.10630
133.13437
133.28313
133.17197
132.73490
263.99497
320.04603
314.34853
142.54690
133.42690
133.95453
131.56610
131.03653
130.78310
131.22670
131.48763
131.46487
131.34157
131.50400
69.60567
56.98197
206.20357
238.13077
232.22520
90.49423
57.58307
57.50261
57.30533
57.46303
57.65863
58.07400
57.57540
57.41993
78.54857
243.22717
233.79070
151.61140
56.78627
57.03693
56.95047
56.56420
56.35340
77.80823
159.26300
286.27840
362.35740
1854.01977
1410.83797
589.72577
572.39680
429.37403
133.83017
131.29117
129.99403
130.36800
127.10040
126.87283
127.08597
127.05240
127.11203
126.98310
200.34307
303.76756
297.09517
237.78323
127.00137
127.13990
126.86650
127.14573
127.61913
127.26427
126.73160
507.73413
1075.10690
544.46707
476.18923
293.52517
143.33913
127.27853
126.78727
126.44130
126.70693
126.44620
126.41753
126.08307
126.20643
127.24597
126.56000
126.62477
552.60543
616.93793
454.25253
300.04897
293.38557
156.46420
126.03327
126.11520
126.42757
126.97510
126.62460
127.48697
296.84430
297.82167
242.13100
126.40567
126.54940
126.83937
126.72380
126.94387
127.25307
126.94110
126.66597
127.32757
128.08550
128.24270
127.32470
267.20817
309.52580
300.85740
294.75770
163.01010
126.95993
126.87727
126.95073
68.51507
56.50490
161.34717
237.69700
231.94237
86.04503
56.39683
56.34673
56.53240
56.83993
56.42913
56.53653
57.09627
56.83987
56.32967
56.28770
56.50733
117.80617
748.81133
2962.49323
2626.45177
2809.13573
2527.31510
2797.71873
2837.01480
2608.09167
2242.36353
1468.14030
1316.64047
237.08530
250.07957
244.69077
240.80730
236.95220
233.59563
231.28257
229.16880
182.52867
56.66297
56.54677
56.66553
56.74843
56.50627
56.31340
56.79480
57.01407
57.06147
57.02528
57.54220
57.32433
56.92880
56.36817
56.86157
56.79807
252.12017
239.54427
234.59383
230.81589
228.14113
82.81263
57.09067
56.81340
56.54153
56.43807
56.88000
56.61960
57.45853
57.35733
57.73867
57.40800
57.30733
57.49167
58.26243
57.63497
102.27477
245.06510
238.79440
233.55743
230.15247
151.28053
57.93873
57.36693
57.22397
57.37153
57.70360
57.27271
57.30480
57.48602
57.73357
57.23233
57.31733
58.20610
57.98240
57.57923
57.83667
238.96683
769.20850
658.44577
1343.79027
2204.00053
1221.64287
1685.24020
1184.24180
1151.83953
204.46577
132.74810
131.82820
131.75960
131.45043
131.21543
131.44633
132.07867
132.03477
132.33817
132.37773
204.59743
326.06207
320.65217
315.44167
311.20207
172.42367
136.44940
158.95653
132.25503
132.81353
132.44605
132.39003
132.74737
132.20053
131.58410
131.82883
132.32330
132.50350
132.29740
132.06787
132.45493
263.34300
323.95723
318.27030
313.78583
274.18653
131.84063
131.94640
132.69543
132.59662
132.28623
133.39398
133.30152
133.15098
132.90383
133.48863
133.94693
135.96442
135.44013
134.74447
132.45180
133.14217
300.04243
322.70873
317.35670
313.08403
230.24510
132.78877
134.58487
132.82370
132.66713
132.35947
132.08180
132.37280
132.36847
132.22617
132.04130
132.72623
132.14673
132.04227
132.38870
133.40293
133.07343
296.39447
323.53490
318.33253
311.16720
225.54213
131.13157
131.07583
130.39897
131.10157
131.22277
131.37660
131.25290
131.17087
131.03460
130.83610
130.63883
130.50983
130.41353
130.51940
130.17577
130.17517
279.54593
319.03060
500.65427
1497.43223
350.74787
181.13947
128.97020
128.83363
128.61110
129.23773
149.06280
203.44363
1592.09067
3094.28970
2783.53223
2749.31813
2753.31600
2447.16273
2367.80383
3200.64083
2840.42903
1758.82077
1683.84530
1285.59030
55.96500
210.89457
55.73597
55.97247
56.17357
56.44090
55.86950
56.29577
56.20003
56.31980
56.03547
56.59643
56.58950
56.70287
56.54127
56.70757
179.01137
241.45657
287.02110
333.28450
331.00253
252.66990
153.54577
153.32077
152.66557
153.53510
156.32453
155.83203
155.65883
175.88177
159.16660
153.55843
158.90643
1502.31820
1663.01107
2835.56823
1868.18403
1690.75407
1399.75553
1698.61217
1691.51837
1591.45240
2030.37647
2214.12913
1528.50900
608.35447
1077.46087
948.78103
91.35330
64.58027
1425.87930
900.05703
1080.04157
1990.52570
2068.10977
1973.15423
2094.12047
639.03580
337.74943
56.98393
57.09753
56.66957
56.63107
57.28637
57.00183
154.96143
244.93433
238.68023
234.02253
91.96153
56.97480
60.75393
57.52547
59.51160
58.49213
56.83730
57.68677
58.67983
56.22793
130.82010
247.47690
242.43090
237.64700
234.80113
233.21460
231.12407
127.45960
57.50413
56.90560
56.06813
56.29720
57.19060
94.38763
432.79393
750.64367
130.99913
129.61590
129.40760
129.33930
129.42790
129.21527
129.11613
305.91030
322.65270
317.72560
313.47453
328.84610
335.27030
275.04507
140.31860
140.06010
140.99630
140.46390
139.69787
139.37927
139.59360
138.91510
139.14093
143.40667
349.68590
139.09610
139.30907
138.35990
138.65253
190.81860
333.62513
327.93680
323.94837
344.27463
375.80013
367.63997
250.53485
352.93119
197.62207
196.15227
163.67673
127.68993
127.29610
127.38287
127.67197
127.46647
127.86260
127.78347
127.71443
127.74600
128.15757
127.82427
128.23940
268.92157
322.21540
317.46977
313.32280
310.19143
255.42927
129.20660
129.25287
128.41757
128.40487
128.56777
128.82807
128.55833
129.07667
128.99163
129.11183
128.74717
129.42190
129.47380
129.49717
252.78747
323.06037
317.69307
314.06360
311.55620
173.67237
130.44033
130.22273
130.97000
131.60993
131.50843
131.36343
131.68827
133.38923
131.22577
131.35877
131.27313
131.52907
131.63360
131.37077
334.77730
323.93463
316.94877
312.83110
251.15847
130.59957
130.66490
130.38103
130.36877
130.75613
130.98450
130.67017
130.41390
130.86273
130.88110
131.02643
130.87230
131.08293
130.88483
297.97757
322.10647
317.27610
313.64713
247.35623
131.14757
131.14433
131.38600
131.42287
131.37783
131.44067
131.44893
131.21993
131.12220
131.10707
131.30850
131.09520
131.05710
131.13373
332.51530
320.96570
478.06037
552.22163
551.83130
340.26363
131.26493
131.28433
202.55790
336.48780
328.46763
323.98210
320.46953
316.73583
313.43693
311.71147
310.00817
184.33393
189.98530
220.91427
184.85077
198.72280
1353.49947
200.55040
200.81037
200.93997
200.30677
199.65953
198.14400
196.96643
198.07920
352.38087
1908.79210
1035.18437
771.57640
578.28287
431.27553
391.29867
383.59790
382.01590
366.08690
1079.55120
1101.28867
203.91010
287.06773
244.70990
232.18020
203.88773
57.44037
57.28333
57.25783
56.94253
56.78700
56.95477
57.06977
57.36807
57.19240
57.07937
56.84903
57.19113
57.15103
56.54233
56.60687
56.80320
56.49723
193.24660
241.19740
237.00647
232.53997
222.67197
56.90810
57.29620
56.90243
56.83723
56.82513
57.05267
58.27073
58.58957
58.55613
59.11803
58.82743
58.57207
58.57573
58.88447
110.34657
245.91077
237.81490
233.09653
229.50017
92.91883
58.19317
56.63777
56.43413
207.78627
56.90890
56.93983
56.57753
56.63643
57.10527
57.09973
56.67907
56.82590
56.91637
240.87303
238.86920
233.95197
230.17780
139.34627
56.78197
56.83263
57.03673
56.91033
56.67780
56.99243
56.92850
56.93590
56.80343
195.28977
237.89923
232.57960
195.25297
56.60580
56.91127
56.74757
56.52070
56.43033
56.96987
56.71917
56.51440
56.63743
57.16987
206.49583
241.58973
235.68450
231.71880
228.42530
56.85260
56.61477
56.89477
56.89937
56.75353
56.76400
56.98537
56.73840
56.49203
56.53767
68.34693
286.32927
301.78947
304.25707
300.20900
136.70190
130.22317
130.10893
130.15353
129.20953
129.44993
129.40460
128.96750
128.29293
128.39483
128.94707
129.13157
128.65840
129.11620
129.41047
128.97820
127.21163
127.52627
127.86137
138.81660
312.03930
302.52733
708.02640
720.84497
721.30067
176.44177
128.82990
128.22407
127.89493
132.24550
129.51370
142.17627
137.37880
148.26483
143.64173
141.74543
141.45490
1109.44700
318.10137
311.87663
605.01653
287.48147
140.74850
143.42000
139.84460
139.53163
139.97493
140.07647
139.63197
114.69707
63.57560
55.72633
56.73657
55.43457
55.36120
88.13440
242.60233
236.12963
232.38847
229.17947
61.71580
55.94203
56.11133
86.12937
128.13643
127.84760
128.06420
128.06660
128.06643
128.74750
146.41483
149.40403
251.11747
318.90463
314.57503
310.26307
195.52643
129.50747
129.47533
129.07513
129.15473
129.92337
130.17850
130.05470
130.25273
129.97857
129.82427
129.55347
129.56073
129.75523
130.07533
164.94120
324.53923
318.55667
314.37647
293.23300
130.23160
130.29463
130.42280
129.28123
129.36507
129.76063
129.70450
129.29813
129.46913
129.96873
130.12507
129.82403
129.85980
135.89663
326.92170
317.79603
312.92173
270.91297
130.08353
129.87580
130.16530
130.51763
130.40007
130.15623
130.22153
130.11717
130.12630
130.12417
129.90693
130.35947
130.25617
130.35190
182.25363
324.10183
317.30573
311.54443
236.42290
130.26063
130.13613
129.99600
129.86613
130.33420
130.54597
134.31143
130.42987
130.46847
130.05923
130.64477
130.48663
131.01373
251.84690
320.00887
314.40377
310.50320
140.98103
130.17043
129.82237
129.97440
129.44510
129.38613
129.74843
129.91670
129.80287
129.59900
198.28927
160.50093
193.82587
308.14170
385.18637
380.46150
374.58970
399.38347
383.24817
384.00887
382.64500
1413.64263
1129.88503
817.66430
441.46130
295.91817
250.22540
116.94517
459.60807
840.12927
519.50363
1263.38020
439.99053
297.19843
288.17453
282.91993
672.29170
418.42023
56.89210
57.03623
56.71860
56.65263
57.15977
57.04443
56.67450
56.78130
57.18507
56.95717
300.89040
336.91890
334.06840
325.03260
78.46863
114.45113
116.08483
127.29510
414.08270
1090.08553
236.99997
235.69310
230.03640
227.35443
80.42630
57.58273
56.76083
56.36612
56.82827
56.90587
56.35470
56.66013
204.96860
236.25197
231.32310
228.27463
82.43847
57.13747
57.09733
57.05447
57.45200
56.91983
56.90673
56.86927
57.24493
56.63250
56.37937
56.61903
56.89737
56.62643
56.57750
56.57563
56.80800
56.52673
56.57820
223.86943
240.89470
236.03487
231.81040
229.04017
157.36343
56.56053
56.93547
57.32773
57.69403
57.18753
57.11150
57.32487
57.51303
236.91000
237.07193
232.26543
229.71160
57.81270
57.04373
57.40697
57.64840
57.30080
57.24130
57.58857
58.32563
59.89217
57.53370
58.03360
57.79643
57.51310
57.53917
58.19807
57.96280
57.52630
57.53290
57.88963
223.96567
242.37390
237.51037
233.53743
230.76337
115.08667
57.53613
57.70710
57.61473
57.46867
57.52547
57.81350
57.69110
57.52350
57.47947
138.30560
304.20463
469.31980
469.48453
366.72617
57.46777
57.23550
57.22170
246.97360
250.30903
244.62833
241.08097
238.00193
234.47530
231.58660
293.79087
370.15407
146.20657
146.71360
148.09147
1060.59190
143.99287
143.66260
144.53707
143.98103
144.14523
144.81740
144.92583
144.44217
201.32950
318.74947
313.35807
308.66487
305.10953
250.44657
142.53073
142.64317
141.89160
141.63793
142.17850
141.61337
140.91897
141.50613
141.75010
142.20237
140.75403
140.53617
141.26067
140.36210
1053.04607
75.01090
307.23327
318.86230
313.42856
309.19183
294.68047
129.82810
129.39053
129.53263
130.08763
129.94603
129.65500
130.08677
131.22790
130.72810
130.24117
130.31543
130.72020
130.86553
130.77567
130.96960
131.10340
237.71237
321.55000
316.97883
312.58753
309.84993
148.18639
131.38273
131.69467
132.98833
131.88587
131.78850
132.30590
132.10810
131.79140
131.76033
132.10513
132.47087
132.28690
132.36613
132.58530
132.29203
210.80307
324.78660
319.59883
315.16347
311.80497
152.05217
132.66050
132.52692
132.70720
132.60233
133.23153
135.36800
135.06287
135.39100
135.81850
136.21356
134.83157
135.71447
135.31690
134.58067
134.33527
268.31138
328.72520
322.73607
317.83637
257.02733
133.46607
131.91383
132.14417
133.48590
132.21737
131.67503
131.65507
132.49683
132.06580
131.87847
131.61537
131.76627
131.62543
131.39497
131.58270
134.73040
262.44833
321.28573
315.58143
311.74460
257.54667
131.16013
131.13373
131.12047
131.22157
130.88313
130.94410
131.48173
130.64660
130.46623
130.47010
130.73067
133.88440
229.67330
187.71233
1254.73843
619.14787
391.39837
383.56807
377.11857
374.72747
242.13513
201.06153
200.50860
914.38713
1859.13313
346.73840
211.87057
211.37467
211.99260
211.48633
211.01060
211.67070
212.03840
310.56803
399.89447
392.92870
388.77193
347.36087
699.37257
501.20807
57.61917
57.94730
57.70680
57.33200
57.42627
57.64060
58.00273
57.39160
57.48000
57.58953
57.38133
56.99877
57.13843
57.44133
57.46393
167.77197
242.15000
236.81387
232.83093
229.63553
87.92690
57.45077
57.27840
57.09063
57.04693
57.40247
57.04370
56.90510
56.79033
57.19447
56.97480
56.96893
57.29607
57.60790
57.46043
89.41607
245.26130
238.68097
233.48990
229.93177
132.56113
57.18060
57.18140
56.97737
57.09243
57.26960
56.62257
56.53967
56.63847
56.85277
56.71840
56.91593
57.05307
57.20763
56.96177
56.69380
134.60310
243.70123
237.74323
232.61300
229.79537
115.35143
56.88450
56.85280
56.97193
57.22457
56.85733
56.91253
57.13853
57.39530
56.85097
56.55443
56.79590
57.10613
56.72103
56.74100
75.05847
248.16353
240.06277
234.97260
232.04753
174.86160
56.94950
57.02417
57.38893
57.34083
57.22860
57.27433
57.65253
57.65633
57.20607
57.23377
57.61650
57.45340
57.15280
57.17260
57.41540
111.55517
245.54067
239.92937
235.25010
231.82497
168.60117
56.76897
57.21240
57.19363
56.98143
57.03167
57.38240
56.98363
56.65140
74.73167
117.96667
257.12973
300.78480
304.09423
305.57367
298.61390
166.01847
129.57537
129.86423
133.82397
200.40400
138.14210
133.03620
132.20787
130.60867
130.80923
130.64133
129.96027
129.81427
129.97543
130.21540
130.28330
130.72493
131.50143
210.04697
308.29150
302.64527
298.09150
295.43160
218.41183
130.75470
130.87137
130.80300
129.75373
129.00837
129.64247
129.91827
142.49690
199.12203
199.83760
200.32350
199.95453
199.70503
199.71540
1207.10460
323.23253
317.22367
312.46620
309.62797
177.02053
128.23710
128.44840
128.79333
128.88437
129.14013
129.30353
129.18923
129.18853
129.83907
130.19620
130.22830
130.01340
130.14527
130.24860
283.18257
321.44640
315.95953
312.27210
301.40813
130.48310
130.93143
131.25933
130.92107
130.42280
130.51053
130.64223
131.83387
130.29377
130.28780
130.75327
130.42300
130.56233
130.71487
179.34033
325.80267
320.27460
315.37683
312.50670
207.14597
131.16757
131.29887
131.65973
131.59800
131.78387
131.77733
131.75310
131.68777
132.00740
132.25653
132.23843
132.05200
131.79147
131.81433
319.14237
322.94127
317.75867
314.17337
254.28473
130.95033
131.02020
131.20100
131.39897
130.86127
133.76253
131.18060
131.02900
130.70080
131.12667
131.35187
131.44173
130.87867
131.03513
256.75677
322.72677
316.73547
312.80550
303.42570
130.56267
130.09733
130.41583
132.10673
130.48250
129.63133
130.27303
130.81877
130.67627
130.20110
130.16010
130.21443
130.78800
131.34037
131.64630
369.04333
0.00000
0.00000
0.00000
0.00000
0.00000
0.00000
0.00000
0.00000
0.00000
0.00000
0.00000
0.00000
0.00000
0.00000
0.00000
0.00000
0.00000
0.00000
0.00000
0.00000
0.00000
0.00000
0.00000
0.00000
0.00000
0.00000
0.00000
0.00000
0.00000
0.00000
0.00000
0.00000
0.00000
0.00000
0.00000
0.00000
0.00000
0.00000
0.00000
0.00000
0.00000
0.00000
0.00000
0.00000
0.00000
0.00000
0.00000
0.00000
0.00000
0.00000
0.00000
0.00000
0.00000
0.00000
0.00000
0.00000
0.00000
0.00000
0.00000
0.00000
0.00000
0.00000
0.00000
0.00000
0.00000
0.00000
0.00000
0.00000
0.00000
0.00000
0.00000
0.00000
0.00000
0.00000
0.00000
0.00000
0.00000
0.00000
0.00000
0.00000
0.00000
0.00000
0.00000
0.00000
0.00000
0.00000
0.00000
0.00000
0.00000
0.00000
0.00000
0.00000
0.00000
0.00000
0.00000
0.00000
0.00000
0.00000
0.00000
0.00000
0.00000
0.00000
0.00000
0.00000
0.00000
0.00000
0.00000
0.00000
0.00000
0.00000
0.00000
0.00000
0.00000
0.00000
0.00000
0.00000
0.00000
0.00000
0.00000
0.00000
0.00000
0.00000
0.00000
0.00000
0.00000
0.00000
0.00000
0.00000
0.00000
0.00000
0.00000
0.00000
0.00000
0.00000
0.00000
0.00000
0.00000
0.00000
0.00000
0.00000
0.00000
0.00000
0.00000
0.00000
0.00000
0.00000
0.00000
0.00000
0.00000
0.00000
0.00000
0.00000
0.00000
0.00000
0.00000
0.00000
0.00000
0.00000
0.00000
0.00000
0.00000
0.00000
0.00000
0.00000
0.00000
0.00000
0.00000
0.00000
0.00000
0.00000
0.00000
0.00000
0.00000
0.00000
0.00000
0.00000
0.00000
0.00000
0.00000
0.00000
0.00000
0.00000
0.00000
0.00000
0.00000
0.00000
0.00000
0.00000
0.00000
0.00000
0.00000
0.00000
0.00000
0.00000
0.00000
0.00000
0.00000
0.00000
0.00000
0.00000
0.00000
0.00000
0.00000
0.00000
0.00000
0.00000
0.00000
0.00000
0.00000
0.00000
0.00000
0.00000
0.00000
0.00000
0.00000
0.00000
0.00000
0.00000
0.00000
0.00000
0.00000
0.00000
0.00000
0.00000
0.00000
0.00000
0.00000
0.00000
0.00000
0.00000
0.00000
0.00000
0.00000
0.00000
0.00000
0.00000
0.00000
0.00000
0.00000
0.00000
0.00000
0.00000
0.00000
0.00000
0.00000
0.00000
0.00000
0.00000
0.00000
0.00000
0.00000
0.00000
0.00000
0.00000
0.00000
0.00000
0.00000
0.00000
0.00000
0.00000
0.00000
0.00000
0.00000
0.00000
0.00000
0.00000
0.00000
0.00000
0.00000
0.00000
0.00000
0.00000
0.00000
0.00000
0.00000
0.00000
0.00000
0.00000
0.00000
0.00000
0.00000
0.00000
0.00000
0.00000
0.00000
0.00000
0.00000
0.00000
0.00000
0.00000
0.00000
0.00000
0.00000
0.00000
0.00000
0.00000
0.00000
0.00000
0.00000
0.00000
0.00000
0.00000
0.00000
0.00000
0.00000
0.00000
0.00000
0.00000
0.00000
0.00000
0.00000
0.00000
0.00000
0.00000
0.00000
0.00000
0.00000
0.00000
0.00000
0.00000
0.00000
0.00000
0.00000
0.00000
0.00000
0.00000
0.00000
0.00000
0.00000
0.00000
0.00000
0.00000
0.00000
0.00000
0.00000
0.00000
0.00000
0.00000
0.00000
0.00000
0.00000
0.00000
0.00000
0.00000
0.00000
0.00000
0.00000
0.00000
0.00000
0.00000
0.00000
0.00000
0.00000
0.00000
0.00000
0.00000
0.00000
0.00000
0.00000
0.00000
0.00000
0.00000
0.00000
0.00000
0.00000
0.00000
0.00000
0.00000
0.00000
0.00000
0.00000
0.00000
0.00000
0.00000
0.00000
0.00000
0.00000
0.00000
0.00000
0.00000
0.00000
0.00000
0.00000
0.00000
0.00000
0.00000
0.00000
0.00000
0.00000
0.00000
0.00000
0.00000
0.00000
0.00000
0.00000
0.00000
0.00000
0.00000
0.00000
0.00000
0.00000
0.00000
0.00000
0.00000
0.00000
0.00000
0.00000
0.00000
0.00000
0.00000
0.00000
0.00000
0.00000
0.00000
0.00000
0.00000
0.00000
0.00000
0.00000
0.00000
0.00000
0.00000
0.00000
0.00000
0.00000
0.00000
0.00000
0.00000
0.00000
0.00000
0.00000
0.00000
0.00000
0.00000
0.00000
0.00000
0.00000
0.00000
0.00000
0.00000
0.00000
0.00000
0.00000
0.00000
0.00000
0.00000
0.00000
0.00000
0.00000
0.00000
0.00000
0.00000
0.00000
0.00000
0.00000
0.00000
0.00000
0.00000
0.00000
0.00000
0.00000
0.00000
0.00000
0.00000
0.00000
0.00000
0.00000
0.00000
0.00000
0.00000
0.00000
0.00000
0.00000
0.00000
0.00000
0.00000
0.00000
0.00000
0.00000
0.00000
0.00000
0.00000
0.00000
0.00000
0.00000
0.00000
0.00000
0.00000
0.00000
0.00000
0.00000
0.00000
0.00000
192.19042
340.97233
379.13240
322.01100
314.16803
298.43923
130.25243
129.72943
129.88970
129.66627
129.80447
130.08360
131.12213
131.10380
131.04753
131.58140
132.40707
134.60883
250.11787
325.75867
319.84497
315.46960
217.06610
132.52037
132.20423
131.75637
132.08713
132.24753
131.75483
131.17630
131.14987
131.15510
131.17417
131.13027
131.15003
131.30410
300.09468
322.86830
318.38433
314.64990
185.72503
131.41713
131.30763
131.67503
131.32193
131.45993
131.56247
131.95950
131.73353
131.46907
131.50120
131.95910
131.65340
172.80403
327.91980
321.62963
316.27353
280.57260
131.99483
132.19643
132.02800
131.79243
131.73723
131.91627
131.75393
131.68207
131.76197
131.89557
131.35087
131.49973
133.63625
283.95425
323.23603
317.96177
313.61447
158.69323
131.45843
131.64993
132.21620
132.34980
132.62027
132.17413
132.27300
132.16810
131.20453
130.97300
131.20097
131.08340
181.48940
324.40987
318.94430
314.13553
229.03370
130.13383
129.87713
129.60070
84.41640
113.81713
114.96080
667.80017
1428.62053
331.21773
303.71767
298.20680
284.96737
129.01407
128.92087
128.39443
128.59387
127.68043
155.43773
159.38520
158.04923
331.08917
397.04117
393.55273
373.84637
637.85607
570.27260
416.02583
128.56757
222.62377
280.37990
237.46060
231.25347
228.24287
104.97420
61.66543
55.90700
81.91117
156.36397
357.68393
1523.77060
105.19527
56.25820
55.97807
56.75373
56.33463
56.61067
118.35273
241.22540
235.04433
230.89033
204.11917
63.13417
1023.13960
260.67117
423.11933
116.00580
55.71573
56.45343
55.74927
55.65147
56.13057
56.21780
55.79033
55.86493
218.87050
238.69683
232.94950
229.28503
1963.83363
3535.37723
2742.74217
2643.31033
3863.88400
3858.77460
3270.87423
2285.25427
1701.28670
683.72277
695.45787
1171.52560
127.36493
126.97070
127.11007
1431.04910
2472.71743
2313.85073
2342.19183
2163.61697
2451.15717
2184.14943
2288.47080
2259.00350
2298.12750
2303.87117
1814.18050
1309.44710
1824.17503
860.99933
1174.75110
128.72237
130.24993
129.59160
273.59497
1587.93027
1122.74220
832.49203
1099.59603
969.12433
720.03810
127.63013
127.33683
127.01147
126.90373
126.15817
116.04747
67.10750
143.56987
249.89677
546.04870
233.57780
226.39277
56.28467
56.32033
56.64970
56.60140
57.15020
445.04707
56.20860
56.58613
56.28980
56.46350
56.33293
56.68803
160.33640
241.27160
235.50770
230.88253
114.83293
56.01760
56.13273
56.66910
67.90930
126.60360
128.60697
130.85360
130.51060
130.08947
136.33167
918.56313
481.60950
301.81107
295.00393
191.57007
130.74780
126.93303
510.18517
638.71650
127.60773
126.59177
126.80237
127.40977
128.43880
126.66817
131.64640
311.13093
302.24510
297.92987
231.10957
129.94817
130.30450
130.44873
130.73367
130.23417
130.58710
130.81877
131.28750
131.33130
130.84227
130.62270
130.92190
167.87913
307.45567
283.92943
311.11127
222.96040
128.71887
129.12083
129.62650
132.24773
129.25870
128.90803
129.29383
128.99827
129.17907
129.13387
129.61990
286.46297
318.79177
313.65400
267.25607
130.08440
130.00600
130.40187
130.38950
130.58920
130.65687
130.72733
131.76113
131.30613
130.85450
130.44877
130.95190
296.23497
320.37467
315.70833
258.75920
131.20063
131.64910
131.73637
131.90183
132.04947
132.23883
132.59517
132.55923
131.80020
131.95763
132.44967
157.43737
328.51860
320.51417
315.52043
197.60477
132.46517
132.37470
132.62197
132.64753
132.28457
131.97657
132.80503
132.88353
132.58427
132.42703
132.63097
199.41020
325.11910
319.05067
314.81087
146.38320
132.53343
132.57840
133.04543
132.92087
132.70983
132.33633
132.75260
132.66930
132.78793
132.57690
154.77900
328.63533
320.13163
315.54533
161.11203
132.94227
132.48150
133.66753
132.68363
132.66120
132.66080
132.49187
132.96637
132.96307
133.20740
133.52423
221.49497
325.19050
312.95000
200.81967
58.67373
106.11597
166.78523
221.20883
372.74487
1638.55010
869.07273
1223.77440
1507.42687
386.82497
247.89453
623.35060
636.33843
61.00507
55.02153
54.90030
55.14437
54.60447
54.81660
54.74620
55.14403
60.80200
145.12573
246.49230
240.59307
235.86640
68.00190
54.88393
55.37403
54.67473
54.88550
55.02757
55.09887
172.34590
238.93356
232.89123
80.57413
55.89619
55.92893
55.86411
55.81718
378.44044
383.51125
115.39538
116.39994
121.53265
120.82127
119.24447
115.87597
157.27657
296.04680
288.61017
283.92863
156.89320
114.20203
114.45817
114.99727
101.72430
54.50947
375.90693
175.65633
238.47490
413.64400
468.44193
467.37770
218.80893
54.44460
54.36100
141.73577
253.40267
245.21250
240.31367
237.35303
234.66123
231.87247
181.45820
54.69543
55.01143
381.44943
55.13127
54.79840
55.18380
54.69263
54.55837
183.25440
241.85197
235.97477
231.54753
111.91197
54.72237
906.03357
504.70577
54.30273
54.68303
54.23297
54.27723
122.76220
241.39907
235.61180
231.06180
75.64390
54.66657
54.04070
54.11150
54.37120
54.57283
54.18617
54.27913
54.42607
54.65117
54.25980
54.12857
85.35100
244.31243
237.23700
232.33873
157.88963
54.76207
54.42207
54.30670
54.31307
54.36820
53.95847
53.88913
54.43293
54.57273
54.26490
170.33640
1159.15377
3077.11493
1754.45777
1917.06457
540.07087
155.79037
155.84823
155.38783
155.79117
155.14407
154.71137
154.38650
153.74977
1516.89817
2990.61127
2676.91507
1349.71423
1173.30830
854.94577
114.74847
543.01740
1711.29880
2597.85153
2589.90067
893.93013
142.39263
141.06357
139.66883
139.82657
139.73267
139.73863
139.56067
139.49743
229.66393
329.44633
323.56427
318.42130
242.70280
138.08533
137.90943
138.35297
138.23327
138.48657
138.06897
138.15923
137.90507
138.69627
138.69907
138.72070
138.58927
138.38790
229.61877
327.95353
321.84953
318.16957
219.40247
139.23097
138.93067
139.24790
139.25023
139.74833
139.19687
139.27233
139.04340
139.75787
140.34277
141.23133
141.02120
141.17480
295.21053
317.71973
1253.82077
308.91917
134.58907
128.92953
129.22190
129.04080
128.28713
128.15527
128.68263
128.64543
128.44907
128.53917
128.93080
129.13653
129.21277
138.77860
327.47933
316.80583
311.45773
262.94383
129.33170
129.20533
130.71103
133.21810
129.46137
129.47223
129.62223
129.21317
129.54953
129.35750
129.65120
130.01070
130.62983
184.43380
323.27890
316.91113
312.17467
216.72900
129.85067
129.74223
129.82143
129.46437
129.29840
129.70417
129.99447
129.82170
129.82527
129.93500
129.97900
129.77047
167.80777
323.82173
316.80597
311.49777
205.19580
129.50153
129.72493
129.47917
129.61033
129.70943
130.64587
131.36000
129.26043
129.74650
129.88537
129.53347
129.31520
129.34033
129.27180
129.27880
324.25013
317.02413
312.31813
265.69880
129.34920
129.34193
129.52483
129.17983
128.82770
128.89737
129.15177
319.32797
313.73360
258.49200
129.40240
129.37930
129.33323
129.28787
128.82640
128.54700
128.11643
128.36760
129.41353
129.29883
128.82977
128.73640
128.68593
128.81630
128.57680
128.48550
119.82903
146.31570
252.40033
499.85123
1315.15380
685.33327
1481.99340
417.60820
116.98073
117.03233
76.03870
55.17230
55.09693
234.64757
234.56873
215.90767
54.92930
55.03763
55.02883
55.18667
54.83423
54.91117
54.84963
55.28617
54.86553
55.75343
55.53883
55.50490
55.00240
54.98950
55.19320
55.24383
81.10433
245.93150
238.10697
232.97123
193.78427
55.01130
55.25590
55.82657
55.04667
54.97710
55.06100
55.26480
228.35303
234.01083
227.05883
55.16960
54.82857
55.01960
55.34887
55.25807
54.81010
54.67917
54.92450
54.77363
54.67010
54.78607
55.08170
55.05933
54.87057
54.91673
54.95693
55.14573
198.44437
239.53283
234.06130
229.56273
100.58860
55.17340
55.37597
55.19263
54.82993
55.38543
55.45617
55.21193
161.24513
236.61747
231.30170
143.63727
54.79217
54.77933
55.54857
54.93703
54.75753
54.85020
54.97150
54.77287
54.58623
54.68250
55.02307
54.87087
54.93317
55.14150
55.59377
55.22090
195.77183
240.01837
234.79130
231.16903
113.22193
55.20180
55.47763
54.92913
55.04227
55.04560
55.34737
54.85650
54.62157
180.74557
238.53487
232.81603
171.60777
55.04693
55.26133
54.76690
54.72540
54.95527
55.05880
54.63800
54.71110
55.17784
58.98032
58.28586
57.93227
55.23914
55.15092
55.35554
109.99089
244.22040
238.11584
232.76894
204.36188
54.84736
54.78339
54.59058
54.01554
53.73236
54.47219
54.68691
54.31656
54.56766
55.11992
55.06320
66.59771
245.82795
236.43923
230.97985
172.98737
54.24877
54.62493
54.23568
54.04232
54.13180
54.28727
54.37530
54.13927
54.34131
73.27789
114.07536
113.99536
193.28674
1087.23978
277.39513
397.31638
392.89178
386.00504
374.36956
210.82717
210.99123
211.50574
211.37123
210.77386
210.49185
211.07292
176.10642
127.13493
127.58164
127.90440
127.55151
127.67437
201.34892
320.55253
314.50903
309.55107
231.62749
128.41595
128.25943
128.66131
128.74929
128.10413
127.98525
127.98781
128.43074
128.84890
128.71349
128.53520
128.75434
128.88267
255.26989
319.61909
314.80464
310.99179
180.60319
129.72818
129.80505
130.09204
129.86410
129.58889
129.98225
131.68615
130.02070
129.83090
130.08982
130.46781
130.19861
130.36176
168.85376
325.45155
318.62347
313.92026
279.93772
130.93516
130.57790
129.39538
129.69081
129.73000
130.08948
130.17765
130.80928
130.56571
129.94201
241.26699
319.94114
314.08349
298.45802
130.05690
130.36879
130.08751
130.00662
130.36502
130.73941
130.37338
130.36604
130.22635
130.32697
130.13292
130.19587
130.25496
130.64594
130.39442
160.96688
326.21909
319.02263
313.91992
478.08581
561.84843
559.40430
252.44283
130.01509
130.66755
197.28652
335.47434
326.80232
321.75453
319.15387
313.59668
311.49080
303.69949
167.81408
1239.17201
236.82982
484.54892
519.44723
202.81803
201.37189
201.16878
201.26253
201.28457
201.22358
321.18963
386.43068
380.54348
376.90888
312.03168
217.24989
215.25331
213.09886
153.98034
126.69993
126.21576
126.07981
126.01558
965.94285
487.83777
254.37136
318.04986
311.78103
272.82520
127.94663
128.27993
128.12722
127.94938
128.36537
128.52591
128.40652
128.08115
128.52642
129.23892
128.59130
290.66707
318.98713
313.10799
236.06905
128.56672
128.89520
129.08358
128.49289
128.09812
128.04320
128.10941
127.87782
127.67328
127.67107
127.96677
183.29856
319.93022
313.45747
308.91391
171.00841
127.58403
127.34198
127.47639
127.05924
127.71952
128.27204
128.50465
128.07256
127.63966
127.74631
176.83051
320.72580
314.34878
309.14533
161.51195
127.27283
127.29448
127.50695
127.62285
127.50974
127.37868
127.31637
127.31884
127.18052
127.19613
127.31505
206.74909
319.40536
313.00667
308.19687
155.29156
127.51052
127.46516
127.81792
127.77734
127.46409
127.52018
128.22331
128.15855
127.68011
127.69493
203.02295
319.58224
313.67230
309.38366
146.66395
128.29308
127.95563
127.94346
128.06380
128.17294
127.92978
127.91880
128.19328
127.97721
127.73129
127.90643
287.47798
317.49840
311.66914
268.99170
127.87041
127.80523
127.89842
128.09504
128.49119
128.26620
128.13732
127.88142
128.14881
128.05103
128.04004
198.65573
321.35199
314.91601
309.98725
167.16351
129.49333
129.54577
129.61312
129.55373
129.72297
129.32481
129.48483
129.94373
131.60821
0.00000
0.00000
0.00000
0.00000
0.00000
0.00000
0.00000
0.00000
0.00000
0.00000
0.00000
0.00000
0.00000
0.00000
0.00000
0.00000
0.00000
0.00000
0.00000
0.00000
0.00000
0.00000
0.00000
0.00000
0.00000
0.00000
0.00000
0.00000
0.00000
0.00000
0.00000
0.00000
0.00000
0.00000
0.00000
0.00000
0.00000
0.00000
0.00000
0.00000
0.00000
0.00000
0.00000
0.00000
0.00000
0.00000
0.00000
0.00000
0.00000
0.00000
0.00000
0.00000
0.00000
0.00000
0.00000
0.00000
0.00000
0.00000
0.00000
0.00000
0.00000
0.00000
0.00000
0.00000
0.00000
0.00000
0.00000
0.00000
0.00000
0.00000
0.00000
0.00000
0.00000
0.00000
0.00000
0.00000
0.00000
0.00000
0.00000
0.00000
0.00000
0.00000
0.00000
0.00000
0.00000
0.00000
0.00000
0.00000
0.00000
0.00000
0.00000
0.00000
0.00000
0.00000
0.00000
0.00000
0.00000
0.00000
0.00000
0.00000
0.00000
0.00000
0.00000
0.00000
0.00000
0.00000
0.00000
0.00000
0.00000
0.00000
0.00000
0.00000
0.00000
0.00000
0.00000
0.00000
0.00000
0.00000
0.00000
0.00000
0.00000
0.00000
0.00000
0.00000
0.00000
0.00000
0.00000
0.00000
0.00000
0.00000
0.00000
0.00000
0.00000
0.00000
0.00000
0.00000
0.00000
0.00000
0.00000
0.00000
0.00000
0.00000
0.00000
0.00000
0.00000
0.00000
0.00000
0.00000
0.00000
0.00000
0.00000
0.00000
0.00000
0.00000
0.00000
0.00000
0.00000
0.00000
0.00000
0.00000
0.00000
0.00000
0.00000
0.00000
0.00000
0.00000
0.00000
0.00000
0.00000
0.00000
0.00000
0.00000
0.00000
0.00000
0.00000
0.00000
0.00000
0.00000
0.00000
0.00000
0.00000
0.00000
0.00000
0.00000
0.00000
0.00000
0.00000
0.00000
0.00000
0.00000
0.00000
0.00000
0.00000
0.00000
0.00000
0.00000
0.00000
0.00000
0.00000
0.00000
0.00000
0.00000
0.00000
0.00000
0.00000
0.00000
0.00000
0.00000
0.00000
0.00000
0.00000
0.00000
0.00000
0.00000
0.00000
0.00000
0.00000
0.00000
0.00000
0.00000
0.00000
0.00000
0.00000
0.00000
0.00000
0.00000
0.00000
0.00000
0.00000
0.00000
0.00000
0.00000
0.00000
0.00000
0.00000
0.00000
0.00000
0.00000
0.00000
0.00000
0.00000
0.00000
0.00000
0.00000
0.00000
0.00000
0.00000
0.00000
0.00000
0.00000
0.00000
0.00000
0.00000
0.00000
0.00000
0.00000
0.00000
0.00000
0.00000
0.00000
0.00000
0.00000
0.00000
0.00000
0.00000
0.00000
0.00000
0.00000
0.00000
0.00000
0.00000
0.00000
0.00000
0.00000
0.00000
0.00000
0.00000
0.00000
0.00000
0.00000
0.00000
0.00000
0.00000
0.00000
0.00000
0.00000
0.00000
0.00000
0.00000
0.00000
0.00000
0.00000
0.00000
0.00000
0.00000
0.00000
0.00000
0.00000
0.00000
0.00000
0.00000
0.00000
0.00000
0.00000
0.00000
0.00000
0.00000
0.00000
0.00000
0.00000
0.00000
0.00000
0.00000
0.00000
0.00000
0.00000
0.00000
0.00000
0.00000
0.00000
0.00000
0.00000
0.00000
0.00000
0.00000
0.00000
0.00000
0.00000
0.00000
0.00000
0.00000
0.00000
0.00000
0.00000
0.00000
0.00000
0.00000
0.00000
0.00000
0.00000
0.00000
0.00000
0.00000
0.00000
0.00000
0.00000
0.00000
0.00000
0.00000
0.00000
0.00000
0.00000
0.00000
0.00000
0.00000
0.00000
0.00000
0.00000
0.00000
0.00000
0.00000
0.00000
0.00000
0.00000
0.00000
0.00000
0.00000
0.00000
0.00000
0.00000
0.00000
0.00000
0.00000
0.00000
0.00000
0.00000
0.00000
0.00000
0.00000
0.00000
0.00000
0.00000
0.00000
0.00000
0.00000
0.00000
0.00000
0.00000
0.00000
0.00000
0.00000
0.00000
0.00000
0.00000
0.00000
0.00000
0.00000
0.00000
0.00000
0.00000
0.00000
0.00000
0.00000
0.00000
0.00000
0.00000
0.00000
0.00000
0.00000
0.00000
0.00000
0.00000
0.00000
0.00000
0.00000
0.00000
0.00000
0.00000
0.00000
0.00000
0.00000
0.00000
0.00000
0.00000
0.00000
0.00000
0.00000
0.00000
0.00000
0.00000
0.00000
0.00000
0.00000
0.00000
0.00000
0.00000
0.00000
0.00000
0.00000
0.00000
0.00000
0.00000
0.00000
0.00000
0.00000
0.00000
0.00000
0.00000
0.00000
0.00000
0.00000
0.00000
0.00000
0.00000
0.00000
0.00000
0.00000
0.00000
0.00000
0.00000
0.00000
0.00000
0.00000
0.00000
0.00000
0.00000
0.00000
0.00000
0.00000
0.00000
0.00000
0.00000
0.00000
0.00000
0.00000
0.00000
0.00000
0.00000
0.00000
0.00000
0.00000
0.00000
0.00000
0.00000
0.00000
0.00000
0.00000
0.00000
0.00000
0.00000
0.00000
0.00000
0.00000
0.00000
0.00000
0.00000
0.00000
0.00000
0.00000
0.00000
0.00000
0.00000
0.00000
0.00000
0.00000
0.00000
0.00000
0.00000
0.00000
0.00000
0.00000
0.00000
0.00000
0.00000
0.00000
0.00000
0.00000
0.00000
0.00000
0.00000
0.00000
0.00000
0.00000
0.00000
0.00000
0.00000
0.00000
0.00000
0.00000
0.00000
0.00000
0.00000
0.00000
0.00000
0.00000
0.00000
0.00000
0.00000
0.00000
0.00000
0.00000
0.00000
0.00000
0.00000
0.00000
0.00000
0.00000
0.00000
0.00000
0.00000
0.00000
0.00000
0.00000
0.00000
0.00000
0.00000
0.00000
0.00000
0.00000
0.00000
0.00000
0.00000
0.00000
0.00000
0.00000
0.00000
0.00000
0.00000
0.00000
0.00000
0.00000
0.00000
0.00000
0.00000
0.00000
0.00000
0.00000
0.00000
0.00000
0.00000
0.00000
0.00000
0.00000
0.00000
0.00000
0.00000
0.00000
0.00000
0.00000
0.00000
0.00000
0.00000
0.00000
0.00000
0.00000
0.00000
0.00000
0.00000
0.00000
0.00000
0.00000
0.00000
0.00000
0.00000
0.00000
0.00000
0.00000
0.00000
0.00000
0.00000
0.00000
0.00000
0.00000
0.00000
0.00000
0.00000
0.00000
0.00000
0.00000
0.00000
0.00000
0.00000
0.00000
0.00000
0.00000
0.00000
0.00000
0.00000
0.00000
0.00000
0.00000
0.00000
0.00000
0.00000
0.00000
0.00000
0.00000
0.00000
0.00000
0.00000
0.00000
0.00000
0.00000
0.00000
0.00000
0.00000
0.00000
0.00000
0.00000
0.00000
0.00000
0.00000
0.00000
0.00000
0.00000
0.00000
0.00000
0.00000
0.00000
0.00000
0.00000
0.00000
0.00000
0.00000
0.00000
0.00000
0.00000
0.00000
0.00000
0.00000
0.00000
0.00000
0.00000
0.00000
0.00000
0.00000
0.00000
0.00000
0.00000
0.00000
0.00000
0.00000
0.00000
0.00000
0.00000
0.00000
0.00000
0.00000
0.00000
0.00000
0.00000
0.00000
0.00000
0.00000
0.00000
0.00000
0.00000
0.00000
0.00000
0.00000
0.00000
0.00000
0.00000
0.00000
0.00000
0.00000
0.00000
0.00000
0.00000
0.00000
0.00000
0.00000
0.00000
0.00000
0.00000
0.00000
0.00000
0.00000
0.00000
0.00000
0.00000
0.00000
0.00000
0.00000
0.00000
0.00000
0.00000
0.00000
0.00000
0.00000
0.00000
0.00000
0.00000
0.00000
0.00000
0.00000
0.00000
0.00000
0.00000
0.00000
0.00000
0.00000
0.00000
0.00000
0.00000
0.00000
0.00000
0.00000
0.00000
0.00000
0.00000
0.00000
0.00000
0.00000
0.00000
0.00000
0.00000
0.00000
0.00000
0.00000
0.00000
0.00000
0.00000
0.00000
0.00000
0.00000
0.00000
0.00000
0.00000
0.00000
0.00000
0.00000
0.00000
0.00000
0.00000
0.00000
0.00000
0.00000
0.00000
0.00000
0.00000
0.00000
132.13368
130.69271
129.38655
129.39767
127.04149
127.60977
127.41593
127.23859
128.07358
127.35860
127.37202
127.38313
127.89255
282.15494
315.49576
309.65041
209.59603
128.00597
128.52940
128.43696
128.98515
129.27144
129.02787
128.94440
223.79641
317.72776
310.61754
169.52460
128.58814
128.52996
128.57634
128.60819
128.73193
128.68369
128.43348
128.61158
128.84481
128.78621
128.85530
148.15534
324.65600
316.30759
311.19471
147.36714
129.58959
128.89850
128.51583
128.37007
129.16658
129.07350
128.99601
129.26919
259.02487
317.65210
312.20369
177.16609
129.29788
129.15211
128.69981
128.70174
129.25601
129.16682
128.82509
128.11749
128.04752
127.72007
127.66973
243.77660
318.35767
429.12118
546.60431
546.76646
279.67222
128.61277
128.36825
156.43868
336.80159
326.37922
320.84943
317.77768
315.15647
312.48478
309.87935
141.10304
128.36259
128.51402
128.49437
129.15353
129.41446
128.77295
127.99007
127.81825
128.19935
127.55714
256.07194
319.74655
314.09179
309.85964
169.71947
128.45792
128.83910
128.70504
128.59081
128.97348
128.87483
128.41133
128.09581
128.04387
183.94806
319.87706
312.95864
308.16982
158.07315
127.13680
127.08870
145.72647
222.33007
1173.16364
389.15837
364.83030
393.50041
387.42749
1139.30927
216.42786
212.64851
212.09184
212.37546
212.75277
212.59423
212.53517
212.83383
213.03804
213.01689
212.13755
322.25434
394.84958
389.56792
385.05719
220.19575
212.33659
211.74383
211.84418
212.27154
212.92535
197.87652
127.85318
127.90981
128.11487
127.73587
204.26736
320.74149
315.02163
310.35648
144.39620
128.35033
128.57745
128.47007
128.62088
129.10799
129.28545
129.03301
129.07030
129.41651
129.81752
300.31800
319.12796
313.04729
211.38856
129.78137
129.89576
130.14698
130.44905
130.22192
130.29668
129.57269
129.60445
129.34901
129.56446
129.90253
183.43859
323.14659
317.14265
312.96457
153.90109
130.94709
130.76574
131.11015
131.25232
131.19336
131.36007
132.81125
133.83400
132.75753
132.21247
192.48310
323.66080
317.22687
307.19240
130.99637
130.51303
130.57283
130.97437
131.29140
130.75100
130.64450
130.69283
130.83117
130.53347
130.73593
181.83207
324.61787
317.37237
312.30807
131.63693
130.83343
130.43840
130.55327
130.88883
130.68167
130.56060
130.80203
131.11880
131.03720
130.80280
204.48773
323.12270
316.83767
281.24620
131.14530
131.63950
130.76793
129.69153
129.62027
130.11443
129.95237
129.50337
129.43483
129.57893
129.19683
128.96760
255.70290
319.03867
312.40347
237.39133
128.05017
128.25457
127.54233
127.73910
127.34607
127.31060
127.28027
127.33503
127.74513
128.10120
307.56587
287.63640
230.19950
78.16907
56.88880
151.82327
159.39337
157.21347
155.94007
154.70467
89.24267
54.71080
54.44373
54.16393
1576.85773
405.54750
238.51573
232.26283
181.89807
54.40193
54.16570
56.01103
58.86560
56.47623
56.23000
56.20093
56.43493
126.76343
240.54817
234.42897
164.29363
54.00040
53.76193
53.52307
53.46767
53.63433
53.33160
53.54167
53.68667
54.62967
54.27463
54.32167
54.56230
54.88580
1476.57867
3338.70187
2126.12003
1868.65803
1556.62250
0.00000
0.00000
0.00000
0.00000
0.00000
0.00000
0.00000
0.00000
0.00000
0.00000
0.00000
0.00000
0.00000
0.00000
0.00000
0.00000
0.00000
0.00000
0.00000
0.00000
0.00000
0.00000
0.00000
0.00000
0.00000
0.00000
0.00000
0.00000
0.00000
0.00000
0.00000
0.00000
0.00000
0.00000
0.00000
0.00000
0.00000
0.00000
0.00000
0.00000
0.00000
0.00000
0.00000
0.00000
0.00000
0.00000
0.00000
0.00000
0.00000
0.00000
0.00000
0.00000
0.00000
0.00000
0.00000
0.00000
0.00000
0.00000
0.00000
0.00000
0.00000
0.00000
0.00000
0.00000
0.00000
0.00000
0.00000
0.00000
0.00000
0.00000
0.00000
0.00000
0.00000
0.00000
0.00000
0.00000
0.00000
0.00000
0.00000
0.00000
0.00000
0.00000
0.00000
0.00000
0.00000
0.00000
0.00000
0.00000
0.00000
0.00000
0.00000
0.00000
0.00000
0.00000
0.00000
0.00000
0.00000
0.00000
0.00000
0.00000
0.00000
0.00000
0.00000
0.00000
0.00000
0.00000
0.00000
0.00000
0.00000
0.00000
0.00000
0.00000
0.00000
0.00000
0.00000
0.00000
0.00000
0.00000
0.00000
0.00000
0.00000
0.00000
0.00000
0.00000
0.00000
0.00000
0.00000
0.00000
0.00000
0.00000
0.00000
0.00000
0.00000
0.00000
0.00000
0.00000
0.00000
0.00000
0.00000
0.00000
0.00000
0.00000
0.00000
0.00000
0.00000
0.00000
0.00000
0.00000
0.00000
0.00000
0.00000
0.00000
0.00000
0.00000
0.00000
0.00000
0.00000
0.00000
0.00000
0.00000
0.00000
0.00000
0.00000
0.00000
0.00000
0.00000
0.00000
0.00000
0.00000
0.00000
0.00000
0.00000
0.00000
0.00000
0.00000
0.00000
0.00000
0.00000
0.00000
0.00000
0.00000
0.00000
0.00000
0.00000
0.00000
0.00000
0.00000
0.00000
0.00000
0.00000
0.00000
0.00000
0.00000
0.00000
0.00000
0.00000
0.00000
0.00000
0.00000
0.00000
0.00000
0.00000
0.00000
0.00000
0.00000
0.00000
0.00000
0.00000
0.00000
0.00000
0.00000
0.00000
0.00000
0.00000
0.00000
0.00000
0.00000
0.00000
0.00000
0.00000
0.00000
0.00000
0.00000
0.00000
0.00000
0.00000
0.00000
0.00000
0.00000
0.00000
0.00000
0.00000
0.00000
0.00000
0.00000
0.00000
0.00000
0.00000
0.00000
0.00000
0.00000
0.00000
0.00000
0.00000
0.00000
0.00000
0.00000
0.00000
0.00000
0.00000
0.00000
0.00000
0.00000
0.00000
0.00000
0.00000
0.00000
0.00000
0.00000
0.00000
0.00000
0.00000
0.00000
0.00000
0.00000
0.00000
0.00000
0.00000
0.00000
0.00000
0.00000
0.00000
0.00000
0.00000
0.00000
0.00000
0.00000
0.00000
0.00000
0.00000
0.00000
0.00000
0.00000
0.00000
0.00000
0.00000
0.00000
0.00000
0.00000
0.00000
0.00000
0.00000
0.00000
0.00000
0.00000
0.00000
0.00000
0.00000
0.00000
0.00000
0.00000
0.00000
0.00000
0.00000
0.00000
0.00000
0.00000
0.00000
0.00000
0.00000
0.00000
0.00000
0.00000
0.00000
0.00000
0.00000
0.00000
0.00000
0.00000
0.00000
0.00000
0.00000
0.00000
0.00000
0.00000
0.00000
0.00000
0.00000
0.00000
0.00000
0.00000
0.00000
0.00000
0.00000
0.00000
0.00000
0.00000
0.00000
0.00000
0.00000
0.00000
0.00000
0.00000
0.00000
0.00000
0.00000
0.00000
0.00000
0.00000
0.00000
0.00000
0.00000
0.00000
0.00000
0.00000
0.00000
0.00000
0.00000
0.00000
0.00000
0.00000
0.00000
0.00000
0.00000
0.00000
0.00000
0.00000
0.00000
0.00000
0.00000
0.00000
0.00000
0.00000
0.00000
0.00000
0.00000
0.00000
0.00000
0.00000
0.00000
0.00000
0.00000
0.00000
0.00000
0.00000
0.00000
0.00000
0.00000
0.00000
0.00000
0.00000
0.00000
0.00000
0.00000
0.00000
0.00000
0.00000
0.00000
0.00000
0.00000
0.00000
0.00000
0.00000
0.00000
0.00000
0.00000
0.00000
0.00000
0.00000
0.00000
0.00000
0.00000
0.00000
0.00000
0.00000
0.00000
0.00000
0.00000
0.00000
0.00000
0.00000
0.00000
0.00000
0.00000
0.00000
0.00000
0.00000
0.00000
0.00000
0.00000
0.00000
0.00000
0.00000
0.00000
0.00000
0.00000
0.00000
0.00000
0.00000
0.00000
0.00000
0.00000
0.00000
0.00000
0.00000
0.00000
0.00000
0.00000
0.00000
0.00000
0.00000
0.00000
0.00000
0.00000
0.00000
0.00000
0.00000
0.00000
0.00000
0.00000
0.00000
0.00000
0.00000
0.00000
0.00000
0.00000
0.00000
0.00000
0.00000
0.00000
0.00000
0.00000
0.00000
0.00000
0.00000
0.00000
0.00000
0.00000
0.00000
0.00000
0.00000
0.00000
0.00000
0.00000
0.00000
0.00000
0.00000
0.00000
0.00000
0.00000
0.00000
0.00000
0.00000
0.00000
0.00000
0.00000
0.00000
0.00000
0.00000
0.00000
0.00000
0.00000
0.00000
0.00000
0.00000
0.00000
0.00000
0.00000
0.00000
0.00000
0.00000
0.00000
0.00000
0.00000
0.00000
0.00000
0.00000
0.00000
0.00000
0.00000
0.00000
0.00000
0.00000
0.00000
0.00000
0.00000
0.00000
0.00000
0.00000
0.00000
0.00000
0.00000
0.00000
0.00000
0.00000
0.00000
0.00000
0.00000
0.00000
0.00000
0.00000
0.00000
0.00000
0.00000
0.00000
0.00000
0.00000
0.00000
0.00000
0.00000
0.00000
0.00000
0.00000
0.00000
0.00000
0.00000
0.00000
0.00000
0.00000
0.00000
0.00000
0.00000
0.00000
0.00000
0.00000
0.00000
0.00000
0.00000
0.00000
0.00000
0.00000
0.00000
0.00000
0.00000
0.00000
0.00000
0.00000
0.00000
0.00000
0.00000
0.00000
0.00000
0.00000
0.00000
0.00000
0.00000
0.00000
0.00000
0.00000
0.00000
0.00000
0.00000
0.00000
0.00000
0.00000
0.00000
0.00000
0.00000
0.00000
0.00000
0.00000
0.00000
0.00000
0.00000
0.00000
0.00000
0.00000
0.00000
0.00000
0.00000
0.00000
0.00000
0.00000
0.00000
0.00000
0.00000
0.00000
0.00000
0.00000
0.00000
0.00000
0.00000
0.00000
0.00000
0.00000
0.00000
0.00000
0.00000
0.00000
0.00000
0.00000
0.00000
0.00000
0.00000
0.00000
0.00000
0.00000
0.00000
0.00000
0.00000
0.00000
0.00000
0.00000
0.00000
0.00000
0.00000
0.00000
0.00000
0.00000
0.00000
0.00000
0.00000
0.00000
0.00000
0.00000
0.00000
0.00000
0.00000
0.00000
0.00000
0.00000
0.00000
0.00000
0.00000
0.00000
0.00000
0.00000
0.00000
0.00000
0.00000
0.00000
0.00000
0.00000
0.00000
0.00000
0.00000
0.00000
0.00000
0.00000
0.00000
0.00000
0.00000
0.00000
0.00000
0.00000
0.00000
0.00000
0.00000
0.00000
0.00000
0.00000
0.00000
0.00000
0.00000
0.00000
0.00000
0.00000
0.00000
0.00000
0.00000
0.00000
0.00000
0.00000
0.00000
0.00000
0.00000
0.00000
0.00000
0.00000
0.00000
0.00000
0.00000
0.00000
0.00000
0.00000
0.00000
0.00000
0.00000
0.00000
0.00000
0.00000
0.00000
0.00000
0.00000
0.00000
0.00000
0.00000
0.00000
0.00000
0.00000
0.00000
0.00000
0.00000
0.00000
0.00000
0.00000
0.00000
0.00000
0.00000
0.00000
0.00000
0.00000
0.00000
0.00000
0.00000
0.00000
0.00000
0.00000
0.00000
0.00000
0.00000
0.00000
0.00000
0.00000
0.00000
0.00000
0.00000
0.00000
0.00000
0.00000
0.00000
0.00000
0.00000
0.00000
0.00000
0.00000
0.00000
0.00000
0.00000
0.00000
0.00000
0.00000
0.00000
0.00000
0.00000
0.00000
0.00000
0.00000
0.00000
0.00000
0.00000
0.00000
0.00000
0.00000
0.00000
0.00000
0.00000
0.00000
0.00000
0.00000
0.00000
0.00000
0.00000
0.00000
0.00000
0.00000
0.00000
0.00000
0.00000
0.00000
0.00000
0.00000
0.00000
0.00000
0.00000
0.00000
0.00000
0.00000
0.00000
0.00000
0.00000
0.00000
0.00000
0.00000
0.00000
0.00000
0.00000
0.00000
0.00000
0.00000
0.00000
0.00000
0.00000
0.00000
0.00000
0.00000
0.00000
0.00000
0.00000
0.00000
0.00000
0.00000
0.00000
0.00000
0.00000
0.00000
0.00000
0.00000
0.00000
0.00000
0.00000
0.00000
0.00000
0.00000
0.00000
0.00000
0.00000
0.00000
0.00000
0.00000
0.00000
0.00000
0.00000
0.00000
0.00000
0.00000
0.00000
0.00000
0.00000
0.00000
0.00000
0.00000
0.00000
0.00000
0.00000
0.00000
0.00000
0.00000
0.00000
0.00000
0.00000
0.00000
0.00000
0.00000
0.00000
0.00000
0.00000
0.00000
0.00000
0.00000
0.00000
0.00000
0.00000
0.00000
0.00000
0.00000
0.00000
0.00000
0.00000
0.00000
0.00000
0.00000
0.00000
0.00000
0.00000
0.00000
0.00000
0.00000
0.00000
0.00000
0.00000
0.00000
0.00000
0.00000
0.00000
0.00000
0.00000
0.00000
0.00000
0.00000
0.00000
0.00000
0.00000
0.00000
0.00000
0.00000
0.00000
0.00000
0.00000
0.00000
0.00000
0.00000
0.00000
0.00000
0.00000
0.00000
0.00000
0.00000
0.00000
0.00000
0.00000
0.00000
0.00000
0.00000
0.00000
0.00000
0.00000
0.00000
0.00000
0.00000
0.00000
0.00000
0.00000
0.00000
0.00000
0.00000
0.00000
0.00000
0.00000
0.00000
0.00000
0.00000
0.00000
0.00000
0.00000
0.00000
0.00000
0.00000
0.00000
0.00000
0.00000
0.00000
0.00000
0.00000
0.00000
0.00000
0.00000
0.00000
0.00000
0.00000
0.00000
0.00000
0.00000
0.00000
0.00000
0.00000
0.00000
0.00000
0.00000
0.00000
0.00000
0.00000
0.00000
0.00000
0.00000
0.00000
0.00000
0.00000
0.00000
0.00000
0.00000
0.00000
0.00000
0.00000
0.00000
0.00000
0.00000
0.00000
0.00000
0.00000
0.00000
0.00000
0.00000
0.00000
0.00000
0.00000
0.00000
0.00000
0.00000
0.00000
0.00000
0.00000
0.00000
0.00000
0.00000
0.00000
0.00000
0.00000
0.00000
0.00000
0.00000
0.00000
0.00000
0.00000
0.00000
0.00000
0.00000
0.00000
0.00000
0.00000
0.00000
0.00000
0.00000
0.00000
0.00000
0.00000
0.00000
0.00000
0.00000
0.00000
0.00000
0.00000
0.00000
0.00000
0.00000
0.00000
0.00000
96.74740
95.99767
96.17000
94.94060
93.02870
94.65953
94.21143
94.41373
92.95937
92.86953
92.91513
92.91933
228.94543
279.73320
271.63660
267.55527
191.59830
92.30627
92.50043
92.54880
92.32657
93.02143
93.46260
93.36070
93.05560
92.81480
93.09130
93.29927
92.98353
92.92730
93.16533
92.80477
283.07817
274.52677
269.81810
265.87227
144.17700
155.08360
670.11063
1487.17033
211.80443
166.70857
164.56053
163.40617
163.13537
162.09457
162.91617
163.70410
163.36783
331.74403
339.32377
332.69343
236.97870
179.61890
250.49287
237.24953
161.40183
1058.61997
775.84630
68.19007
68.02537
68.07853
68.37990
68.20650
67.99483
155.40703
251.45160
244.48140
215.81617
68.47643
68.76557
68.50363
68.08193
68.28753
68.62390
68.12307
68.24103
68.45960
68.90453
68.22323
85.42350
254.83240
270.09693
480.93527
479.35100
433.17450
68.32927
67.70163
67.59880
223.24413
260.86660
253.72463
249.14910
245.31377
241.79487
238.64000
102.88260
68.12720
68.04483
68.02137
68.03303
68.16167
68.23690
67.96863
67.95107
68.04003
68.13770
67.85853
166.86533
251.35627
244.71940
239.68683
106.68907
68.26393
68.14317
67.69577
68.08227
68.03470
68.07337
67.67940
67.86853
68.39390
78.00153
255.65703
245.50157
240.31153
113.36533
67.73883
67.82097
68.45347
67.88097
67.81910
67.84730
68.31407
68.29100
67.87597
67.96277
195.64907
248.83653
242.50277
170.88300
68.34950
68.15860
67.80993
68.00017
68.15827
68.10577
67.82530
68.06820
68.59427
68.11267
87.86460
255.30263
247.25467
241.68250
93.51900
68.33213
68.57927
67.94583
67.85407
68.15877
68.41380
68.03070
67.88683
68.18070
68.49340
139.27327
250.98710
244.47817
219.40587
67.88683
67.87350
68.13647
68.43663
68.01447
67.86460
68.13023
68.44007
67.89210
67.88233
68.41427
178.16470
249.15707
242.36870
178.54857
68.27320
68.09137
67.87767
68.04040
68.28013
67.85540
68.10380
68.65130
68.56320
68.17510
67.90513
225.73497
247.37967
241.60327
210.10683
174.12357
198.94070
199.80027
1282.20247
198.12120
196.13887
194.86850
187.17237
175.33870
217.20717
353.54540
346.47723
335.03247
175.29277
174.95517
174.53023
176.26390
175.96830
176.75950
118.84743
91.39110
90.88760
90.84700
272.14700
273.56880
267.70330
147.21770
91.48003
101.81267
91.13620
91.07637
91.28727
91.77873
91.47447
91.34207
91.39163
91.69013
91.66913
236.08457
275.79277
270.11637
183.67513
91.62933
92.01300
92.63607
92.15820
92.39720
92.69220
93.04187
92.45990
92.45960
92.65920
92.82477
195.61087
280.14153
276.29630
227.03307
92.71010
92.54830
92.73573
92.93763
92.73923
92.46733
92.86530
93.12360
92.79060
92.87170
93.25957
179.21210
279.79347
273.02390
241.14370
93.07633
92.92103
93.03167
93.28047
93.37717
92.97087
93.33593
93.45743
93.56857
93.33370
93.48447
164.13373
280.97023
274.11260
249.67243
93.84197
94.06633
93.41333
93.55863
93.82597
93.67227
93.36010
93.39043
93.68243
93.44833
93.18383
162.51143
281.03097
274.26223
249.11137
93.18730
93.27093
93.34357
93.21000
93.36827
93.43073
93.08570
92.84540
92.80210
92.95080
93.01793
128.49997
281.39123
273.59680
269.64160
97.32350
93.68727
93.43020
92.99133
92.19787
92.33970
92.75767
92.71050
92.46683
92.56197
92.62177
131.16520
371.03940
1035.05387
1743.23137
566.99217
213.01667
212.77463
211.92793
200.97887
1288.69410
198.98577
116.21127
115.89410
115.28093
505.18357
103.63767
224.75540
235.23967
229.93583
96.88383
57.03750
56.99323
57.28073
57.38557
57.25247
57.23087
57.59883
57.28040
57.19227
57.16313
93.16043
241.16917
233.38420
216.93010
57.14597
57.07597
56.83323
56.57333
57.14183
56.86593
56.76257
56.75613
56.93333
56.69150
56.56723
179.17363
235.66853
229.26617
132.66890
56.79810
57.06943
56.84797
56.57940
56.56443
56.91973
57.49343
57.56117
57.15626
57.08915
91.11057
240.09053
232.72560
213.56857
57.08593
56.97543
57.20327
57.15600
56.77777
56.90973
56.93573
56.97373
56.74707
56.72110
56.69280
166.21970
236.99100
230.59288
146.28647
56.95103
56.47887
56.59350
56.96303
57.12357
56.91200
57.32330
56.83787
57.01750
56.74693
56.74387
243.73553
234.99083
229.12233
79.25577
57.12453
57.37790
57.10270
56.90033
57.16133
57.20703
56.90697
56.94290
57.31237
57.36337
160.83877
237.68250
231.39617
160.46667
57.24130
57.24300
57.60123
57.59453
57.04240
57.33083
57.46307
57.17837
57.12410
56.89570
92.12243
240.95413
233.56773
220.16593
57.46697
57.70903
57.54760
57.48427
57.91830
58.01450
57.59470
57.84963
58.16297
58.21841
57.45843
191.45750
237.24017
232.47389
0.00000
0.00000
0.00000
0.00000
0.00000
0.00000
0.00000
0.00000
0.00000
0.00000
0.00000
0.00000
0.00000
0.00000
0.00000
0.00000
0.00000
0.00000
0.00000
0.00000
0.00000
0.00000
0.00000
0.00000
0.00000
0.00000
0.00000
0.00000
229.08252
155.53027
57.78900
57.61660
57.64660
57.80417
58.02550
57.94093
57.99433
58.38173
58.19540
58.20910
84.14717
241.31730
232.73453
227.62707
60.16560
57.48303
57.50630
145.21013
162.94897
169.30173
177.91923
177.17820
177.03067
177.14127
176.90443
304.45923
349.13537
1265.60480
203.36103
91.78543
91.78270
92.44710
91.96150
91.92200
91.51127
91.81250
91.86093
92.10403
92.38100
115.89710
283.17767
274.16657
268.80513
95.78103
93.27947
92.86427
92.51377
92.70157
92.49930
92.45567
92.74770
93.18750
93.03680
92.89823
195.70487
279.14847
272.73827
204.20100
93.43243
93.76437
93.41387
93.42347
93.58727
93.99153
93.59933
93.48007
93.31223
93.42167
106.58833
284.48947
275.60780
270.48830
93.36807
93.36693
93.62877
93.74403
93.46750
93.51953
93.57837
93.57057
93.09673
93.25760
93.70060
230.79060
278.05660
272.09550
156.37177
93.77470
93.51507
93.56367
93.71307
93.62690
93.14960
93.40983
93.55547
93.48823
96.96980
163.19733
279.92170
366.43023
516.65587
517.36373
336.72823
93.56813
93.14083
93.14473
307.12453
0.00000
0.00000
0.00000
0.00000
0.00000
0.00000
0.00000
0.00000
0.00000
0.00000
0.00000
0.00000
0.00000
0.00000
0.00000
0.00000
0.00000
0.00000
0.00000
0.00000
0.00000
0.00000
0.00000
0.00000
0.00000
0.00000
0.00000
0.00000
0.00000
0.00000
0.00000
0.00000
0.00000
0.00000
0.00000
0.00000
0.00000
0.00000
0.00000
0.00000
0.00000
0.00000
0.00000
0.00000
0.00000
0.00000
0.00000
0.00000
0.00000
0.00000
0.00000
0.00000
0.00000
0.00000
0.00000
0.00000
0.00000
0.00000
0.00000
0.00000
0.00000
0.00000
0.00000
0.00000
0.00000
0.00000
0.00000
0.00000
0.00000
0.00000
0.00000
0.00000
0.00000
0.00000
0.00000
0.00000
0.00000
0.00000
0.00000
0.00000
0.00000
0.00000
0.00000
0.00000
0.00000
0.00000
0.00000
0.00000
0.00000
0.00000
0.00000
0.00000
0.00000
0.00000
0.00000
0.00000
0.00000
0.00000
0.00000
0.00000
0.00000
0.00000
0.00000
0.00000
0.00000
0.00000
0.00000
0.00000
0.00000
0.00000
0.00000
0.00000
0.00000
0.00000
0.00000
0.00000
0.00000
0.00000
0.00000
0.00000
0.00000
0.00000
0.00000
0.00000
0.00000
0.00000
0.00000
0.00000
0.00000
0.00000
0.00000
0.00000
0.00000
0.00000
0.00000
0.00000
0.00000
0.00000
0.00000
0.00000
0.00000
0.00000
0.00000
0.00000
0.00000
0.00000
0.00000
0.00000
0.00000
0.00000
0.00000
0.00000
0.00000
0.00000
0.00000
0.00000
0.00000
0.00000
0.00000
0.00000
0.00000
0.00000
0.00000
0.00000
0.00000
0.00000
0.00000
0.00000
0.00000
0.00000
0.00000
0.00000
0.00000
0.00000
0.00000
0.00000
0.00000
0.00000
0.00000
0.00000
0.00000
0.00000
0.00000
0.00000
0.00000
0.00000
0.00000
0.00000
0.00000
0.00000
0.00000
0.00000
0.00000
0.00000
0.00000
0.00000
0.00000
0.00000
0.00000
0.00000
0.00000
0.00000
0.00000
0.00000
0.00000
0.00000
0.00000
0.00000
0.00000
0.00000
0.00000
0.00000
0.00000
0.00000
0.00000
0.00000
0.00000
0.00000
0.00000
0.00000
0.00000
0.00000
0.00000
0.00000
0.00000
0.00000
0.00000
0.00000
0.00000
0.00000
0.00000
0.00000
0.00000
0.00000
0.00000
0.00000
0.00000
0.00000
0.00000
0.00000
0.00000
0.00000
0.00000
0.00000
0.00000
0.00000
0.00000
0.00000
0.00000
0.00000
0.00000
0.00000
0.00000
0.00000
0.00000
0.00000
0.00000
0.00000
0.00000
0.00000
0.00000
0.00000
0.00000
0.00000
0.00000
0.00000
0.00000
0.00000
0.00000
0.00000
0.00000
0.00000
0.00000
0.00000
0.00000
0.00000
0.00000
0.00000
0.00000
0.00000
0.00000
0.00000
0.00000
0.00000
0.00000
0.00000
0.00000
0.00000
0.00000
0.00000
0.00000
0.00000
0.00000
0.00000
0.00000
0.00000
0.00000
0.00000
0.00000
0.00000
0.00000
0.00000
0.00000
0.00000
0.00000
0.00000
0.00000
0.00000
0.00000
0.00000
0.00000
0.00000
0.00000
0.00000
0.00000
0.00000
0.00000
0.00000
0.00000
0.00000
0.00000
0.00000
0.00000
0.00000
0.00000
0.00000
0.00000
0.00000
0.00000
0.00000
0.00000
0.00000
0.00000
0.00000
0.00000
0.00000
0.00000
0.00000
0.00000
0.00000
0.00000
0.00000
0.00000
0.00000
0.00000
0.00000
0.00000
0.00000
0.00000
0.00000
0.00000
0.00000
0.00000
0.00000
0.00000
0.00000
0.00000
0.00000
0.00000
0.00000
0.00000
0.00000
0.00000
0.00000
0.00000
0.00000
0.00000
0.00000
0.00000
0.00000
0.00000
0.00000
0.00000
0.00000
0.00000
0.00000
0.00000
0.00000
0.00000
0.00000
0.00000
0.00000
0.00000
0.00000
0.00000
0.00000
0.00000
0.00000
0.00000
0.00000
0.00000
0.00000
0.00000
0.00000
0.00000
0.00000
0.00000
0.00000
0.00000
0.00000
0.00000
0.00000
0.00000
0.00000
0.00000
0.00000
0.00000
0.00000
0.00000
0.00000
0.00000
0.00000
0.00000
0.00000
0.00000
0.00000
0.00000
0.00000
0.00000
0.00000
0.00000
0.00000
0.00000
0.00000
0.00000
0.00000
0.00000
0.00000
0.00000
0.00000
0.00000
0.00000
0.00000
0.00000
0.00000
0.00000
0.00000
0.00000
0.00000
0.00000
0.00000
0.00000
0.00000
0.00000
0.00000
0.00000
0.00000
0.00000
0.00000
0.00000
0.00000
0.00000
0.00000
0.00000
0.00000
0.00000
0.00000
0.00000
0.00000
0.00000
0.00000
0.00000
0.00000
0.00000
0.00000
0.00000
0.00000
0.00000
0.00000
0.00000
0.00000
0.00000
0.00000
0.00000
0.00000
0.00000
0.00000
0.00000
0.00000
0.00000
0.00000
0.00000
0.00000
0.00000
0.00000
0.00000
0.00000
0.00000
0.00000
0.00000
0.00000
0.00000
0.00000
0.00000
0.00000
0.00000
0.00000
0.00000
0.00000
0.00000
0.00000
0.00000
0.00000
0.00000
0.00000
0.00000
0.00000
0.00000
0.00000
0.00000
0.00000
0.00000
0.00000
0.00000
0.00000
0.00000
0.00000
0.00000
0.00000
0.00000
0.00000
0.00000
0.00000
0.00000
0.00000
0.00000
0.00000
0.00000
0.00000
0.00000
0.00000
0.00000
0.00000
0.00000
0.00000
0.00000
0.00000
0.00000
0.00000
0.00000
0.00000
0.00000
0.00000
0.00000
0.00000
0.00000
0.00000
0.00000
0.00000
0.00000
0.00000
0.00000
0.00000
0.00000
0.00000
0.00000
0.00000
0.00000
0.00000
0.00000
0.00000
0.00000
0.00000
0.00000
0.00000
0.00000
0.00000
0.00000
0.00000
0.00000
0.00000
0.00000
0.00000
0.00000
0.00000
0.00000
0.00000
0.00000
0.00000
0.00000
0.00000
0.00000
0.00000
0.00000
0.00000
0.00000
0.00000
0.00000
0.00000
0.00000
0.00000
0.00000
0.00000
0.00000
0.00000
0.00000
0.00000
0.00000
0.00000
0.00000
0.00000
0.00000
0.00000
0.00000
0.00000
0.00000
0.00000
0.00000
0.00000
0.00000
0.00000
0.00000
0.00000
0.00000
0.00000
0.00000
0.00000
0.00000
0.00000
0.00000
0.00000
0.00000
0.00000
0.00000
0.00000
0.00000
0.00000
0.00000
0.00000
0.00000
0.00000
0.00000
0.00000
0.00000
0.00000
0.00000
0.00000
0.00000
0.00000
0.00000
0.00000
0.00000
0.00000
0.00000
0.00000
0.00000
0.00000
0.00000
0.00000
0.00000
0.00000
0.00000
0.00000
0.00000
0.00000
0.00000
0.00000
0.00000
0.00000
0.00000
0.00000
0.00000
0.00000
0.00000
0.00000
0.00000
0.00000
0.00000
0.00000
0.00000
0.00000
0.00000
0.00000
0.00000
0.00000
0.00000
0.00000
0.00000
0.00000
0.00000
0.00000
0.00000
0.00000
0.00000
0.00000
0.00000
0.00000
0.00000
0.00000
0.00000
0.00000
0.00000
0.00000
0.00000
0.00000
0.00000
0.00000
0.00000
0.00000
0.00000
0.00000
0.00000
0.00000
0.00000
0.00000
0.00000
0.00000
0.00000
0.00000
0.00000
0.00000
0.00000
0.00000
0.00000
0.00000
0.00000
0.00000
0.00000
0.00000
0.00000
0.00000
0.00000
0.00000
0.00000
0.00000
0.00000
0.00000
0.00000
0.00000
0.00000
0.00000
0.00000
0.00000
0.00000
0.00000
0.00000
0.00000
0.00000
0.00000
0.00000
0.00000
0.00000
0.00000
0.00000
0.00000
0.00000
0.00000
0.00000
0.00000
0.00000
0.00000
0.00000
0.00000
0.00000
0.00000
0.00000
0.00000
0.00000
0.00000
0.00000
0.00000
0.00000
0.00000
0.00000
0.00000
0.00000
0.00000
0.00000
0.00000
0.00000
0.00000
0.00000
0.00000
0.00000
0.00000
0.00000
0.00000
0.00000
0.00000
0.00000
0.00000
0.00000
0.00000
0.00000
0.00000
0.00000
0.00000
0.00000
0.00000
0.00000
0.00000
0.00000
0.00000
0.00000
0.00000
0.00000
0.00000
0.00000
0.00000
0.00000
0.00000
0.00000
0.00000
0.00000
0.00000
0.00000
0.00000
0.00000
0.00000
0.00000
0.00000
0.00000
0.00000
0.00000
0.00000
0.00000
0.00000
0.00000
0.00000
0.00000
0.00000
0.00000
0.00000
0.00000
0.00000
0.00000
0.00000
0.00000
0.00000
0.00000
0.00000
0.00000
0.00000
0.00000
0.00000
0.00000
0.00000
0.00000
0.00000
0.00000
0.00000
0.00000
0.00000
0.00000
0.00000
0.00000
0.00000
0.00000
0.00000
0.00000
0.00000
0.00000
0.00000
0.00000
0.00000
0.00000
0.00000
0.00000
0.00000
0.00000
0.00000
0.00000
0.00000
0.00000
0.00000
0.00000
0.00000
0.00000
0.00000
0.00000
0.00000
0.00000
0.00000
0.00000
0.00000
0.00000
0.00000
0.00000
0.00000
0.00000
0.00000
0.00000
0.00000
0.00000
0.00000
0.00000
0.00000
0.00000
0.00000
0.00000
0.00000
0.00000
0.00000
0.00000
0.00000
0.00000
0.00000
0.00000
0.00000
0.00000
0.00000
0.00000
0.00000
0.00000
0.00000
0.00000
0.00000
0.00000
0.00000
0.00000
0.00000
0.00000
0.00000
0.00000
0.00000
0.00000
0.00000
0.00000
0.00000
0.00000
0.00000
0.00000
0.00000
0.00000
0.00000
0.00000
0.00000
0.00000
0.00000
0.00000
0.00000
0.00000
0.00000
0.00000
0.00000
0.00000
0.00000
0.00000
0.00000
0.00000
0.00000
0.00000
0.00000
0.00000
0.00000
0.00000
0.00000
0.00000
0.00000
0.00000
0.00000
0.00000
0.00000
0.00000
0.00000
0.00000
0.00000
0.00000
0.00000
0.00000
0.00000
0.00000
0.00000
0.00000
0.00000
0.00000
0.00000
0.00000
0.00000
0.00000
0.00000
0.00000
0.00000
0.00000
0.00000
0.00000
0.00000
0.00000
0.00000
0.00000
0.00000
0.00000
0.00000
0.00000
0.00000
0.00000
0.00000
0.00000
0.00000
0.00000
0.00000
0.00000
0.00000
0.00000
0.00000
0.00000
0.00000
0.00000
0.00000
0.00000
0.00000
0.00000
0.00000
0.00000
0.00000
0.00000
0.00000
0.00000
0.00000
0.00000
0.00000
0.00000
0.00000
0.00000
0.00000
0.00000
0.00000
0.00000
0.00000
0.00000
0.00000
0.00000
0.00000
0.00000
0.00000
0.00000
0.00000
0.00000
0.00000
0.00000
0.00000
0.00000
0.00000
0.00000
0.00000
0.00000
0.00000
0.00000
0.00000
0.00000
0.00000
0.00000
0.00000
0.00000
0.00000
0.00000
0.00000
0.00000
0.00000
0.00000
0.00000
0.00000
0.00000
0.00000
0.00000
0.00000
0.00000
0.00000
0.00000
0.00000
0.00000
0.00000
0.00000
0.00000
0.00000
0.00000
0.00000
0.00000
0.00000
0.00000
0.00000
0.00000
0.00000
0.00000
0.00000
0.00000
0.00000
0.00000
0.00000
0.00000
0.00000
0.00000
0.00000
0.00000
0.00000
0.00000
0.00000
0.00000
0.00000
0.00000
0.00000
0.00000
0.00000
0.00000
0.00000
0.00000
0.00000
0.00000
0.00000
0.00000
0.00000
0.00000
0.00000
0.00000
0.00000
0.00000
0.00000
0.00000
0.00000
0.00000
0.00000
0.00000
0.00000
0.00000
0.00000
0.00000
0.00000
0.00000
0.00000
0.00000
0.00000
0.00000
0.00000
0.00000
0.00000
0.00000
0.00000
0.00000
0.00000
0.00000
0.00000
0.00000
0.00000
0.00000
0.00000
0.00000
0.00000
0.00000
0.00000
0.00000
0.00000
0.00000
0.00000
0.00000
0.00000
0.00000
0.00000
0.00000
0.00000
0.00000
0.00000
0.00000
0.00000
0.00000
0.00000
0.00000
0.00000
0.00000
0.00000
0.00000
0.00000
0.00000
0.00000
0.00000
0.00000
0.00000
0.00000
0.00000
0.00000
0.00000
0.00000
0.00000
0.00000
0.00000
0.00000
0.00000
0.00000
0.00000
0.00000
0.00000
0.00000
0.00000
0.00000
0.00000
0.00000
0.00000
0.00000
0.00000
0.00000
0.00000
0.00000
0.00000
0.00000
0.00000
0.00000
0.00000
0.00000
0.00000
0.00000
0.00000
0.00000
0.00000
0.00000
0.00000
0.00000
0.00000
0.00000
0.00000
0.00000
0.00000
0.00000
0.00000
0.00000
0.00000
0.00000
0.00000
0.00000
0.00000
0.00000
0.00000
0.00000
0.00000
0.00000
0.00000
0.00000
0.00000
0.00000
0.00000
0.00000
0.00000
0.00000
0.00000
0.00000
0.00000
0.00000
0.00000
0.00000
0.00000
0.00000
0.00000
0.00000
0.00000
0.00000
0.00000
0.00000
0.00000
0.00000
0.00000
0.00000
0.00000
0.00000
0.00000
0.00000
0.00000
0.00000
0.00000
0.00000
0.00000
0.00000
0.00000
0.00000
0.00000
0.00000
0.00000
0.00000
0.00000
0.00000
0.00000
0.00000
0.00000
0.00000
0.00000
0.00000
0.00000
0.00000
0.00000
0.00000
0.00000
0.00000
0.00000
0.00000
0.00000
0.00000
0.00000
0.00000
0.00000
0.00000
0.00000
0.00000
0.00000
0.00000
0.00000
0.00000
0.00000
0.00000
0.00000
0.00000
0.00000
0.00000
0.00000
0.00000
0.00000
0.00000
0.00000
0.00000
0.00000
0.00000
0.00000
0.00000
0.00000
0.00000
0.00000
0.00000
0.00000
0.00000
0.00000
0.00000
0.00000
0.00000
0.00000
0.00000
0.00000
0.00000
0.00000
0.00000
0.00000
0.00000
0.00000
0.00000
0.00000
0.00000
0.00000
0.00000
0.00000
0.00000
0.00000
0.00000
0.00000
0.00000
0.00000
0.00000
0.00000
0.00000
0.00000
0.00000
0.00000
0.00000
0.00000
0.00000
0.00000
0.00000
0.00000
0.00000
0.00000
0.00000
0.00000
0.00000
0.00000
0.00000
0.00000
0.00000
0.00000
0.00000
0.00000
0.00000
0.00000
0.00000
0.00000
0.00000
0.00000
0.00000
0.00000
0.00000
0.00000
0.00000
0.00000
0.00000
0.00000
0.00000
0.00000
0.00000
0.00000
0.00000
0.00000
0.00000
0.00000
0.00000
0.00000
0.00000
0.00000
0.00000
0.00000
0.00000
0.00000
0.00000
0.00000
0.00000
0.00000
0.00000
0.00000
0.00000
0.00000
0.00000
0.00000
0.00000
0.00000
0.00000
0.00000
0.00000
0.00000
0.00000
0.00000
0.00000
0.00000
0.00000
0.00000
0.00000
0.00000
0.00000
0.00000
0.00000
0.00000
0.00000
0.00000
0.00000
0.00000
0.00000
0.00000
0.00000
0.00000
0.00000
0.00000
0.00000
0.00000
0.00000
0.00000
0.00000
0.00000
0.00000
0.00000
0.00000
0.00000
0.00000
0.00000
0.00000
0.00000
0.00000
0.00000
0.00000
0.00000
0.00000
0.00000
0.00000
0.00000
0.00000
0.00000
0.00000
0.00000
0.00000
0.00000
0.00000
0.00000
0.00000
0.00000
0.00000
0.00000
0.00000
0.00000
0.00000
0.00000
0.00000
0.00000
0.00000
0.00000
0.00000
0.00000
0.00000
0.00000
0.00000
0.00000
0.00000
0.00000
0.00000
0.00000
0.00000
0.00000
0.00000
0.00000
0.00000
0.00000
0.00000
0.00000
0.00000
0.00000
0.00000
0.00000
0.00000
0.00000
0.00000
0.00000
0.00000
0.00000
0.00000
0.00000
0.00000
0.00000
0.00000
0.00000
0.00000
0.00000
0.00000
0.00000
0.00000
0.00000
0.00000
0.00000
0.00000
0.00000
0.00000
0.00000
0.00000
0.00000
0.00000
0.00000
0.00000
0.00000
0.00000
0.00000
0.00000
0.00000
0.00000
0.00000
0.00000
0.00000
0.00000
0.00000
0.00000
0.00000
0.00000
0.00000
0.00000
0.00000
0.00000
0.00000
0.00000
0.00000
0.00000
0.00000
0.00000
0.00000
0.00000
0.00000
0.00000
0.00000
0.00000
0.00000
0.00000
0.00000
0.00000
0.00000
0.00000
0.00000
0.00000
0.00000
0.00000
0.00000
0.00000
0.00000
0.00000
0.00000
0.00000
0.00000
0.00000
0.00000
0.00000
0.00000
0.00000
0.00000
0.00000
0.00000
0.00000
0.00000
0.00000
0.00000
0.00000
0.00000
0.00000
0.00000
0.00000
0.00000
0.00000
0.00000
0.00000
0.00000
0.00000
0.00000
0.00000
0.00000
0.00000
0.00000
0.00000
0.00000
0.00000
0.00000
0.00000
0.00000
0.00000
0.00000
0.00000
0.00000
0.00000
0.00000
0.00000
0.00000
0.00000
0.00000
0.00000
0.00000
0.00000
0.00000
0.00000
0.00000
0.00000
0.00000
0.00000
0.00000
0.00000
0.00000
0.00000
0.00000
0.00000
0.00000
0.00000
0.00000
0.00000
0.00000
0.00000
0.00000
0.00000
0.00000
0.00000
0.00000
0.00000
0.00000
0.00000
0.00000
0.00000
0.00000
0.00000
0.00000
0.00000
0.00000
0.00000
0.00000
0.00000
0.00000
0.00000
0.00000
0.00000
0.00000
0.00000
0.00000
0.00000
0.00000
0.00000
0.00000
0.00000
0.00000
0.00000
0.00000
0.00000
0.00000
0.00000
0.00000
0.00000
0.00000
0.00000
0.00000
0.00000
0.00000
0.00000
0.00000
0.00000
0.00000
0.00000
0.00000
0.00000
0.00000
0.00000
0.00000
0.00000
0.00000
0.00000
0.00000
0.00000
0.00000
0.00000
0.00000
0.00000
0.00000
0.00000
0.00000
0.00000
0.00000
0.00000
0.00000
0.00000
0.00000
0.00000
0.00000
0.00000
0.00000
0.00000
0.00000
0.00000
0.00000
0.00000
0.00000
0.00000
0.00000
0.00000
0.00000
0.00000
0.00000
0.00000
0.00000
0.00000
0.00000
0.00000
0.00000
0.00000
0.00000
0.00000
0.00000
0.00000
0.00000
0.00000
0.00000
0.00000
0.00000
0.00000
0.00000
0.00000
0.00000
0.00000
0.00000
0.00000
0.00000
0.00000
0.00000
0.00000
0.00000
0.00000
0.00000
0.00000
0.00000
0.00000
0.00000
0.00000
0.00000
0.00000
0.00000
0.00000
0.00000
0.00000
0.00000
0.00000
0.00000
0.00000
0.00000
0.00000
0.00000
0.00000
0.00000
0.00000
0.00000
0.00000
0.00000
0.00000
0.00000
0.00000
0.00000
0.00000
0.00000
0.00000
0.00000
0.00000
0.00000
0.00000
0.00000
0.00000
0.00000
0.00000
0.00000
0.00000
0.00000
0.00000
0.00000
0.00000
0.00000
0.00000
0.00000
0.00000
0.00000
0.00000
0.00000
0.00000
0.00000
0.00000
0.00000
0.00000
0.00000
0.00000
0.00000
0.00000
0.00000
0.00000
0.00000
0.00000
0.00000
0.00000
0.00000
0.00000
0.00000
0.00000
0.00000
0.00000
0.00000
0.00000
0.00000
0.00000
0.00000
0.00000
0.00000
0.00000
0.00000
0.00000
0.00000
0.00000
0.00000
0.00000
0.00000
0.00000
0.00000
0.00000
0.00000
0.00000
0.00000
0.00000
0.00000
0.00000
0.00000
0.00000
0.00000
0.00000
0.00000
0.00000
0.00000
0.00000
0.00000
0.00000
0.00000
0.00000
0.00000
0.00000
0.00000
0.00000
0.00000
0.00000
0.00000
0.00000
0.00000
0.00000
0.00000
0.00000
0.00000
0.00000
0.00000
0.00000
0.00000
0.00000
0.00000
0.00000
0.00000
0.00000
0.00000
0.00000
0.00000
0.00000
0.00000
0.00000
0.00000
0.00000
0.00000
0.00000
0.00000
0.00000
0.00000
0.00000
0.00000
0.00000
0.00000
0.00000
0.00000
0.00000
0.00000
0.00000
0.00000
0.00000
0.00000
0.00000
0.00000
0.00000
0.00000
0.00000
0.00000
0.00000
0.00000
0.00000
0.00000
0.00000
0.00000
0.00000
0.00000
0.00000
0.00000
0.00000
0.00000
0.00000
0.00000
0.00000
0.00000
0.00000
0.00000
0.00000
0.00000
0.00000
0.00000
0.00000
0.00000
0.00000
0.00000
0.00000
0.00000
0.00000
0.00000
0.00000
0.00000
0.00000
0.00000
0.00000
0.00000
0.00000
0.00000
0.00000
0.00000
0.00000
0.00000
0.00000
0.00000
0.00000
0.00000
0.00000
0.00000
0.00000
0.00000
0.00000
0.00000
0.00000
0.00000
0.00000
0.00000
0.00000
0.00000
0.00000
0.00000
0.00000
0.00000
0.00000
0.00000
0.00000
0.00000
0.00000
0.00000
0.00000
0.00000
0.00000
0.00000
0.00000
0.00000
0.00000
0.00000
0.00000
0.00000
0.00000
0.00000
0.00000
0.00000
0.00000
0.00000
0.00000
0.00000
0.00000
0.00000
0.00000
0.00000
0.00000
0.00000
0.00000
0.00000
0.00000
0.00000
0.00000
0.00000
0.00000
0.00000
0.00000
0.00000
0.00000
0.00000
0.00000
0.00000
0.00000
0.00000
0.00000
0.00000
0.00000
0.00000
0.00000
0.00000
0.00000
0.00000
0.00000
0.00000
0.00000
0.00000
0.00000
0.00000
0.00000
0.00000
0.00000
0.00000
0.00000
0.00000
0.00000
0.00000
0.00000
0.00000
0.00000
0.00000
0.00000
0.00000
0.00000
0.00000
0.00000
0.00000
0.00000
0.00000
0.00000
0.00000
0.00000
0.00000
0.00000
0.00000
0.00000
0.00000
0.00000
0.00000
0.00000
0.00000
0.00000
0.00000
0.00000
0.00000
0.00000
0.00000
0.00000
0.00000
0.00000
0.00000
0.00000
0.00000
0.00000
0.00000
0.00000
0.00000
0.00000
0.00000
0.00000
0.00000
0.00000
0.00000
0.00000
0.00000
0.00000
0.00000
0.00000
0.00000
0.00000
0.00000
0.00000
0.00000
0.00000
0.00000
0.00000
0.00000
0.00000
0.00000
0.00000
0.00000
0.00000
0.00000
0.00000
0.00000
0.00000
0.00000
0.00000
0.00000
0.00000
0.00000
0.00000
0.00000
0.00000
0.00000
0.00000
0.00000
0.00000
0.00000
0.00000
0.00000
0.00000
0.00000
0.00000
0.00000
0.00000
0.00000
0.00000
0.00000
0.00000
0.00000
0.00000
0.00000
0.00000
0.00000
0.00000
0.00000
0.00000
0.00000
0.00000
0.00000
0.00000
0.00000
0.00000
0.00000
0.00000
0.00000
0.00000
0.00000
0.00000
0.00000
0.00000
0.00000
0.00000
0.00000
0.00000
0.00000
0.00000
0.00000
0.00000
0.00000
0.00000
0.00000
0.00000
0.00000
0.00000
0.00000
0.00000
0.00000
0.00000
0.00000
0.00000
0.00000
0.00000
0.00000
0.00000
0.00000
0.00000
0.00000
0.00000
0.00000
0.00000
0.00000
0.00000
0.00000
0.00000
0.00000
0.00000
0.00000
0.00000
0.00000
0.00000
0.00000
0.00000
0.00000
0.00000
0.00000
0.00000
0.00000
0.00000
0.00000
0.00000
0.00000
0.00000
0.00000
0.00000
0.00000
0.00000
0.00000
0.00000
0.00000
0.00000
0.00000
0.00000
0.00000
0.00000
0.00000
0.00000
0.00000
0.00000
0.00000
0.00000
0.00000
0.00000
0.00000
0.00000
0.00000
0.00000
0.00000
0.00000
0.00000
0.00000
0.00000
0.00000
0.00000
0.00000
0.00000
0.00000
0.00000
0.00000
0.00000
0.00000
0.00000
0.00000
0.00000
0.00000
0.00000
0.00000
0.00000
0.00000
0.00000
0.00000
0.00000
0.00000
0.00000
0.00000
0.00000
0.00000
0.00000
0.00000
0.00000
0.00000
0.00000
0.00000
0.00000
0.00000
0.00000
0.00000
0.00000
0.00000
0.00000
0.00000
0.00000
0.00000
0.00000
0.00000
0.00000
0.00000
0.00000
0.00000
0.00000
0.00000
0.00000
0.00000
0.00000
0.00000
0.00000
0.00000
0.00000
0.00000
0.00000
0.00000
0.00000
0.00000
0.00000
0.00000
0.00000
0.00000
0.00000
0.00000
0.00000
0.00000
0.00000
0.00000
0.00000
0.00000
0.00000
0.00000
0.00000
0.00000
0.00000
0.00000
0.00000
0.00000
0.00000
0.00000
0.00000
0.00000
0.00000
0.00000
0.00000
0.00000
0.00000
0.00000
0.00000
0.00000
0.00000
0.00000
0.00000
0.00000
0.00000
0.00000
0.00000
0.00000
0.00000
0.00000
0.00000
0.00000
0.00000
0.00000
0.00000
0.00000
0.00000
0.00000
0.00000
0.00000
0.00000
0.00000
0.00000
0.00000
0.00000
0.00000
0.00000
0.00000
0.00000
0.00000
0.00000
0.00000
0.00000
0.00000
0.00000
0.00000
0.00000
0.00000
0.00000
0.00000
0.00000
0.00000
0.00000
0.00000
0.00000
0.00000
0.00000
0.00000
0.00000
0.00000
0.00000
0.00000
0.00000
0.00000
0.00000
0.00000
0.00000
0.00000
0.00000
0.00000
0.00000
0.00000
0.00000
0.00000
0.00000
0.00000
0.00000
0.00000
0.00000
0.00000
0.00000
0.00000
0.00000
0.00000
0.00000
0.00000
0.00000
0.00000
0.00000
0.00000
0.00000
0.00000
0.00000
0.00000
0.00000
0.00000
0.00000
0.00000
0.00000
0.00000
0.00000
0.00000
0.00000
0.00000
0.00000
0.00000
0.00000
0.00000
0.00000
0.00000
0.00000
0.00000
0.00000
0.00000
0.00000
0.00000
0.00000
0.00000
0.00000
0.00000
0.00000
0.00000
0.00000
0.00000
0.00000
0.00000
0.00000
0.00000
0.00000
0.00000
0.00000
0.00000
0.00000
0.00000
0.00000
0.00000
0.00000
0.00000
0.00000
0.00000
0.00000
0.00000
0.00000
0.00000
0.00000
0.00000
0.00000
0.00000
0.00000
0.00000
0.00000
0.00000
0.00000
0.00000
0.00000
0.00000
0.00000
0.00000
0.00000
0.00000
0.00000
0.00000
0.00000
0.00000
0.00000
0.00000
0.00000
0.00000
0.00000
0.00000
0.00000
0.00000
0.00000
0.00000
0.00000
0.00000
0.00000
0.00000
0.00000
0.00000
0.00000
0.00000
0.00000
0.00000
0.00000
0.00000
0.00000
0.00000
0.00000
0.00000
0.00000
0.00000
0.00000
0.00000
0.00000
0.00000
0.00000
0.00000
0.00000
0.00000
0.00000
0.00000
0.00000
0.00000
0.00000
0.00000
0.00000
0.00000
0.00000
0.00000
0.00000
0.00000
0.00000
0.00000
0.00000
0.00000
0.00000
0.00000
0.00000
0.00000
0.00000
0.00000
0.00000
0.00000
0.00000
0.00000
0.00000
0.00000
0.00000
0.00000
0.00000
0.00000
0.00000
0.00000
0.00000
0.00000
0.00000
0.00000
0.00000
0.00000
0.00000
0.00000
0.00000
0.00000
0.00000
0.00000
0.00000
0.00000
0.00000
0.00000
0.00000
0.00000
0.00000
0.00000
0.00000
0.00000
0.00000
0.00000
0.00000
0.00000
0.00000
0.00000
0.00000
0.00000
0.00000
0.00000
0.00000
0.00000
0.00000
0.00000
0.00000
0.00000
0.00000
0.00000
0.00000
0.00000
0.00000
0.00000
0.00000
0.00000
0.00000
0.00000
0.00000
0.00000
0.00000
0.00000
0.00000
0.00000
0.00000
0.00000
0.00000
0.00000
0.00000
0.00000
0.00000
0.00000
0.00000
0.00000
0.00000
0.00000
0.00000
0.00000
0.00000
0.00000
0.00000
0.00000
0.00000
0.00000
0.00000
0.00000
0.00000
0.00000
0.00000
0.00000
0.00000
0.00000
0.00000
0.00000
0.00000
0.00000
0.00000
0.00000
0.00000
0.00000
0.00000
0.00000
0.00000
0.00000
0.00000
0.00000
0.00000
0.00000
0.00000
0.00000
0.00000
0.00000
0.00000
0.00000
0.00000
0.00000
0.00000
0.00000
0.00000
0.00000
0.00000
0.00000
0.00000
0.00000
0.00000
0.00000
0.00000
0.00000
0.00000
0.00000
0.00000
0.00000
0.00000
0.00000
0.00000
0.00000
0.00000
0.00000
0.00000
0.00000
0.00000
0.00000
0.00000
0.00000
0.00000
0.00000
0.00000
0.00000
0.00000
0.00000
0.00000
0.00000
0.00000
0.00000
0.00000
0.00000
0.00000
0.00000
0.00000
0.00000
0.00000
0.00000
0.00000
0.00000
0.00000
0.00000
0.00000
0.00000
0.00000
0.00000
0.00000
0.00000
259.29531
1004.83220
2772.56507
2657.97823
2657.68563
2395.90247
2204.19940
2376.61510
849.64503
446.90643
119.04233
123.15567
113.80893
114.52130
114.26730
114.71413
214.87853
290.57657
284.90950
281.09250
272.72880
2394.14093
2507.53117
2496.13417
2189.07347
2326.46040
2387.23473
2183.78867
619.61853
115.19040
582.81843
1984.60717
2338.27830
1862.39107
1150.59410
296.63260
252.31020
129.05163
129.39317
1048.41103
131.85030
129.54147
129.95570
129.61087
290.75327
303.00930
296.48843
240.79327
127.25117
132.09900
133.92897
133.39020
149.26570
166.55353
165.98487
163.37923
162.88457
162.77940
163.13103
103.64230
90.38527
91.08330
196.13103
281.38883
275.94377
271.61910
268.71940
161.59097
90.94070
91.43483
91.32507
114.59827
129.13773
129.16293
328.37110
318.27043
316.12027
315.14910
314.64180
313.88957
313.99997
314.54407
315.04917
313.24243
312.20421
311.63267
311.66770
311.61505
311.59441
311.78920
311.68631
311.34503
313.32417
313.13027
313.13533
310.97683
237.38340
130.27457
120.76003
241.84873
279.72667
274.47613
113.08017
93.14827
93.26320
92.87533
92.73927
93.21527
93.16217
92.73643
92.64037
92.89487
92.91720
92.73777
92.85087
93.13163
92.79860
92.63010
92.77787
93.23230
93.12567
92.85853
92.77580
93.06013
92.88497
93.01930
93.15363
93.42260
92.99253
92.38257
92.26690
92.68227
92.59320
92.40033
213.86220
284.90430
279.04223
274.53697
271.46347
269.51523
100.99797
92.49960
92.41917
92.66070
92.49223
92.67727
93.70790
95.24150
92.62920
92.29993
128.12257
283.60963
276.49440
271.50107
259.54080
92.56063
92.62810
92.57663
92.98603
93.38223
93.00797
92.68507
92.65767
92.90170
92.45567
92.33663
250.02980
277.85710
271.57200
267.62697
100.09027
92.96520
92.51143
92.41643
92.41430
92.77240
92.35137
92.42333
240.96613
1745.38927
1264.04097
401.31900
395.61417
390.97273
362.07513
216.22183
1128.21077
1034.98390
211.82217
211.88400
132.22473
127.82870
128.03980
633.50267
474.45580
58.84783
56.99980
114.95710
243.96173
236.73543
231.17850
204.77573
57.38027
57.27187
57.31093
258.84843
348.74170
344.93117
0.00000
0.00000
0.00000
0.00000
0.00000
0.00000
0.00000
0.00000
0.00000
0.00000
0.00000
0.00000
0.00000
72.67629
70.52013
70.31153
67.74287
67.62107
67.20270
67.00087
67.59080
67.57993
236.09653
248.40627
242.97580
235.26097
67.46693
67.47680
67.64050
67.91023
67.49283
67.54417
67.74703
67.85603
67.37803
67.30647
67.54000
154.74013
262.30647
249.39903
244.24953
167.64107
69.65173
70.41300
59.77050
56.77313
56.56467
56.70510
57.52790
58.81267
417.33137
126.14427
271.80777
304.02430
297.57290
251.70223
127.07383
126.71693
125.90063
125.63857
126.30807
125.71350
125.14913
125.09487
125.25007
124.89227
124.94363
125.12030
273.22883
300.04503
294.31770
238.42257
125.71523
125.54770
125.47020
125.23133
125.42483
125.23790
125.34447
125.33377
125.81643
125.49337
125.76837
125.73497
257.37177
300.07927
294.48223
256.97483
126.02113
126.48390
126.05703
126.38547
125.89687
125.31313
125.25647
128.99987
131.37443
126.11943
310.00253
298.76673
292.81997
208.74223
125.92170
157.16520
328.17743
324.98763
324.09463
953.99770
2202.38523
913.84360
1806.14183
1116.54940
3134.28243
2284.94877
2327.90133
2360.37673
2366.01457
1478.01553
454.16777
293.92423
326.24080
1300.91780
348.95443
343.90403
344.93600
338.18293
350.24533
350.73800
275.83390
174.38177
174.77873
174.86860
174.45457
174.21353
161.56023
720.21983
115.35353
154.01330
296.11487
358.88533
356.35133
350.60070
346.65777
220.27697
176.01510
175.48593
175.34203
175.58297
175.04730
175.28347
1073.76433
113.14477
91.82233
91.58760
91.07317
91.74473
91.59133
94.02170
91.38133
91.52253
91.19827
90.64447
90.81717
96.22103
91.13723
283.02343
280.18517
276.07447
272.52670
269.92887
123.20827
92.70967
91.30023
91.39470
100.99030
91.90293
91.76003
92.08473
92.17630
99.58920
108.67383
92.98320
116.94870
287.93807
280.55907
275.32307
272.25493
126.44970
93.16863
93.18730
93.12387
93.02253
92.65190
92.75833
93.15763
93.20730
92.92990
92.95567
93.07787
93.08443
93.10203
125.11707
286.89477
280.38330
275.69040
272.19890
135.86377
93.48580
93.27667
93.21607
93.50533
93.28257
93.22373
93.34343
93.61343
93.90327
95.11640
93.43453
94.33797
96.16037
212.01243
283.31277
278.35193
274.02997
212.92773
93.26313
93.70840
93.66440
93.31530
93.29173
93.36127
93.31347
93.43593
93.65057
94.48093
93.43750
93.43277
93.21637
93.35557
250.53927
281.85903
277.02863
272.59377
169.45037
92.44700
92.61580
92.91757
92.65317
92.37717
92.23030
92.48827
92.04333
92.21107
92.60090
92.45057
91.84140
124.44837
197.13840
1341.13000
1379.34650
745.53977
593.72293
579.21950
520.11140
370.87103
415.76347
549.92017
127.60300
127.06600
1398.85770
175.56347
126.77953
227.32640
303.08620
297.42387
292.56463
597.03640
475.55400
527.29663
710.52470
69.56300
57.67210
57.45437
57.02753
57.07020
57.48510
57.59307
134.27023
240.96413
234.88980
229.73057
148.44410
56.90180
57.24130
56.94260
56.93637
56.98380
57.27047
57.02097
56.67243
56.61513
56.98857
132.97403
239.83130
233.26923
228.63503
115.99213
56.29547
56.31717
56.43667
55.92923
55.84723
56.28137
56.56600
56.31707
56.35367
56.57857
80.62400
244.05107
236.93957
231.44880
165.86537
57.04883
57.04783
57.07250
57.54010
56.88860
56.92423
56.88800
57.24507
56.73743
56.73910
56.80330
202.50353
237.43100
232.00903
229.12277
63.98967
56.32763
56.38577
56.57043
56.55003
56.23263
56.23977
56.55483
56.31350
56.05300
56.04897
85.51027
243.88458
0.00000
0.00000
0.00000
0.00000
0.00000
0.00000
0.00000
0.00000
0.00000
0.00000
0.00000
0.00000
0.00000
0.00000
0.00000
0.00000
