0.99187
1.00000
104.06329
987.64935
1.00000
1.00000
1.00000
1.00000
1.00000
0.98734
1.01266
1.00000
3.48101
1.88608
1.75000
1.49367
1.00000
1.00000
1.00000
1.00000
1.00000
1.00000
1.00000
1.00000
1.63291
1.75949
1.00000
1.00000
3.43038
3.97468
1.00000
1.00000
1.00000
1.00000
1.00000
1.00000
1.00000
1.00000
1.00000
1.00000
1.00000
1.00000
0.98667
1.00000
1.00000
0.98649
0.95946
0.97297
1.00000
1.00000
1.00000
0.96000
1.00000
0.98649
1.00000
0.96970
1.00000
1.00000
0.95946
0.98649
1.00000
1.00000
1.00000
1.00000
1.00000
0.98649
6.05128
3.07692
2.38750
1.00000
1.00000
0.97436
0.92000
0.95946
0.97297
0.95946
0.87838
0.90541
0.98684
1.00000
1.00000
8.08974
1.00000
1.00000
1.00000
1.00000
1.00000
1.00000
1.00000
1.00000
1.00000
1.00000
1.00000
1.00000
1.00000
1.00000
1.00000
1.00000
1.03797
1.00000
1.00000
1.00000
1.00000
1.00000
1.00000
1.00000
1.00000
0.98734
1.00000
2.21519
4.48684
1.02532
1.01266
1.06329
1.11392
3.93671
8.13750
1.00000
1.17949
5.48101
1.00000
1.00000
1.00000
4.90000
3.65823
1.00000
1.01250
1.00000
1.00000
2.63636
0.98701
1.00000
0.58974
0.06579
0.05333
0.00000
0.00000
0.00000
0.00000
0.12821
0.07595
0.31646
0.34615
0.54430
0.00000
0.00000
0.00000
0.01316
0.10256
0.18987
1.00000
0.39241
0.20000
0.01266
1.00000
1.00000
1.00000
1.00000
1.00000
1.00000
1.00000
1.00000
1.07500
1.11392
1.05063
3.20779
2.58442
1.00000
1.00000
1.00000
1.00000
1.00000
1.00000
1.00000
1.00000
1.00000
1.00000
1.00000
1.00000
1.00000
1.00000
1.00000
1.00000
1.00000
1.00000
1.00000
1.00000
1.00000
1.00000
1.00000
1.00000
1.00000
1.00000
1.00000
1.00000
1.00000
1.00000
1.00000
1.00000
1.00000
1.00000
1.00000
1.00000
1.00000
1.00000
1.00000
1.00000
1.00000
1.00000
1.00000
1.00000
1.00000
1.00000
1.00000
1.00000
1.00000
1.00000
1.00000
1.00000
1.00000
1.00000
1.00000
1.00000
1.00000
1.00000
1.00000
1.00000
1.00000
1.00000
1.00000
1.00000
1.00000
1.00000
1.00000
1.00000
1.02532
1.00000
1.00000
1.00000
1.00000
1.00000
1.00000
1.00000
1.00000
1.00000
1.00000
1.00000
1.02532
1.00000
1.00000
1.00000
1.00000
1.00000
0.98734
1.00000
1.00000
1.00000
1.00000
1.00000
1.00000
1.13924
1.55696
1.50000
4.85897
1.30769
1.01266
4.32911
2.36709
1.00000
1.00000
1310.54430
266.51899
1.00000
1.00000
1.00000
1.00000
1.01266
1.00000
1.00000
1.00000
1.00000
1.00000
1.00000
1.00000
1.00000
1.00000
1.00000
1.00000
1.00000
1.02532
3.32051
3.76923
1.00000
1.00000
1.00000
1.00000
1.00000
1.00000
1.00000
1.00000
1.00000
1.00000
1.00000
1.00000
1.00000
1.00000
1.00000
1.30380
1.00000
1.00000
1.00000
1.00000
1.00000
1.00000
1.00000
1.00000
1.00000
1.00000
1.00000
1.00000
1.01250
1.00000
1.00000
1.00000
1.00000
1.00000
1.00000
1.00000
1.00000
1.00000
1.00000
1.02532
1.00000
1.00000
1.00000
1.00000
1.00000
1.00000
1.00000
1.00000
1.00000
1.00000
1.00000
1.00000
1.00000
1.03797
1.02532
1.00000
1.00000
1.00000
1.00000
1.00000
1.00000
1.00000
1.00000
1.00000
1.00000
1.00000
1.00000
1.01266
1.00000
1.00000
1.00000
1.00000
1.00000
1.00000
1.00000
1.00000
1.00000
1.00000
1.00000
1.00000
1.00000
1.00000
1.00000
1.00000
0.98734
1.00000
1.00000
1.00000
1.00000
1.00000
1.00000
1.00000
1.75949
7.18421
1.00000
1.00000
1.00000
1.00000
2.67089
1.00000
1.00000
1.00000
1.00000
1.00000
1.00000
1.01266
1.02532
1.00000
1.00000
0.00000
0.00000
0.00000
0.00000
0.00000
0.00000
0.00000
0.00000
0.00000
0.00000
0.00000
0.00000
0.00000
0.00000
0.00000
0.00000
0.00000
0.00000
1.00000
1.00000
1.00000
1.00000
2.44304
1.13924
1.11392
1.07595
1.01266
8.76316
1.00000
1.00000
1.00000
1.00000
1.00000
1.00000
1.00000
1.00000
1.02532
1.00000
1.00000
1.00000
1.00000
0.98734
1.00000
1.00000
1.00000
1.00000
1.00000
1.00000
1.00000
1.00000
1.00000
1.00000
1.00000
1.00000
1.00000
1.00000
1.00000
1.00000
1.00000
1.00000
1.00000
1.00000
1.00000
1.00000
1.00000
1.00000
1.00000
1.00000
1.00000
1.00000
1.00000
1.00000
1.00000
1.00000
1.00000
1.00000
1.00000
1.00000
1.00000
1.00000
1.00000
1.00000
1.00000
1.00000
1.00000
1.00000
1.00000
1.00000
1.00000
1.00000
1.00000
1.00000
1.44304
1.80000
1.74684
1.36709
1.00000
1.00000
1.00000
1.00000
1.00000
1.00000
1.00000
1.00000
1.00000
1.00000
1.00000
1.00000
0.98734
1.00000
1.00000
1.00000
1.00000
1.00000
1.00000
1.00000
1.00000
1.00000
1.02532
1.00000
1.00000
1.00000
1.00000
1.00000
1.00000
1.00000
1.00000
1.00000
1.00000
1.00000
1.00000
1.00000
1.00000
1.00000
1.00000
1.00000
1.00000
0.62338
0.33766
0.94937
3.37662
1.00000
1.01266
1.02532
1.00000
1.00000
1.00000
1.00000
1.00000
5.68831
3.25000
1.00000
1.00000
1.00000
1.08861
1.07595
1.13924
1.00000
1.00000
1.00000
1.00000
1.00000
1.00000
1.00000
1.00000
1.00000
512.08974
1092.13158
385.17722
5.82051
1.00000
0.96000
0.97297
0.97297
0.98667
1.00000
0.95946
1.00000
0.98667
0.97297
0.98649
1.02564
1.00000
1.00000
0.98684
0.98649
0.97297
0.97297
0.97333
0.97297
0.94595
0.98667
1.00000
0.98649
1.00000
1.00000
0.98718
0.98649
0.98649
0.97297
0.98667
0.98649
1.00000
1.00000
1.00000
0.95946
1.00000
0.95946
1.00000
1.00000
1.00000
0.98649
0.97333
1.00000
0.94595
0.93333
0.98649
1.00000
1.00000
0.98649
1.00000
0.98684
1.00000
1.00000
1.00000
1.00000
0.97297
1.00000
0.98649
1.00000
0.98667
1.00000
0.98649
0.98667
0.98649
0.98649
1.00000
1.00000
0.98750
0.98649
1.00000
1.00000
0.98649
0.97297
1.00000
0.98649
1.00000
0.97297
1.00000
1.00000
1.00000
1.00000
1.00000
1.00000
0.98649
1.00000
0.97297
0.98649
0.98649
0.98649
1.00000
0.97333
0.98649
0.97297
1.00000
1.00000
1.00000
5.74684
9.30380
1.87500
6.82278
1.00000
1.00000
2.96203
2.35000
1.02532
1.00000
1.00000
1.00000
1.00000
1.00000
1.00000
1.00000
1.00000
1.00000
1.00000
1.00000
1.00000
1.00000
1.02532
1.08861
1.03797
7.90909
1.00000
1.00000
1.00000
1.00000
1.00000
1.00000
1.00000
1.00000
1.00000
1.00000
1.13924
1.06329
1.01266
1.01266
1.00000
1.00000
1.00000
1.00000
1.00000
1.00000
1.00000
1.00000
1.00000
1.02532
1.00000
1.00000
1.00000
1.00000
0.98734
1.00000
1.00000
1.00000
1.00000
1.00000
1.00000
1.00000
1.00000
1.00000
1.00000
1.00000
1.00000
1.00000
1.00000
1.00000
1.00000
1.00000
1.00000
1.00000
1.00000
1.00000
1.00000
1.02532
1.00000
1.00000
1.00000
1.00000
1.00000
1.00000
1.00000
1.00000
1.00000
1.00000
1.00000
1.00000
1.00000
1.00000
1.02532
1.00000
1.00000
1.00000
1.00000
1.00000
1.00000
1.00000
1.00000
1.00000
1.00000
1.00000
1.00000
1.00000
1.00000
1.00000
1.00000
1.00000
1.00000
1.00000
1.00000
1.00000
1.00000
1.00000
1.00000
1.00000
1.00000
1.00000
1.00000
1.00000
1.00000
1.00000
1.00000
1.00000
1.00000
1.00000
1.00000
1.00000
1.00000
1.00000
1.00000
1.00000
1.03797
1.00000
1.00000
1.00000
1.00000
1.00000
1.00000
1.00000
1.00000
1.00000
1.00000
1.00000
1.00000
1.00000
1.00000
1.00000
1.00000
1.00000
1.00000
1.00000
1.00000
1.00000
1.00000
1.00000
1.00000
1.00000
0.98734
438.80519
730.84416
1.06329
1.01266
1.00000
1.00000
1.00000
1.00000
1.00000
1.00000
5.47436
1.50000
1.80769
1.00000
1.01266
1.00000
1.00000
1.00000
1.00000
1.00000
1.00000
3.30380
3.98718
0.94595
0.98667
0.98649
0.97333
1.00000
1.00000
1.00000
0.97297
0.98649
0.94595
0.98667
1.00000
0.97297
0.93333
0.97297
0.98649
1.01316
1.00000
1.00000
1.00000
0.98649
0.97297
0.98667
0.98649
0.97297
0.96000
0.91892
0.95946
0.98667
0.98649
0.98649
1.02532
1.00000
1.00000
0.94667
0.96000
0.97297
1.00000
1.00000
1.00000
0.98649
0.98667
1.00000
0.96000
0.95890
1.00000
1.00000
1.00000
0.98649
1.00000
1.00000
0.98667
0.94595
1.00000
0.98667
0.95946
0.95890
1.00000
1.02667
1.00000
1.00000
0.98734
2.25333
1.48000
0.90541
0.89189
0.92000
0.94595
0.93243
0.98667
1.00000
0.98649
1.00000
1.00000
1.00000
1.00000
0.94667
0.94595
0.94667
0.98649
0.98649
0.98667
0.95946
0.95946
0.98667
0.93333
1.00000
1.00000
1.00000
8.19231
0.93243
0.98649
0.93243
0.97333
2.88000
0.88000
0.93333
0.98649
1.00000
1.00000
1.00000
0.96104
0.90541
0.76000
0.77027
0.79730
0.79730
0.82432
0.74324
0.80263
0.77027
0.80822
1.00000
0.00000
0.00000
0.00000
0.00000
0.00000
0.00000
0.00000
0.00000
0.00000
0.00000
0.00000
0.00000
0.00000
0.00000
0.00000
0.00000
0.00000
0.00000
0.00000
0.00000
0.00000
0.00000
1.00000
1.00000
1.00000
1.00000
6.15584
3.06410
1.10127
1.00000
1.00000
1.00000
1.00000
1.00000
1.00000
1.00000
1.00000
1.00000
1.00000
1.00000
1.00000
1.00000
1.00000
1.00000
1.00000
1.00000
1.00000
1.00000
1.00000
1.00000
1.00000
1.00000
1.00000
1.00000
1.00000
1.00000
1.40506
1.56250
1.50633
1.00000
1.00000
1.00000
1.00000
1.00000
1.00000
1.00000
1.00000
1.00000
1.00000
1.00000
1.00000
1.00000
1.00000
1.00000
1.00000
1.00000
1.00000
1.00000
1.00000
0.98734
1.00000
1.00000
1.00000
1.00000
1.00000
1.00000
1.00000
1.00000
1.00000
1.00000
1.00000
1.00000
1.00000
1.00000
1.00000
1.00000
1.00000
1.00000
1.00000
1.00000
1.00000
1.00000
1.00000
1.00000
1.00000
1.00000
1.00000
1.00000
1.00000
1.00000
1.00000
1.00000
1.00000
1.00000
1.00000
1.00000
1.00000
1.00000
1.00000
1.00000
1.00000
1.00000
1.00000
1.00000
1.00000
1.00000
1.00000
1.00000
1.00000
1.00000
1.00000
1.00000
1.00000
1.00000
1.00000
1.00000
1.00000
1.00000
1.00000
1.00000
1.00000
1.00000
1.00000
1.00000
1.00000
1.00000
1.00000
1.00000
1.00000
1.00000
1.00000
1.00000
1.00000
1.00000
1.00000
0.98718
0.97297
1.00000
1.00000
1.00000
1.00000
340.30380
1060.70886
1.00000
1.00000
1.00000
1.00000
1.00000
1.00000
1.00000
1.00000
3.34177
1.01250
1.00000
1.00000
1.00000
1.00000
1.00000
1.00000
1.00000
1.00000
1.00000
1.00000
1.01266
1.02532
1.01250
1.00000
1.00000
1.00000
1.00000
1.00000
1.00000
1.00000
0.29870
3.06329
1.00000
0.97368
1.00000
1.00000
1.00000
0.97333
0.98667
0.95946
0.98649
0.97333
1.00000
1.00000
1.00000
1.00000
0.97297
0.98667
1.00000
1.00000
0.98718
1.00000
1.00000
0.98684
0.98649
0.97297
1.00000
0.97333
0.97297
1.00000
1.00000
1.00000
1.02632
1.00000
1.00000
1.00000
1.00000
1.00000
1.00000
1.00000
0.95946
1.00000
1.00000
0.95946
0.98649
0.98667
1.00000
0.98649
1.00000
1.00000
1.00000
1.00000
0.98649
0.97297
1.00000
1.00000
1.00000
0.98667
1.00000
1.00000
1.00000
1.00000
1.00000
1.00000
0.87838
0.91892
0.94667
268.32432
598.85714
0.94667
0.95946
0.97297
0.90667
0.93243
0.91892
0.96000
1.00000
1.00000
1.00000
0.97403
0.97297
0.98649
0.98649
0.94667
0.95946
0.98649
1.00000
1.00000
1.00000
1.00000
1.00000
1.00000
0.98701
1.00000
1.00000
0.97297
1.00000
1.00000
0.98667
1.00000
1.00000
0.98667
0.98649
0.95946
1.01250
1.00000
1.00000
0.98667
1.00000
1.00000
1.00000
1.00000
1.00000
1.00000
0.97297
0.97297
1.00000
1.00000
0.97297
1.00000
1.00000
1.00000
1.00000
0.98667
0.98649
0.98667
1.00000
1.00000
1.00000
1.00000
1.00000
1.12658
1.53165
1.32911
1.15190
1.00000
1.00000
1.00000
1.00000
1.00000
1.01250
0.98734
1.00000
1.00000
1.00000
1.00000
1.00000
1.00000
1.00000
1.00000
1.00000
1.00000
1.00000
1.00000
1.00000
1.00000
1.00000
1.00000
1.00000
1.00000
1.00000
1.00000
1.00000
1.00000
1.00000
1.00000
1.00000
1.00000
0.98734
1.00000
1.00000
1.00000
1.00000
1.00000
1.00000
1.00000
1.00000
1.00000
1.00000
0.98734
1.00000
1.00000
1.00000
1.00000
1.00000
1.00000
1.00000
1.00000
1.00000
1.00000
1.00000
1.00000
1.00000
1.00000
1.00000
1.00000
1.00000
1.00000
1.00000
1.00000
1.00000
1.00000
1.00000
1.00000
1.00000
1.00000
1.00000
1.00000
1.00000
1.00000
1.00000
1.00000
1.00000
1.00000
1.00000
1.00000
1.00000
1.00000
1.00000
1.00000
1.00000
1.00000
1.00000
1.00000
1.00000
1.00000
1.00000
1.00000
1.00000
1.00000
1.00000
1.00000
1.00000
1.00000
1.00000
1.00000
1.00000
1.00000
1.00000
1.00000
1.00000
1.00000
1.00000
1.00000
1.00000
1.00000
1.00000
0.98630
1.00000
1.00000
1.00000
1.00000
1.00000
1.00000
1.00000
1.00000
1.00000
0.98667
1.00000
1.00000
1.00000
1.00000
1.00000
1.00000
0.98684
0.98649
0.98667
0.98649
1.00000
1.00000
1.00000
1.00000
1.06329
2.88462
6.67532
3.06667
2.00000
1.85333
1.02532
1.00000
1.00000
1.00000
1.00000
1.00000
1.00000
1.00000
1.00000
1.00000
1.00000
1.00000
1.00000
1.00000
1.00000
1.00000
1.00000
1.00000
1.00000
1.00000
1.00000
3.31646
969.30380
61.54430
4.26923
1.00000
1.00000
1.00000
1.00000
1.00000
1.00000
1.00000
1.00000
1.00000
1.00000
1.00000
1.00000
0.97468
0.27632
5.72368
4.98701
1.11392
0.10390
0.00000
0.00000
0.00000
0.00000
0.06579
0.01266
0.27848
0.44156
0.84416
0.00000
0.00000
0.00000
0.01333
0.03750
0.36250
1.00000
0.12821
0.20253
0.26250
1.00000
1.00000
1.00000
2.21519
4.07792
1.00000
1.00000
1.00000
0.81013
0.01333
0.09333
0.25974
0.63291
0.02532
0.91139
1.00000
0.98718
0.94595
0.98649
0.94667
0.91892
0.96000
0.98649
0.97297
0.94595
0.94595
1.00000
0.97297
0.94667
1.00000
0.73418
0.44304
0.05000
0.11538
0.50000
0.73077
0.33333
0.36842
0.27632
0.48684
1.11392
1.05063
1.00000
1.00000
1.00000
1.00000
1.00000
1.00000
1.00000
0.98684
0.94595
0.94595
0.98667
0.95946
0.94595
0.98649
0.96000
0.95946
0.94667
0.95946
0.95946
0.96000
0.98649
0.94595
0.93243
1.00000
1.00000
1.00000
1.00000
1.00000
0.98718
0.98649
0.98649
0.98649
0.96000
0.98649
0.97297
0.94667
1.00000
0.93243
0.96000
0.97297
0.93333
0.95946
0.97297
0.96000
1.00000
1.00000
1.00000
1.00000
1.00000
0.97333
0.96000
0.98649
0.98667
0.98649
0.98649
0.97297
0.97333
0.98649
0.98649
0.96000
0.98649
0.94595
0.98684
0.98649
1.01299
1.26582
8.55696
1.22500
0.93671
0.62338
0.62338
1.71795
1.11688
0.79487
1.00000
1.00000
1.00000
1.00000
1.00000
1.00000
1.00000
1.00000
1.00000
1.00000
1.00000
1.00000
1.00000
1.00000
1.00000
1.00000
1.00000
1.00000
1.00000
1.00000
1.00000
1.00000
1.00000
1.00000
1.00000
1.00000
1.00000
1.00000
1.00000
1.00000
1.00000
1.01266
1.00000
1.00000
1.00000
1.00000
1.00000
1.00000
1.00000
1.00000
1.00000
1.00000
1.00000
1.00000
1.00000
1.00000
1.00000
1.00000
1.00000
1.00000
1.00000
1.00000
1.00000
1.00000
1.00000
1.00000
1.00000
1.00000
1.00000
1.00000
1.00000
1.00000
1.00000
1.00000
1.00000
1.00000
1.00000
1.00000
1.00000
1.00000
1.00000
1.00000
1.00000
1.00000
1.00000
1.00000
1.00000
1.00000
1.00000
1.00000
1.00000
1.00000
1.00000
1.00000
1.00000
1.00000
1.00000
1.00000
0.98734
1.00000
1.00000
1.00000
1.00000
1.00000
1.00000
1.00000
1.00000
0.28205
2.92308
1.00000
1.00000
1.00000
1.00000
1.00000
1.00000
1.00000
1.00000
0.77027
1.08000
1.04000
0.94667
0.58667
0.10667
5.12821
2.54545
0.12000
0.51948
0.64935
0.85135
2.28947
1.00000
0.77333
0.67568
0.63514
0.68919
0.81081
0.67568
0.74324
0.75676
0.85333
0.83784
0.85135
0.86667
0.87671
0.89474
1.00000
1.00000
1.00000
1.00000
1.21519
1.00000
1.00000
1.00000
1.00000
1.00000
1.00000
1.00000
1.12658
1.20253
1.00000
1.00000
6.92500
13.28205
11.88312
12.55844
16.41772
10.65823
13.26582
12.50633
12.83544
12.47500
1242.48000
12.84810
9.91139
4.13924
11.07595
3.53750
1.00000
1.00000
1.02597
1.01282
5.67500
9.98734
10.55128
9.17722
4.68831
1.69620
2.39241
1.00000
1.00000
1.00000
1.00000
1.00000
1.00000
1.00000
1.01266
1.00000
1.00000
1.00000
1.00000
1.00000
1.00000
1.00000
0.83750
0.70886
0.96203
0.06410
0.03846
0.05195
0.00000
0.00000
0.00000
0.34615
0.55696
0.60759
0.05063
0.70000
0.00000
0.00000
0.00000
0.39241
0.98734
8.08974
0.67500
0.13924
0.07595
0.73418
1.00000
1.00000
1.00000
1.07595
1.12658
1.10127
1.06250
1.15190
1.13924
1.15190
1.00000
1.00000
1.00000
1.00000
1.00000
1.00000
1.00000
1.00000
1.00000
1.00000
2.69231
1.00000
1.00000
1.00000
1.00000
1.00000
1.00000
1.00000
1.01266
1.01266
5.20000
1.07595
1.01266
2.41176
1.00000
1.00000
1.00000
1.00000
1.00000
1.00000
1.00000
1.00000
1.00000
1.00000
1.00000
1.00000
1.00000
1.00000
1.00000
1.00000
1.00000
1.00000
1.00000
1.00000
1.00000
1.00000
1.00000
1.00000
1.00000
1.00000
1.00000
1.00000
1.00000
1.00000
1.00000
0.98734
1.00000
1.00000
1.00000
1.00000
1.00000
1.00000
1.00000
1.00000
1.00000
1.00000
1.00000
1.00000
1.00000
1.00000
1.00000
1.00000
1.00000
1.00000
1.00000
1.00000
1.00000
1.00000
1.00000
1.00000
1.00000
1.00000
1.00000
1.00000
1.00000
1.00000
1.00000
1.00000
1.00000
1.00000
1.00000
1.00000
1.00000
1.00000
1.00000
1.00000
1.00000
1.00000
1.00000
1.00000
1.00000
1.00000
1.00000
1.00000
1.00000
1.00000
1.00000
1.00000
1.00000
1.00000
1.00000
1.00000
1.00000
1.00000
1.00000
1.00000
1.00000
1.02532
1.00000
1.15000
1.46835
1.45570
1.44304
1.00000
0.98750
1.00000
1.02532
1.00000
1.00000
1.00000
1.00000
1.00000
1.00000
1.00000
1.00000
1.00000
1.00000
1.00000
1.00000
591.79487
517.49351
1.00000
1.00000
1.00000
1.00000
1.00000
1.00000
1.00000
1.03797
2.67949
6.81579
3.45455
1.82432
1.48684
1.03797
1.30380
1.16456
1.07595
385.52564
347.60256
5.67089
1.00000
1.00000
1.00000
1.00000
0.97368
0.93243
0.96000
0.97297
0.91892
0.93333
0.93243
0.97297
0.96000
0.95946
0.93243
0.96000
0.98649
0.93243
0.94667
0.91892
0.89189
0.94737
1.00000
1.00000
1.00000
1.00000
0.97368
0.95946
0.94667
0.97297
0.95946
0.94667
0.93243
0.55405
0.70667
0.74324
0.71622
0.64000
0.68919
0.71622
0.70667
0.94872
1.00000
1.00000
1.00000
0.86076
0.79730
0.68000
0.83784
0.84000
1.89333
0.97333
0.88000
0.98649
0.94595
0.93333
0.90541
0.97297
0.93333
0.98701
1.00000
1.00000
1.00000
1.00000
0.96000
0.95946
0.93243
0.93243
0.96000
0.97297
0.95946
0.94595
0.98649
0.94667
1.00000
1.00000
1.00000
0.97403
0.98649
0.97297
0.98649
0.98649
0.95946
0.96000
0.93243
0.95946
1.00000
1.01333
1.00000
1.00000
1.00000
1.00000
0.92208
0.75676
0.89189
0.94595
0.97297
0.93243
0.96000
0.97297
0.94595
0.98667
1.00000
1.02564
1.00000
1.00000
1.01266
1.00000
1.00000
1.00000
1.00000
1.00000
1.00000
1.00000
1.00000
1.00000
1.00000
1.00000
1.00000
1.00000
1.00000
1.00000
1.00000
1.00000
1.00000
1.00000
1.00000
1.00000
1.00000
1.70886
5.88158
3.40260
1.97468
1.00000
1.00000
1.00000
1.00000
1.00000
1.00000
0.98718
0.98734
0.98750
1.00000
1.00000
8.00000
1.13924
1.00000
1.00000
3.31579
0.87013
0.01266
0.10667
0.05405
0.00000
0.00000
0.00000
0.00000
0.27632
0.23750
0.53165
0.45570
0.70513
0.00000
0.00000
0.00000
0.21795
1.00000
0.74684
1.00000
0.27848
0.20000
0.12658
1.00000
1.00000
1.00000
1.00000
1.00000
1.01266
1.00000
1.00000
1.00000
1.00000
1.00000
1.00000
1.00000
1.00000
1.00000
1.00000
1.00000
1.00000
1.00000
1.00000
1.00000
1.00000
1.00000
1.00000
1.00000
1.00000
1.00000
1.00000
1.00000
1.00000
1.00000
1.00000
1.00000
1.00000
1.00000
1.00000
1.00000
1.00000
1.00000
1.00000
1.00000
1.00000
1.00000
1.00000
1.00000
1.00000
1.00000
1.00000
1.00000
1.00000
1.00000
1.00000
1.00000
1.00000
1.00000
1.00000
1.00000
1.00000
1.00000
1.00000
1.00000
1.00000
0.97468
0.98734
1.00000
1.00000
1.00000
1.00000
1.00000
1.00000
1.00000
1.00000
1.00000
1.00000
1.00000
1.00000
1.00000
1.00000
1.00000
1.00000
1.00000
1.00000
1.00000
1.00000
1.00000
1.00000
1.00000
1.00000
1.00000
1.00000
1.00000
1.00000
1.00000
1.00000
1.00000
1.00000
1.00000
1.00000
1.05063
1.06329
1.05000
1.01266
1.30769
1.25316
1.21250
1.21519
4.03846
15.30263
3.18421
5.61039
1.00000
1.00000
1.00000
1.00000
0.09211
0.84810
1282.45570
582.16456
1.00000
1.00000
1.00000
3.15385
3.20513
0.96053
0.96000
0.95946
0.94595
0.97333
0.94595
0.96000
1.00000
0.95946
0.98667
1.00000
1.00000
1.00000
1.00000
0.88462
0.94872
1.00000
1.00000
1.07692
8.19737
0.93671
0.84615
0.75949
0.10256
0.15385
0.31646
0.65823
0.00000
0.00000
0.00000
0.00000
0.53165
0.96203
0.00000
0.00000
0.30380
0.00000
0.00000
0.82667
0.98649
0.96000
1.00000
1.00000
0.97333
1.00000
1.00000
0.94667
0.97297
0.98649
1.00000
0.98649
0.98649
0.97333
0.97297
0.97297
0.98701
1.00000
1.00000
1.00000
1.00000
1.00000
1.00000
0.95946
0.98649
1.00000
0.98649
0.98649
1.00000
0.98649
1.00000
1.00000
1.00000
1.00000
0.98701
1.00000
1.00000
0.98649
0.98667
0.98649
1.00000
0.98667
0.98649
0.97297
0.97297
0.98667
1.00000
0.98667
0.98649
0.97297
0.98649
1.00000
0.97333
0.98667
1.00000
1.00000
1.00000
1.00000
1.00000
0.98667
1.00000
1.00000
1.00000
1.00000
0.98649
1.00000
0.98649
1.00000
1.00000
1.00000
1.01266
1.02532
1.05063
1.00000
0.98649
0.98667
0.98701
1.00000
1.00000
1.00000
1.00000
1.00000
1.00000
1.00000
1.00000
1.00000
1.00000
1.00000
6.36709
2.63750
1.00000
1.00000
1.00000
1.00000
1.00000
1.00000
1.00000
1.00000
1.00000
1.00000
1.00000
1.00000
1.00000
1.00000
1.00000
1.00000
0.98734
1.00000
1.00000
1.00000
1.00000
1.00000
1.00000
1.00000
1.00000
1.00000
1.00000
6.51899
2.51282
1.02564
1.00000
1.00000
1.00000
1.00000
1.00000
1.00000
1.00000
1.00000
1.00000
1.00000
1.00000
1.00000
1.00000
1.00000
1.00000
1.00000
1.00000
1.00000
1.00000
1.00000
1.00000
1.00000
1.00000
1.00000
1.00000
1.00000
1.00000
1.00000
1.00000
1.00000
1.00000
1.00000
1.00000
1.00000
1.00000
1.00000
1.00000
1.00000
1.00000
1.00000
1.00000
1.00000
1.03797
1.00000
1.00000
1.00000
1.00000
1.00000
1.00000
1.00000
1.00000
1.00000
1.00000
1.00000
1.00000
1.00000
1.00000
1.00000
1.00000
1.00000
1.00000
1.00000
1.00000
1.00000
1.00000
1.00000
1.00000
1.00000
1.00000
1.00000
1.00000
1.00000
1.00000
1.00000
1.00000
1.00000
1.00000
1.00000
1.00000
1.00000
1.00000
1.00000
1.00000
1.00000
1.00000
1.00000
1.00000
1.00000
1.00000
1.00000
1.00000
1.00000
1.00000
1.00000
1.00000
1.00000
1.00000
1.00000
1.00000
1.00000
1.00000
1.00000
375.03846
1027.12987
1.03797
1.10127
1.03797
1.07595
1.07500
1.00000
1.00000
1.00000
5.38961
4.78205
1.00000
1.00000
1.00000
1.00000
1.00000
1.00000
1.00000
1.00000
1.07595
1.03797
1.03750
1.05063
428.18987
147.30380
0.97297
1.00000
0.97297
0.98649
0.97297
0.98667
1.00000
0.98649
0.98667
0.95946
0.97297
0.97333
0.97297
0.97297
0.98667
0.95946
1.00000
1.00000
1.00000
1.00000
1.00000
0.93243
0.98649
1.00000
0.97297
0.98649
0.94667
0.98649
0.94595
0.98667
0.97297
0.95946
0.94667
0.94595
0.98649
0.96000
0.98701
1.00000
1.00000
1.00000
1.00000
0.98667
0.97297
0.97297
0.96000
0.97297
0.98649
0.93333
0.93243
0.93243
0.96000
0.95946
0.92000
1.00000
0.95946
0.96000
0.97297
1.00000
1.00000
1.00000
1.00000
1.00000
0.91892
0.97297
0.93333
0.94595
0.97297
0.94667
1.00000
0.96000
0.90541
0.97297
0.93243
0.97333
0.93243
0.95946
0.97333
0.97403
1.00000
1.00000
1.00000
1.00000
0.98684
0.95946
0.98649
0.93333
0.93243
0.98649
0.97333
0.91892
0.98649
0.89333
0.95946
0.94595
1.00000
0.96000
0.95946
0.95946
0.98734
1.00000
1.00000
0.98750
1.00000
1.00000
0.96000
0.94595
0.94595
0.92000
0.95946
0.95946
0.93333
0.92000
0.60256
0.68354
1.00000
1.00000
1.00000
0.98734
0.62025
0.02532
0.00000
0.22500
0.78481
0.82278
0.45570
0.53165
0.47500
0.46835
0.54430
0.48101
0.53165
0.48750
0.56962
0.50633
0.58228
0.69620
0.59494
0.98734
1.00000
1.00000
1.00000
1.00000
0.65000
0.75949
0.77215
0.73418
0.68750
0.69620
0.58228
0.62025
0.91139
0.98734
0.96203
0.96250
0.97468
0.98734
5.11392
3.92308
1.00000
1.00000
1.00000
1.00000
1.00000
1.00000
1.00000
1.00000
1.00000
1.00000
1.00000
0.98750
1.00000
1.00000
1.00000
1.00000
1.00000
1.00000
1.00000
1.00000
1.00000
1.00000
1.00000
1.00000
1.00000
1.00000
1.00000
1.00000
1.00000
1.00000
1.00000
1.00000
1.00000
1.00000
1.00000
0.98734
1.00000
0.98734
1.00000
1.00000
1.00000
1.00000
1.00000
1.00000
1.00000
1.00000
1.00000
1.00000
1.00000
1.00000
1.00000
1.00000
1.00000
1.00000
1.00000
1.00000
1.00000
1.03797
1.00000
1.00000
1.00000
1.00000
1.00000
1.00000
1.00000
1.00000
1.00000
1.00000
1.00000
1.00000
1.00000
1.00000
1.00000
1.00000
1.00000
1.00000
1.01266
1.00000
1.00000
1.00000
1.00000
1.00000
0.98734
1.00000
1.00000
0.98750
1.00000
1.00000
1.00000
1.00000
0.98750
1.00000
1.00000
1.00000
1.00000
1.00000
1.00000
1.00000
1.00000
1.00000
1.00000
1.00000
1.00000
1.00000
1.00000
2.64103
1.03896
2.74684
1.00000
1.00000
1.00000
1.00000
1.00000
21.34177
1526.74667
21.10127
1.00000
1.00000
1.00000
1.00000
3.26582
3.84615
0.81081
0.95946
0.93333
0.89189
0.98649
0.92000
0.89189
0.98701
1.00000
1.00000
1.00000
1.00000
1.00000
1.00000
1.00000
0.93243
0.93243
0.96053
1.00000
1.00000
1.00000
1.00000
1.00000
1.00000
1.00000
1.00000
0.93421
0.91892
0.91892
0.96000
0.95946
0.95946
0.97333
0.91892
0.94595
0.95946
0.92000
0.97297
0.93243
0.94667
1.01266
1.00000
1.00000
1.00000
0.98734
0.89189
0.94595
0.95946
0.96000
0.93243
0.90541
0.94667
0.94595
0.94667
0.91892
0.91892
0.90667
0.85135
1.00000
1.00000
1.00000
1.00000
0.98718
0.94667
0.90541
0.91892
0.94667
0.94595
0.90541
0.92000
0.91892
0.93243
0.90667
0.89189
0.93243
0.94667
1.01316
1.00000
1.00000
1.00000
1.00000
0.96000
0.97297
0.95946
0.91892
0.97297
0.95946
0.91892
0.93243
0.93243
0.94667
0.95946
0.95946
0.92000
0.94595
1.00000
1.00000
1.00000
1.00000
0.97368
0.88000
0.93243
0.90541
0.93333
0.95946
0.91892
0.93333
0.95946
0.94595
0.94667
0.90541
0.97297
0.93333
1.00000
1.00000
1.00000
1.00000
0.98667
0.94667
0.98649
0.91892
0.96000
0.95946
0.97297
0.97333
0.95946
0.94595
0.92000
1.00000
1.03797
1.00000
1.00000
1.00000
1.00000
1.00000
1.00000
1.00000
1.00000
1.00000
1.00000
1.00000
1.00000
1.00000
1.00000
1.00000
4.59211
1.00000
1.00000
1.00000
1.27848
7.85714
1.15190
1.00000
1.00000
1.00000
1.00000
1.00000
1.00000
1.03797
1.10000
1.11392
1.05063
1.01266
1.00000
1.00000
1.00000
1.00000
1.00000
1.00000
1.00000
1.00000
1.00000
1.00000
1.00000
1.00000
1.00000
1.00000
0.98734
1.00000
1.00000
2.10526
4.53333
1.00000
1.00000
1.00000
1.00000
0.98734
0.98734
0.98734
1.00000
1.00000
1.00000
0.97468
0.98734
1.00000
0.97468
1.00000
1.00000
1.00000
1.00000
1.00000
1.00000
1.00000
1.00000
1.00000
1.00000
1.00000
1.00000
1.00000
1.00000
1.00000
1.00000
1.00000
1.00000
1.00000
1.00000
1.00000
1.00000
0.98734
1.00000
1.00000
1.00000
1.00000
0.98734
1.00000
1.00000
1.00000
1.00000
1.00000
1.00000
1.00000
1.00000
1.00000
1.00000
1.00000
1.00000
1.00000
1.00000
1.00000
1.00000
1.00000
1.00000
1.00000
1.00000
1.00000
1.00000
1.00000
1.00000
1.00000
1.02532
1.00000
1.00000
1.00000
1.00000
1.00000
1.00000
1.00000
1.00000
1.00000
1.00000
1.00000
0.98734
0.97468
0.96250
0.93671
0.93671
0.92405
0.80769
0.28571
5.30263
6.10390
2.16667
1.00000
1.00000
1.00000
1.00000
0.98734
1.00000
1.00000
1.00000
1.00000
1.00000
1.00000
1.00000
1.00000
1.00000
0.98734
1.00000
0.55696
485.89873
970.88608
3.16667
3.88608
1.00000
1.00000
5.32911
0.93671
0.89873
0.97500
1.00000
1.00000
0.97468
0.86076
0.83544
0.82500
0.81013
0.79747
0.77215
0.79487
0.63514
0.81081
0.84000
0.72973
0.79730
0.96000
1.00000
1.00000
1.00000
0.98701
0.93333
0.87838
0.91892
0.94667
0.94595
0.97297
0.95946
0.91892
0.95946
0.96000
0.95946
1.00000
1.00000
1.00000
1.00000
0.93333
0.94595
0.97297
0.94667
0.98649
0.95946
0.92000
0.93243
0.98649
0.97333
0.97297
1.00000
1.00000
1.00000
1.00000
0.98684
0.97297
0.93243
0.94667
0.98649
0.94595
0.96000
0.91892
0.95946
0.97333
0.94595
0.97403
1.00000
1.00000
1.00000
0.97368
0.95946
0.97297
0.96000
0.95946
0.97297
0.96000
1.00000
0.97260
0.93333
0.97297
0.98718
1.00000
1.00000
1.00000
0.98667
0.98649
0.93243
0.94595
0.97333
0.97297
0.91892
0.98667
0.95946
0.97297
0.93333
0.98667
1.00000
1.00000
1.00000
0.97403
0.97333
1.00000
1.00000
0.97333
0.97297
1.00000
0.94667
0.91892
0.96000
0.90541
0.90541
0.82051
1.00000
1.00000
1.00000
0.94937
0.65823
0.58228
0.51250
0.59494
0.30380
0.16456
0.17722
0.18750
0.06329
0.21519
0.35443
0.25316
0.88608
1.00000
1.00000
1.00000
1.00000
1.00000
1.00000
8.13158
1.00000
1.00000
1.00000
1.00000
1.00000
1.00000
1.00000
1.00000
1.00000
1.00000
1.03797
1.59494
1.98734
2.00000
1.56962
1.00000
1.00000
1.03797
1.06250
1.02532
1.06329
1.01250
1.02564
1.02532
1.02500
1.00000
1.00000
1.00000
1.00000
1.00000
1.00000
1.00000
1.00000
1.00000
1.00000
1.00000
1.00000
1.00000
1.09091
1.11688
1.00000
0.98734
0.81013
0.11842
0.04000
0.00000
0.00000
0.00000
0.00000
0.06579
0.03750
0.31646
0.12658
0.86076
0.00000
0.00000
0.00000
0.22785
0.97468
1.00000
1.00000
0.26582
0.20253
0.13924
1.00000
1.00000
1.00000
1.00000
0.98734
1.00000
1.00000
1.00000
1.00000
1.00000
1.00000
1.00000
1.00000
1.00000
1.00000
1.00000
1.00000
1.00000
1.00000
1.00000
1.00000
0.98750
1.00000
1.00000
0.98734
1.00000
1.00000
1.00000
1.00000
1.00000
1.00000
1.00000
1.00000
1.00000
1.00000
1.00000
1.00000
1.00000
1.00000
1.00000
1.00000
1.00000
1.00000
1.00000
0.98734
1.00000
1.00000
1.00000
1.00000
1.00000
1.00000
1.00000
1.00000
1.00000
1.00000
1.00000
1.00000
1.00000
1.00000
1.00000
1.00000
1.00000
1.00000
1.00000
1.00000
1.00000
1.00000
1.00000
1.00000
1.00000
1.00000
1.00000
0.93671
2.86486
2.70886
1.08861
1.00000
1.00000
1.00000
1.00000
1.00000
1.00000
0.98734
1.00000
1.00000
1.00000
1.00000
1.01266
1.00000
1.00000
1.00000
6.64103
4.48750
1.00000
1.00000
1.00000
1.00000
0.98734
1.00000
0.94872
0.83784
0.90541
0.91892
0.98718
1.00000
1097.50633
519.79747
0.93243
0.97297
0.88000
0.97260
0.93243
0.92000
1.00000
1.00000
1.00000
1.00000
0.94805
0.56579
0.44737
3.23077
0.15789
0.10390
0.13924
0.81250
0.10127
0.79747
1.00000
1.00000
1.00000
1.00000
1.00000
1.00000
1.00000
1.01266
1.82500
0.54545
0.97468
3.91139
7.36709
3.75949
0.73418
0.69620
0.59494
0.58442
0.62338
1.00000
1.00000
1.00000
0.96203
0.00000
0.14103
0.02564
0.12987
0.15385
0.02597
0.29487
0.65385
0.49367
0.44872
0.39474
0.24324
0.61333
0.64474
0.34667
1.00000
1.00000
1.00000
0.98734
0.96250
0.46835
0.56410
0.74359
0.78205
0.71795
0.85897
1.00000
0.86076
0.88608
0.84810
0.89873
0.94937
0.90000
1.02532
1.00000
3.16456
0.06329
0.00000
0.03797
0.91139
0.02532
0.70130
4.11842
0.90541
0.86486
0.89333
0.90541
0.93243
0.89333
0.93333
1.00000
1.00000
1.00000
0.97436
0.91892
0.94595
0.88000
0.86486
0.78205
0.69620
0.60759
0.74684
0.50000
0.34177
3.02532
3.55844
1.92405
1.00000
1.00000
1.00000
1.00000
1.00000
8.15190
1.00000
1.00000
1.00000
1.00000
1.00000
0.98750
1.00000
1.03797
1.00000
1.00000
1.00000
1.00000
1.00000
1.00000
1.00000
1.00000
1.00000
1.00000
1.00000
1.00000
1.00000
1.00000
1.00000
1.00000
1.00000
1.00000
1.06329
1.01266
1.00000
1.00000
1.00000
1.00000
0.98734
0.26582
0.67500
0.02564
0.12000
0.05333
0.00000
0.00000
0.00000
0.03846
1.00000
0.47436
0.75000
0.72152
0.27632
0.00000
0.00000
0.00000
0.02564
0.11392
0.89873
0.58750
0.20253
0.00000
0.81013
1.00000
1.00000
1.00000
1.00000
1.00000
1.00000
1.00000
1.00000
1.00000
1.00000
1.00000
1.00000
1.00000
1.00000
1.00000
1.00000
1.00000
1.00000
1.00000
1.00000
1.00000
1.00000
1.00000
1.00000
1.00000
1.00000
1.00000
1.00000
1.00000
1.00000
1.02532
1.00000
1.00000
1.00000
1.00000
1.00000
1.00000
1.00000
1.00000
1.00000
1.00000
1.00000
1.00000
1.00000
1.00000
1.00000
1.00000
1.00000
1.00000
1.00000
1.00000
1.00000
1.00000
1.00000
1.00000
1.00000
1.00000
1.00000
1.00000
1.00000
1.00000
1.00000
1.00000
1.00000
0.98701
1.00000
1.00000
1.00000
1.02532
0.74359
3.07792
4.44000
392.80263
380.62821
1.07595
1.00000
1011.70886
1.00000
1.00000
1.00000
1.00000
1.00000
1.00000
1.00000
1.00000
1.00000
1.00000
1.01266
1.01266
1.00000
1.00000
1.00000
1.00000
1.00000
1.00000
1.00000
1.00000
1.02532
1.00000
1.01250
1.00000
1.00000
1.00000
1.00000
1.00000
1.03797
4.68750
1.85897
0.97297
0.94595
0.97500
0.92405
0.91139
0.89873
0.98750
1.00000
1.00000
0.97468
0.94937
0.90000
0.89873
1.00000
0.94667
3.57333
1.00000
1.00000
1.00000
1.05000
1.05063
1.05063
1.00000
1.00000
1.00000
1.00000
1.00000
1.00000
1.00000
1.00000
1.00000
1.00000
1.00000
1.00000
3.17105
1.31579
1.00000
0.97297
1.00000
0.98649
1.00000
1.00000
1.00000
1.00000
1.00000
0.98649
0.61842
3.20513
0.93333
0.89189
0.92000
0.95946
0.93243
1.00000
1.00000
1.00000
1.00000
0.98649
0.95946
0.94595
0.94595
0.93333
0.89189
0.97297
0.97333
0.98649
0.97297
0.98667
0.95946
1.03846
1.00000
1.00000
1.00000
0.98649
0.97297
0.98649
0.89333
0.87838
0.90667
0.94595
0.91892
1.00000
0.98667
0.98667
1.00000
0.22078
0.34177
0.11688
0.52564
0.07595
0.98734
1.00000
1.00000
1.00000
1.00000
1.00000
1.00000
0.11392
0.11842
10.62500
0.76623
0.47368
0.80769
0.18421
1.00000
775.01266
0.00000
0.12658
0.42308
1.00000
1.00000
1.00000
1.00000
1.00000
1.00000
1.00000
1.00000
1.00000
1.23750
1.21519
1.12658
1.15190
1.00000
1.00000
1.00000
1.00000
1.00000
1.00000
1.00000
1.00000
1.00000
1.00000
1.00000
1.00000
1.00000
1.00000
1.20253
1.10127
1.22500
1.07595
1.00000
1.00000
1.00000
1.00000
1.00000
1.00000
1.00000
1.00000
1.00000
1.00000
1.00000
1.00000
1.00000
1.15190
1.49367
8.10127
1.68750
1.00000
1.00000
1.00000
1.00000
1.00000
1.00000
1.00000
1.00000
1.00000
1.00000
1.00000
1.00000
1.00000
1.00000
1.00000
1.00000
1.00000
1.00000
1.00000
1.00000
1.00000
1.00000
1.00000
1.00000
1.00000
1.00000
1.00000
1.00000
1.00000
1.00000
1.00000
0.98750
1.00000
1.00000
1.00000
1.00000
0.98734
1.00000
1.00000
1.00000
1.00000
1.00000
1.00000
1.00000
1.00000
1.00000
1.00000
1.00000
1.00000
1.00000
1.00000
1.00000
1.00000
1.00000
1.00000
1.00000
1.00000
1.00000
1.00000
1.00000
1.00000
1.00000
1.00000
1.00000
1.00000
1.00000
1.00000
1.00000
1.00000
1.00000
1.00000
1.00000
1.00000
1.00000
1.00000
1.00000
1.00000
1.00000
1.00000
1.00000
1.00000
1.00000
1.00000
1.00000
1.00000
1.00000
1.00000
1.00000
1.00000
1.00000
1.00000
1.00000
1.00000
1.00000
1.00000
1.00000
1.00000
1.00000
1.00000
1.00000
1.00000
1.00000
0.28947
2.93421
617.91026
915.40506
1.00000
1.00000
1.00000
0.97333
1.00000
1.02597
1.00000
1.00000
0.97368
0.97333
0.97297
0.95946
0.94667
1.00000
0.98649
0.98667
0.97297
1.00000
0.98667
1.00000
1.00000
0.98667
1.00000
0.97260
0.98649
1.00000
1.00000
1.00000
1.00000
0.97368
0.97333
0.95946
0.97297
1.00000
0.94667
1.00000
0.97403
1.00000
1.00000
1.00000
0.97333
0.97260
0.97297
0.96000
1.00000
0.95946
0.98667
0.95946
1.00000
0.93333
0.95946
0.98649
0.93333
0.98649
0.97297
0.96000
0.97333
1.00000
1.00000
1.00000
1.00000
0.98649
0.97333
0.97297
0.94667
0.98649
0.97333
1.00000
1.00000
1.00000
1.00000
1.00000
0.95946
0.97333
0.97297
0.95946
0.96000
0.98649
0.97297
0.97333
0.98649
1.00000
0.98667
0.95946
1.00000
0.98649
0.97333
0.97297
1.00000
1.00000
1.00000
1.00000
1.00000
0.98649
0.97297
0.97333
0.98649
1.00000
0.97333
0.97297
1.00000
0.98667
1.00000
1.00000
1.00000
1.00000
0.97297
0.97333
0.95946
1.00000
0.97297
0.94595
0.98649
0.97260
1.00000
0.95946
0.97333
1.00000
0.97297
0.98667
1.00000
1.00000
1.00000
1.00000
1.00000
1.00000
0.97297
0.95946
1.00000
1.00000
0.97297
0.96000
0.97297
0.97297
0.96000
0.94595
0.94595
0.98701
1.00000
1.00000
1.00000
0.90789
0.95946
0.94595
0.96000
0.97297
0.95946
0.96000
0.94595
0.94595
0.94667
1.00000
1.00000
1.00000
4.94937
3.61538
1.02532
1.00000
1.00000
1.00000
1.00000
1.00000
1.00000
1.00000
1.00000
1.00000
1.00000
1.00000
1.00000
1.00000
1.00000
1.00000
1.00000
1.00000
1.00000
1.00000
1.00000
1.00000
1.00000
1.00000
1.00000
1.00000
1.00000
1.00000
1.00000
1.00000
0.98734
1.00000
1.00000
1.00000
1.00000
1.02532
1.00000
1.00000
1.00000
1.00000
1.00000
1.00000
1.00000
1.00000
1.00000
1.00000
1.00000
1.00000
1.00000
1.00000
1.00000
1.00000
1.00000
1.00000
1.00000
1.00000
1.00000
1.00000
1.00000
1.00000
1.00000
1.00000
1.00000
1.00000
1.00000
1.00000
1.00000
1.00000
1.00000
1.00000
1.00000
1.00000
1.00000
1.00000
1.00000
1.00000
1.00000
1.00000
1.00000
0.98734
1.00000
1.00000
1.00000
1.00000
1.00000
1.00000
1.00000
1.00000
1.00000
1.00000
1.00000
1.16250
1.74684
1.68354
1.49367
1.00000
1.00000
1.00000
1.00000
1.00000
1.00000
1.00000
1.00000
1.00000
1.00000
1.00000
0.48684
0.57143
3.49367
3.17949
1.00000
1.00000
1.00000
1.00000
1.00000
1.00000
1.00000
1.28750
1.20253
1.25316
1.17722
1.00000
1.00000
1.00000
1.00000
1.00000
1.00000
1.00000
1.00000
105.07692
1007.82432
0.79747
0.37179
0.06329
0.06329
0.00000
0.00000
0.00000
0.00000
0.02500
0.16456
0.26582
0.07595
0.66250
0.18987
0.50633
0.00000
0.48052
0.98750
1.00000
1.00000
0.03797
0.00000
0.30769
0.00000
0.00000
0.76923
1.00000
1.00000
1.00000
1.00000
1.00000
1.00000
1.00000
1.00000
1.00000
1.00000
1.00000
1.00000
1.00000
1.00000
1.00000
1.00000
1.00000
1.00000
1.00000
1.00000
1.00000
1.00000
1.00000
1.00000
1.00000
1.00000
1.00000
1.00000
1.00000
1.00000
1.00000
1.00000
1.00000
1.00000
1.00000
1.00000
1.00000
1.00000
1.00000
1.00000
1.00000
1.00000
1.00000
1.00000
1.00000
1.00000
1.00000
1.00000
0.98718
1.00000
1.00000
1.00000
1.00000
1.00000
1.00000
1.00000
1.00000
1.00000
1.00000
1.00000
1.00000
1.00000
1.00000
1.00000
1.00000
1.00000
1.00000
1.00000
1.00000
1.00000
1.00000
1.00000
1.00000
1.00000
1.00000
1.00000
1.00000
1.00000
1.00000
1.00000
1.00000
1.00000
1.00000
1.00000
1.00000
1.00000
1.00000
1.00000
0.98718
1.00000
1.00000
1.00000
1.00000
1.00000
1.00000
0.00000
0.00000
0.00000
0.00000
0.00000
0.00000
0.00000
0.00000
0.00000
0.00000
0.00000
0.00000
0.00000
0.00000
0.00000
0.00000
0.00000
0.00000
0.00000
0.00000
0.00000
0.00000
0.00000
0.00000
0.00000
0.00000
0.00000
0.00000
0.00000
0.00000
0.00000
0.00000
0.00000
0.00000
0.00000
0.00000
0.00000
0.00000
0.00000
0.00000
0.00000
0.00000
0.00000
0.00000
0.00000
0.00000
0.00000
0.00000
0.00000
0.00000
0.00000
0.00000
0.00000
0.00000
0.00000
0.00000
0.00000
0.00000
0.00000
0.00000
0.00000
0.00000
0.00000
0.00000
0.00000
0.00000
0.00000
0.00000
0.00000
0.00000
0.00000
0.00000
0.00000
0.00000
0.00000
0.00000
0.00000
0.00000
0.00000
0.00000
0.00000
0.00000
0.00000
0.00000
0.00000
0.00000
0.00000
0.00000
0.00000
0.00000
0.00000
0.00000
0.00000
0.00000
0.00000
0.00000
0.00000
0.00000
0.00000
0.00000
0.00000
0.00000
0.00000
0.00000
0.00000
0.00000
0.00000
0.00000
0.00000
0.00000
0.00000
0.00000
0.00000
0.00000
0.00000
0.00000
0.00000
0.00000
0.00000
0.00000
0.00000
0.00000
0.00000
0.00000
0.00000
0.00000
0.00000
0.00000
0.00000
0.00000
0.00000
0.00000
0.00000
0.00000
0.00000
0.00000
0.00000
0.00000
0.00000
0.00000
0.00000
0.00000
0.00000
0.00000
0.00000
0.00000
0.00000
0.00000
0.00000
0.00000
0.00000
0.00000
0.00000
0.00000
0.00000
0.00000
0.00000
0.00000
0.00000
0.00000
0.00000
0.00000
0.00000
0.00000
0.00000
0.00000
0.00000
0.00000
0.00000
0.00000
0.00000
0.00000
0.00000
0.00000
0.00000
0.00000
0.00000
0.00000
0.00000
0.00000
0.00000
0.00000
0.00000
0.00000
0.00000
0.00000
0.00000
0.00000
0.00000
0.00000
0.00000
0.00000
0.00000
0.00000
0.00000
0.00000
0.00000
0.00000
0.00000
0.00000
0.00000
0.00000
0.00000
0.00000
0.00000
0.00000
0.00000
0.00000
0.00000
0.00000
0.00000
0.00000
0.00000
0.00000
0.00000
0.00000
0.00000
0.00000
0.00000
0.00000
0.00000
0.00000
0.00000
0.00000
0.00000
0.00000
0.00000
0.00000
0.00000
0.00000
0.00000
0.00000
0.00000
0.00000
0.00000
0.00000
0.00000
0.00000
0.00000
0.00000
0.00000
0.00000
0.00000
0.00000
0.00000
0.00000
0.00000
0.00000
0.00000
0.00000
0.00000
0.00000
0.00000
0.00000
0.00000
0.00000
0.00000
0.00000
0.00000
0.00000
0.00000
0.00000
0.00000
0.00000
0.00000
0.00000
0.00000
0.00000
0.00000
0.00000
0.00000
0.00000
0.00000
0.00000
0.00000
0.00000
0.00000
0.00000
0.00000
0.00000
0.00000
0.00000
0.00000
0.00000
0.00000
0.00000
0.00000
0.00000
0.00000
0.00000
0.00000
0.00000
0.00000
0.00000
0.00000
0.00000
0.00000
0.00000
0.00000
0.00000
0.00000
0.00000
0.00000
0.00000
0.00000
0.00000
0.00000
0.00000
0.00000
0.00000
0.00000
0.00000
0.00000
0.00000
0.00000
0.00000
0.00000
0.00000
0.00000
0.00000
0.00000
0.00000
0.00000
0.00000
0.00000
0.00000
0.00000
0.00000
0.00000
0.00000
0.00000
0.00000
0.00000
0.00000
0.00000
0.00000
0.00000
0.00000
0.00000
0.00000
0.00000
0.00000
0.00000
0.00000
0.00000
0.00000
0.00000
0.00000
0.00000
0.00000
0.00000
0.00000
0.00000
0.00000
0.00000
0.00000
0.00000
0.00000
0.00000
0.00000
0.00000
0.00000
0.00000
0.00000
0.00000
0.00000
0.00000
0.00000
0.00000
0.00000
0.00000
0.00000
0.00000
0.00000
0.00000
0.00000
0.00000
0.00000
0.00000
0.00000
0.00000
0.00000
0.00000
0.00000
0.00000
0.00000
0.00000
0.00000
0.00000
0.00000
0.00000
0.00000
0.00000
0.00000
0.00000
0.00000
0.00000
0.00000
0.00000
0.00000
0.00000
0.00000
0.00000
0.00000
0.00000
0.00000
0.00000
0.00000
0.00000
0.00000
0.00000
0.00000
0.00000
0.00000
0.00000
0.00000
0.00000
0.00000
0.00000
0.00000
0.00000
0.00000
0.00000
0.00000
0.00000
0.00000
0.00000
0.00000
0.00000
0.00000
0.00000
0.00000
0.00000
0.00000
0.00000
0.00000
0.00000
0.00000
0.00000
0.00000
0.00000
0.00000
0.00000
0.00000
0.00000
0.00000
0.00000
0.00000
0.00000
0.00000
0.00000
0.00000
0.00000
0.00000
0.00000
0.00000
0.00000
0.00000
0.00000
0.00000
0.00000
0.00000
0.00000
0.00000
0.00000
0.00000
0.00000
0.00000
0.00000
0.00000
0.00000
0.00000
0.00000
0.00000
0.00000
0.00000
0.00000
0.00000
0.00000
0.00000
0.00000
0.00000
0.00000
0.00000
0.00000
0.00000
0.00000
0.00000
0.00000
0.00000
0.00000
0.00000
0.00000
0.00000
0.00000
0.00000
0.00000
0.00000
0.00000
0.00000
0.00000
0.00000
0.00000
0.00000
0.00000
0.00000
0.00000
0.00000
0.00000
0.00000
0.00000
0.00000
0.00000
0.00000
0.00000
0.00000
0.00000
0.00000
0.00000
0.00000
0.00000
0.00000
0.00000
0.00000
0.00000
0.00000
0.00000
0.00000
0.00000
0.00000
0.00000
0.00000
0.00000
0.00000
0.00000
0.00000
0.00000
0.00000
0.00000
0.00000
0.00000
0.00000
0.00000
0.00000
0.00000
0.00000
0.00000
0.00000
0.00000
0.00000
0.00000
0.00000
0.00000
0.00000
0.00000
0.00000
0.00000
0.00000
0.00000
0.00000
0.00000
0.00000
0.00000
0.00000
0.00000
0.00000
0.00000
0.00000
0.00000
0.00000
0.00000
0.00000
0.00000
0.00000
0.00000
0.00000
0.00000
0.00000
0.00000
0.00000
0.00000
0.00000
0.00000
0.00000
0.00000
0.00000
0.00000
0.00000
0.00000
0.00000
0.00000
0.00000
0.00000
0.00000
0.00000
0.00000
0.00000
0.00000
0.00000
0.00000
0.00000
0.00000
0.00000
0.00000
0.00000
0.00000
0.00000
0.00000
0.00000
0.00000
0.00000
0.00000
0.00000
0.00000
0.00000
0.00000
0.00000
0.00000
0.00000
0.00000
0.00000
0.00000
0.00000
0.00000
0.00000
0.00000
0.00000
0.00000
0.00000
0.00000
0.00000
0.00000
0.00000
0.00000
0.00000
0.00000
0.00000
0.00000
0.00000
0.00000
0.00000
0.00000
0.00000
0.00000
0.00000
0.00000
0.00000
0.00000
0.00000
0.00000
0.00000
0.00000
0.00000
0.00000
0.00000
0.00000
0.00000
0.00000
0.00000
0.00000
0.00000
0.00000
0.00000
0.00000
0.00000
0.00000
0.00000
0.00000
0.00000
0.00000
0.00000
0.00000
0.00000
0.00000
0.00000
0.00000
0.00000
0.00000
0.00000
0.00000
0.00000
0.00000
0.00000
0.00000
0.00000
0.00000
0.00000
0.00000
0.00000
0.00000
0.00000
0.00000
0.00000
0.00000
0.00000
0.00000
0.00000
0.00000
0.00000
0.00000
0.00000
0.00000
0.00000
0.00000
0.00000
0.00000
0.00000
0.00000
0.00000
0.00000
0.00000
0.00000
0.00000
0.00000
0.00000
0.00000
0.00000
0.00000
0.00000
0.00000
0.00000
0.00000
0.00000
0.00000
0.00000
0.00000
0.00000
0.00000
0.00000
0.00000
0.00000
0.00000
0.00000
0.00000
0.00000
0.00000
0.00000
0.00000
0.00000
0.00000
0.00000
0.00000
0.00000
0.00000
0.00000
0.00000
0.00000
0.00000
0.00000
0.00000
0.00000
0.00000
0.00000
0.00000
0.00000
0.00000
0.00000
0.00000
0.00000
0.00000
0.00000
0.00000
0.00000
0.00000
0.00000
0.00000
0.00000
0.00000
0.00000
0.00000
0.00000
0.00000
0.00000
0.00000
0.00000
0.00000
0.00000
0.00000
0.00000
0.00000
0.00000
0.00000
0.00000
1.00000
0.98734
1.00000
1.00000
1.00000
1.00000
1.00000
1.00000
1.00000
1.00000
1.00000
1.00000
1.00000
1.00000
1.00000
1.00000
1.00000
1.00000
1.00000
1.00000
1.00000
1.00000
1.00000
1.00000
1.00000
1.00000
1.00000
1.00000
1.00000
1.00000
1.00000
1.00000
1.00000
1.00000
1.00000
1.00000
1.00000
1.00000
1.00000
1.00000
1.00000
1.00000
1.00000
1.00000
1.00000
1.00000
1.00000
0.98734
1.00000
1.00000
1.00000
1.00000
1.00000
1.00000
1.00000
1.00000
1.00000
1.00000
1.00000
1.00000
1.00000
1.00000
1.00000
1.00000
1.00000
1.00000
1.02532
1.00000
1.03750
1.50633
1.60759
1.37975
1.00000
1.00000
1.00000
1.02532
1.00000
1.00000
1.00000
1.00000
1.00000
1.00000
1.00000
1.00000
1.00000
1.00000
1.00000
1.00000
1.00000
1.00000
1.00000
1.00000
1.00000
1.00000
1.00000
1.00000
1.00000
1.00000
1.00000
1.00000
1.00000
1.00000
1.00000
1.00000
1.00000
1.00000
1.00000
1.00000
1.00000
1.00000
1.00000
0.98734
1.00000
1.00000
1.00000
1.00000
3.64557
7.17722
1.01266
1.00000
1.01266
4.53165
4.49367
1.00000
1.00000
1.00000
1.00000
1.00000
1.00000
1.00000
1.00000
1.00000
1.00000
1.00000
1.00000
1.00000
1.00000
1.00000
1.00000
1.00000
1.00000
1.00000
1.00000
1.00000
1.00000
1.00000
1.00000
1.00000
1.00000
1.00000
1.00000
1.00000
1.00000
1.00000
1.00000
1.00000
1.00000
1.00000
1.00000
1.00000
1.00000
1.00000
1.00000
1.03797
1.00000
1.00000
1.00000
1.00000
1.00000
1.00000
0.98734
1.00000
1.00000
1.00000
1.00000
1.00000
1.00000
1.00000
0.98734
1.00000
1.00000
1.00000
1.00000
1.00000
1.00000
1.00000
1.00000
1.00000
1.00000
1.00000
1.00000
1.00000
1.00000
1.00000
1.00000
1.00000
1.00000
1.00000
1.00000
1.00000
1.00000
1.00000
1.00000
1.00000
1.00000
1.00000
1.00000
1.00000
1.00000
1.00000
1.00000
1.00000
1.00000
1.00000
1.00000
1.00000
1.00000
1.00000
1.00000
1.00000
1.00000
1.00000
1.00000
1.00000
1.00000
1.00000
1.00000
1.00000
1.00000
1.00000
1.00000
1.00000
1.00000
1.00000
1.00000
1.00000
1.00000
1.00000
1.00000
1.02500
1.00000
1.00000
1.00000
0.98734
1.00000
1.00000
1.00000
1.00000
1.00000
1.00000
1.00000
1.00000
1.00000
1.00000
1.00000
1.00000
0.98718
0.98667
1.00000
0.98734
1.00000
1.00000
1.00000
0.98734
0.84000
0.70270
0.65333
851.38158
951.79487
1.00000
1.00000
1.00000
0.98701
0.98649
0.97297
0.98701
0.96000
0.97297
0.97297
0.92000
0.95946
1.00000
1.00000
1.00000
0.98667
0.97333
0.94872
0.12658
0.00000
0.02532
0.65000
0.02532
0.61842
1.00000
1.00000
1.00000
0.93243
0.72727
0.01266
1.42308
0.25316
0.55844
0.42667
0.76000
1.00000
1.00000
1.00000
1.00000
1.00000
1.00000
1.00000
1.00000
0.98667
1.00000
1.00000
1.00000
0.97368
0.98649
1.00000
0.98718
1.00000
0.97333
0.93243
0.95946
1.00000
0.97297
0.95946
0.98684
1.00000
1.00000
1.00000
0.97297
0.97297
0.98649
0.97333
1.00000
0.95946
0.96000
0.98649
0.97297
0.98667
0.95946
0.97297
1.01266
1.00000
1.00000
1.00000
0.98649
0.97297
0.98667
0.98649
6.39744
0.96000
0.98649
1.00000
0.97333
1.00000
1.00000
1.00000
1.00000
1.00000
1.01266
1.00000
1.00000
1.00000
1.00000
1.00000
1.00000
1.00000
1.00000
1.00000
1.00000
1.00000
1.00000
1.00000
1.00000
1.00000
1.00000
1.00000
1.00000
1.00000
1.00000
1.00000
1.00000
1.00000
1.00000
1.00000
1.00000
1.01250
1.00000
1.00000
1.00000
1.00000
1.00000
1.00000
1.00000
1.00000
1.00000
1.00000
1.00000
1.00000
1.00000
1.00000
1.00000
1.00000
1.01266
1.00000
1.00000
1.00000
1.00000
1.00000
1.00000
1.00000
1.00000
1.00000
1.00000
1.00000
1.00000
1.00000
1.00000
1.00000
1.00000
1.00000
1.00000
6.87342
2.37975
5.68354
1.00000
1.00000
1.00000
1.00000
1.00000
1.00000
1.00000
1.00000
1.00000
1.00000
1.00000
1.00000
1.00000
1.00000
1.00000
1.00000
1.00000
1.00000
1.00000
1.00000
1.00000
1.00000
1.00000
1.00000
1.00000
1.00000
1.00000
1.00000
1.00000
1.00000
1.00000
1.00000
1.00000
1.02532
1.00000
1.00000
1.00000
1.00000
1.00000
1.00000
1.00000
1.00000
1.00000
1.00000
1.00000
1.00000
1.00000
1.00000
1.00000
1.00000
1.00000
1.00000
1.00000
1.00000
1.00000
1.00000
1.00000
1.00000
1.00000
1.00000
1.00000
1.00000
1.00000
1.02532
1.00000
1.00000
1.00000
1.00000
1.00000
1.00000
1.00000
1.00000
1.00000
1.00000
1.00000
1.00000
1.00000
1.00000
1.00000
1.00000
1.00000
1.00000
1.00000
1.00000
1.00000
1.00000
1.00000
1.00000
1.00000
1.00000
1.00000
1.00000
1.00000
1.00000
1.00000
1.00000
1.00000
1.00000
1.00000
1.00000
1.00000
1.00000
1.00000
1.00000
1.00000
1.00000
1.00000
1.00000
1.00000
1.00000
1216.46835
1.64103
2.00000
1.60000
1.32911
1.26582
1.50633
1.31646
1.41772
1.32911
1.25316
1.28750
1.27848
1.68354
1.76250
5.77922
1.00000
1.00000
1.00000
1.00000
4.63636
1.00000
1.00000
1.00000
1.00000
1.47500
1.59494
0.10127
3.28205
1.00000
1.00000
1.00000
1.00000
1.00000
1.00000
1.00000
0.47368
0.27027
0.13158
0.70000
0.22785
0.41772
1.00000
1.00000
1.00000
1.03797
7.05063
1.00000
1.00000
1.00000
1.00000
1.00000
0.55844
0.12987
0.03846
0.02564
0.03846
0.13924
0.10256
0.33766
0.69231
0.74359
0.79487
5.77215
1.32911
9.31646
1.48101
1.08861
1.00000
1.00000
1.00000
1.00000
1.00000
1.00000
1.00000
1.00000
1.00000
0.97297
1.00000
1.00000
1.00000
1.00000
1.00000
1.00000
0.98649
1.00000
0.98667
1.00000
0.97297
0.98667
1.00000
0.98649
1.00000
0.97297
1.00000
1.00000
1.00000
1.00000
1.00000
0.98649
1.00000
1.00000
0.97297
0.94667
0.97333
0.93333
1.00000
1.00000
0.93421
0.50649
3.00000
0.93333
0.98667
0.98667
1.00000
0.98649
1.00000
0.98667
0.98649
0.97297
1.02597
1.00000
1.00000
0.98734
1.00000
1.00000
0.98667
0.98649
0.98649
1.00000
0.70270
0.44000
0.73333
0.93243
1.00000
1.00000
1.00000
1.01266
1.10127
1.26582
1.01266
1.00000
1.00000
1.00000
1.00000
1.00000
1.00000
1.00000
1.00000
1.00000
1.07692
1.23684
0.98701
1.02532
1.06410
0.93506
0.24675
0.24051
0.15385
0.09211
0.15584
0.01333
0.01333
0.00000
0.00000
0.00000
1.03896
1.00000
1.00000
1.00000
0.35526
0.00000
0.00000
0.00000
0.62338
0.93590
0.96250
0.91139
0.00000
0.24051
0.50000
1.00000
1.08861
1.03797
1.01266
1.06329
1.05063
1.00000
1.00000
1.00000
1.00000
1.00000
1.00000
1.00000
1.00000
1.00000
1.00000
1.00000
1.05000
1.10127
1.10127
1.07500
1.01266
1.00000
1.00000
1.00000
1.00000
1.00000
1.00000
1.00000
1.00000
1.00000
1.00000
1.00000
1.00000
0.98734
1.00000
1.00000
1.00000
1.00000
1.00000
1.00000
0.98734
1.00000
1.00000
1.00000
1.00000
1.00000
1.00000
1.00000
1.00000
1.00000
1.00000
1.00000
1.00000
1.00000
1.00000
1.00000
0.98734
1.00000
1.00000
1.00000
1.00000
1.00000
1.00000
1.00000
1.00000
1.00000
1.00000
1.00000
1.00000
1.00000
1.00000
1.00000
1.00000
1.00000
1.00000
1.00000
1.00000
0.98734
1.00000
1.01266
1.00000
1.00000
1.00000
0.98734
0.82278
0.26667
0.91139
3.39241
1.00000
1.00000
1.00000
1.00000
1.00000
5.59494
3.31646
1.00000
1.00000
1.01266
1.00000
1.00000
1.00000
1.00000
1.00000
503.74684
1166.57895
1.00000
1.00000
2.82278
4.80769
0.94737
1.30380
1.26582
1.20253
1.12658
1.00000
1.00000
1.00000
0.97403
5.80769
1.00000
1.00000
1.00000
1.00000
0.94667
0.98649
1.00000
0.96000
0.97297
0.98734
1.00000
1.00000
1.00000
0.97297
1.00000
0.97333
0.98649
0.98649
1.00000
0.98649
0.97297
0.97333
0.95946
1.00000
1.00000
1.00000
0.98684
0.98667
0.93243
0.97297
0.96000
0.95946
0.98649
0.94667
0.94595
0.97297
0.97333
0.98649
0.94667
0.97297
1.01282
1.00000
1.00000
1.00000
0.95946
0.97297
0.97333
1.00000
0.98649
0.94667
0.98649
0.94595
1.00000
0.97297
1.00000
1.00000
1.00000
0.98667
0.97333
0.98649
0.97297
0.97333
0.97297
0.98649
0.98649
1.00000
0.98649
0.98649
0.97333
0.98649
0.98718
1.00000
1.00000
0.97436
0.97297
1.00000
1.00000
0.98667
1.00000
0.98667
1.00000
0.97297
0.98649
0.97333
1.00000
1.00000
1.00000
0.98649
1.00000
0.96000
0.96053
0.93243
0.98649
0.98649
1.00000
0.97333
1.00000
0.98649
1.00000
1.00000
1.00000
1.00000
0.97297
0.98649
0.98649
0.94595
0.98649
0.98649
0.98649
0.98649
0.98667
0.97297
0.95946
1.00000
0.98649
1.01266
1.02500
1.01266
1.01266
1.01266
3.70886
2.54430
2.34177
1.00000
1.00000
1.01250
1.00000
1.00000
1.01250
6.87013
10.93333
4.06494
1.00000
1.00000
7.80000
1.00000
1.00000
1.00000
1.00000
2.69231
1.45570
1.00000
1.00000
0.46250
0.40506
1.93590
0.35135
0.06667
0.03947
0.00000
0.00000
0.00000
0.00000
0.11392
0.45570
1.00000
1.10256
0.06579
0.00000
0.00000
0.09459
1.00000
1.02667
1.11250
0.39241
0.20513
0.02500
1.00000
1.00000
1.00000
1.00000
1.00000
1.00000
1.00000
1.00000
1.00000
1.00000
1.00000
1.00000
1.00000
1.00000
1.00000
1.00000
1.00000
1.00000
1.00000
1.00000
1.00000
1.00000
1.00000
1.00000
1.00000
1.00000
1.00000
1.00000
1.00000
1.00000
1.00000
1.00000
1.00000
1.00000
1.00000
1.00000
1.00000
1.00000
1.00000
1.00000
1.00000
1.00000
1.00000
0.98734
1.00000
0.98734
1.00000
1.00000
0.98734
1.00000
1.00000
1.00000
1.00000
1.00000
1.00000
1.00000
1.00000
1.00000
1.00000
1.00000
1.00000
1.00000
1.00000
1.00000
1.00000
1.00000
1.00000
1.00000
0.98750
1.00000
1.00000
1.00000
1.00000
1.00000
1.00000
1.00000
1.00000
1.00000
1.00000
1.00000
1.00000
1.00000
1.00000
1.00000
1.00000
1.00000
1.00000
1.00000
1225.68354
1.02500
1.00000
1.00000
1.00000
1.00000
1.00000
1.00000
1.00000
1.00000
7.96104
1.00000
1.00000
1.06329
1.08861
1.08861
1201.77632
41.51899
1.15190
1.28205
6.53750
1.00000
1.00000
1.00000
1.00000
0.98649
0.97297
0.94667
1.00000
0.98649
1.00000
0.95946
0.95946
1.00000
0.98667
0.98649
0.98649
0.97333
1.00000
1.00000
1.00000
1.00000
0.98701
0.97297
0.93506
0.92405
1.00000
1.00000
1.00000
1.34177
1.64557
1.05063
1.00000
0.97333
0.98667
1.00000
1.02632
1.00000
1.00000
1.00000
1.00000
1.00000
0.98649
0.98649
0.98667
0.98649
0.98649
0.96000
0.98649
0.97297
0.98667
0.98649
0.98649
0.97297
0.98667
1.00000
1.00000
1.00000
1.00000
1.00000
0.98667
0.98649
0.98667
1.00000
1.00000
0.98667
0.79730
0.79730
0.90667
0.82432
0.83784
0.82667
0.98649
0.95946
0.98667
1.00000
1.00000
1.00000
1.00000
1.00000
1.00000
1.00000
1.00000
0.97297
0.96000
1.00000
1.00000
1.00000
1.00000
0.98649
0.98667
1.00000
0.98649
0.98667
1.00000
1.00000
1.00000
1.00000
0.98718
1.00000
1.00000
1.00000
0.98667
1.00000
1.00000
1.00000
0.98649
1.00000
1.00000
1.00000
0.98649
1.00000
1.00000
1.00000
1.00000
1.00000
1.00000
1.00000
0.98667
1.00000
0.94595
0.98649
0.98649
0.95946
0.98649
0.98649
0.98649
0.98667
0.97297
0.98649
0.98649
0.97297
1.00000
1.00000
1.00000
1.00000
1.00000
0.98684
1.00000
0.98649
0.97333
1.00000
0.97297
0.98667
0.95946
0.97297
0.98667
0.95946
0.97297
0.98667
0.95946
0.95946
1.00000
1.00000
1.00000
1.00000
1.00000
1.00000
1.00000
1.00000
1.00000
1.00000
1.00000
1.00000
0.98734
1.00000
1.00000
1.00000
1.00000
1.00000
0.98734
1.00000
1.00000
1.00000
1.00000
1.00000
1.00000
1.00000
1.00000
1.00000
0.98750
1.00000
1.00000
1.00000
1.00000
1.00000
1.00000
1.00000
1.00000
1.00000
1.00000
1.00000
1.00000
1.00000
1.00000
1.00000
1.00000
1.00000
0.97500
1.00000
1.00000
1.00000
1.00000
1.00000
1.00000
1.00000
1.00000
1.00000
1.00000
1.00000
1.00000
1.00000
1.00000
1.00000
1.00000
1.00000
1.00000
1.00000
1.00000
1.00000
1.00000
1.00000
1.00000
1.00000
1.00000
1.00000
1.00000
1.00000
1.00000
1.00000
1.00000
1.00000
1.00000
1.00000
1.00000
1.00000
1.00000
1.00000
1.00000
1.00000
1.00000
1.00000
1.00000
1.00000
1.00000
1.00000
1.00000
1.00000
1.00000
1.00000
1.00000
1.00000
1.00000
0.98750
0.98734
1.00000
1.00000
1.00000
1.00000
1.00000
1.00000
1.00000
1.00000
1.00000
1.00000
0.98734
1.00000
1.00000
1.00000
1.00000
1.00000
1.00000
1.00000
1.00000
1.00000
4.42857
6.48052
1.13924
1.00000
1.00000
1.00000
1.00000
1.00000
1.00000
1.00000
1.06329
1.03750
1.02532
1.06329
1.00000
1.00000
1.00000
1.00000
268.31646
1355.20253
1.00000
0.98734
1.00000
0.98734
1.00000
0.96203
0.98750
1.00000
1.00000
1.00000
1.00000
0.98734
1.00000
0.98734
0.98734
0.98734
1.00000
1.00000
1.00000
1.00000
0.98734
0.98750
1.00000
1.00000
1.07595
1.11250
1.06329
1.02532
0.96203
1.00000
1.00000
1.00000
1.00000
1.00000
1.00000
1.00000
1.00000
0.98734
1.00000
0.98734
1.00000
0.97468
0.97500
0.98734
0.97468
0.98750
0.98734
1.00000
0.96203
1.00000
1.00000
1.00000
1.00000
1.00000
0.98734
0.98734
0.98734
0.98734
1.00000
0.97468
0.98750
1.00000
0.98734
0.98734
1.00000
1.00000
1.00000
0.98734
0.98734
1.00000
0.98750
1.00000
1.00000
0.98734
1.00000
0.97468
0.98734
1.00000
1.00000
1.00000
1.00000
1.00000
1.00000
1.00000
1.00000
0.97468
0.98734
0.97500
0.98734
0.98734
0.98734
0.98750
0.97468
1.00000
1.00000
1.00000
0.98734
0.98734
0.97468
1.00000
0.98734
0.92405
0.94937
0.97468
0.98734
1.00000
0.98734
0.94937
0.98734
1.00000
1.00000
1.00000
1.00000
0.98734
0.98734
0.97500
0.98734
0.96203
0.98734
0.98734
0.98734
1.00000
1.03797
1.00000
1.00000
1.00000
1.00000
0.97468
0.98734
0.96203
0.97468
0.98734
0.98734
0.98750
0.97468
1.00000
0.96203
0.98734
1.00000
1.00000
1.00000
1.00000
1.00000
1.00000
6.67949
3.43038
1.00000
1.00000
1.00000
1.00000
1.00000
1.02532
1.02532
1.03797
1.01266
1.00000
1.00000
1.00000
1.00000
1.00000
1.00000
1.00000
1.00000
1.00000
1.00000
1.00000
1.00000
1.00000
1.00000
1.00000
1.00000
1.00000
1.00000
1.00000
1.00000
1.00000
1.00000
1.00000
1.00000
1.00000
1.00000
1.00000
1.00000
1.00000
1.00000
1.00000
0.98734
1.00000
1.00000
1.00000
1.00000
1.00000
1.00000
1.00000
1.00000
1.00000
1.00000
1.00000
1.00000
1.00000
1.00000
1.00000
1.00000
1.00000
1.00000
1.00000
1.00000
1.00000
0.98734
1.00000
1.02532
1.00000
1.00000
1.00000
1.00000
1.00000
1.00000
1.00000
1.00000
1.00000
1.00000
1.00000
1.00000
1.00000
1.00000
1.02532
1.00000
1.00000
1.00000
1.00000
1.00000
1.00000
1.00000
1.00000
1.00000
1.00000
1.00000
1.00000
1.00000
1.00000
1.00000
1.00000
1.00000
1.00000
1.00000
1.00000
1.00000
1.00000
1.00000
1.00000
1.00000
1.00000
1.00000
1.00000
1.00000
1.00000
1.00000
1.00000
1.00000
1.00000
1.00000
1.00000
1.00000
1.00000
0.98734
1.00000
1.00000
1.00000
1.00000
1.00000
1.03750
0.84615
3.72727
6.75000
1.00000
1.00000
1.00000
1.00000
531.79747
544.27273
1.00000
1.00000
1.00000
1.00000
4.23077
0.98684
1.00000
1.00000
1.00000
0.98649
1.00000
0.98649
0.97297
1.00000
1.00000
1.00000
1.00000
1.00000
1.00000
0.98649
1.00000
1.00000
1.00000
1.00000
0.98649
0.97333
1.00000
1.00000
0.98649
0.98649
0.98667
0.98649
0.98649
0.98667
0.98667
1.00000
1.00000
1.00000
1.00000
1.00000
0.98667
0.98649
1.00000
1.00000
0.95946
1.00000
1.00000
0.98413
1.00000
1.00000
1.00000
1.00000
1.00000
0.98649
0.98649
0.98667
0.98649
1.00000
1.00000
0.98649
1.00000
1.00000
0.95946
1.00000
1.00000
1.00000
1.00000
0.95946
1.00000
0.98649
0.97333
1.00000
1.00000
0.96000
0.97297
0.98649
0.97297
1.00000
1.02597
1.00000
1.00000
1.00000
1.00000
0.98667
0.98649
1.00000
1.00000
0.98649
0.98649
0.97297
1.00000
0.98667
0.98649
1.00000
1.00000
1.00000
1.00000
0.97297
0.97333
1.00000
0.98649
0.97297
0.98649
1.00000
1.00000
0.97297
1.00000
1.00000
1.00000
1.00000
1.00000
1.00000
0.97297
1.00000
0.98649
1.00000
1.00000
1.00000
1.00000
0.98667
0.95946
1.01333
1.00000
1.00000
0.00000
0.00000
0.00000
0.00000
0.00000
0.00000
0.00000
0.00000
0.00000
0.00000
0.00000
0.00000
0.00000
0.00000
0.00000
0.00000
0.00000
0.00000
0.00000
0.00000
0.00000
0.00000
0.00000
0.00000
0.00000
0.00000
0.00000
0.00000
1.00000
1.00000
0.97297
0.98649
0.98667
0.98649
0.94595
0.96000
0.95946
0.98649
0.98667
0.97297
0.98649
1.00000
1.00000
1.00000
1.00000
1.00000
0.97297
1.00000
1.00000
1.00000
1.00000
1.00000
1.00000
1.00000
1.00000
1.02532
1.02532
5.00000
4.25974
1.00000
1.00000
1.00000
1.00000
1.00000
1.00000
1.00000
1.00000
1.00000
1.00000
1.00000
1.02532
1.00000
1.00000
1.00000
1.00000
1.00000
1.00000
1.00000
1.00000
1.00000
1.00000
1.00000
1.00000
1.00000
1.00000
1.00000
1.00000
1.00000
0.98734
1.00000
1.00000
1.00000
1.00000
1.00000
1.00000
1.00000
1.00000
1.00000
1.00000
1.00000
1.00000
1.00000
1.00000
1.00000
1.00000
1.00000
1.00000
1.00000
1.00000
1.00000
1.00000
1.00000
1.00000
1.00000
1.00000
1.00000
1.00000
1.00000
1.00000
1.00000
1.00000
1.00000
1.00000
1.00000
1.00000
1.00000
1.00000
1.00000
1.00000
1.00000
1.50633
1.55000
1.51899
1.00000
1.00000
1.00000
1.00000
1.00000
1.00000
1.00000
1.00000
1.00000
1.00000
1.00000
0.98750
1.00000
1.00000
1.00000
1.00000
1.00000
1.00000
1.00000
1.00000
1.00000
1.00000
0.98649
1.00000
2.50000
7.85526
1.00000
1.00000
1.00000
1.00000
1.00000
260.71250
1415.73418
390.20253
4.62025
1.00000
0.98649
1.01333
1.00000
1.00000
1.00000
1.00000
1.00000
0.98649
0.98667
0.98649
1.00000
0.98649
0.98649
1.00000
0.98667
0.98649
1.00000
1.00000
1.00000
1.00000
1.00000
1.00000
1.00000
1.00000
1.00000
0.94667
1.00000
0.97222
1.00000
0.98667
1.00000
0.97297
0.97333
0.97297
0.98667
1.00000
1.00000
1.00000
1.00000
0.98701
0.98649
1.00000
0.97297
1.00000
1.00000
0.98649
0.98649
1.00000
0.97297
1.00000
0.98667
1.00000
1.00000
1.00000
1.00000
1.00000
1.00000
1.00000
1.00000
1.00000
0.98649
1.00000
1.00000
0.98649
1.00000
1.00000
0.98667
1.00000
0.97297
1.00000
1.00000
1.00000
1.00000
1.00000
1.00000
0.98667
1.00000
0.98649
0.97333
1.00000
1.00000
0.98667
0.98649
0.97297
1.00000
0.98649
0.98649
1.00000
1.00000
1.00000
1.00000
1.00000
1.00000
0.96000
1.00000
1.00000
1.00000
1.00000
1.00000
0.97333
0.97297
1.00000
0.98667
0.98649
1.00000
0.97333
1.00000
1.00000
1.00000
1.00000
1.00000
1.00000
1.00000
1.00000
1.00000
0.98649
1.00000
1.00000
1.00000
1.00000
0.97333
1.00000
0.97333
0.97297
1.00000
1.00000
1.00000
1.00000
1.01266
1.00000
1.00000
1.05063
1.13924
1.01266
1.06329
1.00000
1.00000
1.00000
1.00000
1.00000
1.00000
1.00000
1.02532
1.21250
1.22785
1.11392
1.16456
1.06329
1.00000
1.00000
1.00000
1.00000
1.00000
1.00000
1.00000
1.00000
1.00000
1.00000
1.00000
1.00000
1.00000
1.21519
1.13924
1.10000
1.21519
1.05063
1.00000
1.00000
1.00000
14.09459
4.34667
4.90789
0.14667
0.89873
0.12658
0.72152
1.00000
0.30667
0.24051
0.11688
0.03846
0.01282
0.30263
0.01266
0.31169
0.25000
0.38158
0.32000
1.00000
1.00000
1.00000
1.00000
1.00000
1.00000
1.00000
1.01250
1.01266
1.00000
1.00000
1.00000
1.00000
1.00000
1.00000
1.00000
1.00000
1.00000
1.00000
1.00000
1.00000
1.00000
1.00000
1.00000
1.00000
1.00000
1.00000
1.00000
1.00000
1.00000
1.00000
1.00000
1.00000
1.00000
1.00000
1.00000
1.00000
1.00000
1.00000
1.00000
1.00000
1.00000
1.00000
1.00000
1.00000
1.00000
1.00000
1.00000
1.00000
1.00000
1.00000
1.00000
1.00000
1.00000
1.00000
1.00000
1.00000
0.98734
1.00000
1.00000
1.00000
1.00000
1.00000
1.00000
1.00000
1.00000
1.00000
1.00000
1.00000
1.00000
1.00000
1.00000
1.00000
1.00000
1.00000
0.98734
1.00000
1.00000
1.00000
1.00000
1.00000
1.00000
1.00000
1.00000
1.00000
1.00000
1.00000
1.00000
1.00000
1.00000
1.00000
1.00000
0.98701
1.00000
2.31169
1.75641
2.43038
1.00000
1.00000
1.00000
1.00000
1.00000
1.00000
1.00000
3.52564
1.23750
3.19231
1.73418
1.50633
1.31646
3.48718
5.18421
1.12821
0.83333
0.42105
0.33766
0.34667
0.30263
0.33766
0.40789
0.30667
0.34211
0.37333
0.41558
0.31579
0.34211
0.87342
1.00000
1.00000
1.00000
82.65000
1091.43038
1.00000
1.00000
1.00000
1.00000
1.07895
1.00000
1.00000
1.00000
0.98718
0.96000
1.00000
0.98649
1.00000
1.00000
0.97297
1.00000
1.00000
0.98649
0.98649
0.98649
1.00000
1.15190
3.83117
1.30000
1.21519
1.29114
1.25316
1.27848
1.07595
1.00000
1.00000
1.00000
1.00000
1.00000
1.00000
1.00000
1.00000
1.00000
1.00000
1.00000
0.98667
0.98649
1.00000
0.98667
1.00000
0.97260
1.00000
1.00000
1.00000
1.00000
1.00000
1.00000
1.00000
1.00000
1.00000
1.00000
0.97333
1.00000
1.00000
0.98667
0.98649
0.98649
1.00000
0.98649
1.02564
1.02532
1.00000
1.01266
1.00000
1.00000
1.00000
1.00000
1.00000
1.00000
1.00000
1.00000
1.00000
1.00000
1.00000
1.00000
1.00000
1.00000
1.00000
1.00000
1.00000
1.00000
1.00000
1.00000
1.03797
1.01266
1.00000
1.00000
1.00000
1.00000
1.00000
0.98734
0.98750
2.79487
7.69620
1.64557
1.02532
1.81013
1.83544
1.81013
8.13158
1.00000
1.00000
1.01266
1.00000
1.00000
1.01266
1.00000
3.81333
4.87013
0.36000
0.63514
0.65333
0.02667
2.23684
0.00000
0.00000
0.77215
0.83750
0.21250
0.74684
0.33333
0.00000
0.22078
0.51899
1.00000
0.94937
0.79747
0.00000
0.00000
0.00000
0.47368
1.00000
1.05263
1.06329
0.03797
0.21519
0.37500
1.00000
1.00000
1.00000
1.00000
1.00000
1.00000
1.00000
1.00000
1.07595
1.15190
1.13750
1.05063
1.03797
1.00000
1.00000
1.00000
1.00000
2.94937
8.53165
2.21519
1.00000
1.00000
1.00000
1.00000
1.00000
1.00000
1.00000
1.00000
1.00000
1.00000
1.00000
1.00000
1.00000
1.00000
1.00000
1.00000
1.00000
1.00000
1.00000
0.98734
1.00000
1.00000
1.00000
1.00000
1.00000
1.00000
1.03797
1.00000
1.00000
1.00000
1.00000
1.00000
1.00000
1.00000
1.00000
1.00000
1.00000
1.00000
1.00000
1.00000
1.00000
1.00000
1.00000
1.00000
1.00000
1.00000
1.00000
1.00000
1.00000
1.00000
1.00000
1.00000
1.00000
1.00000
1.00000
1.00000
1.00000
1.00000
1.00000
1.00000
1.00000
1.01266
1.00000
1.00000
1.00000
1.00000
1.00000
1.00000
1.00000
1.00000
1.00000
1.00000
1.00000
1.00000
1.00000
1.00000
1.00000
1.00000
1.00000
1.00000
0.79747
0.10127
3.26923
2.98718
3.92105
1.00000
1.00000
1.00000
1.00000
1.00000
1.00000
1.00000
1.00000
1.00000
1.00000
1.00000
1.00000
1.00000
1.00000
1.00000
1.00000
1.00000
1.00000
1.00000
1.34177
1.73684
1.00000
588.43590
751.57692
6.31646
1.33333
1.10256
0.66234
4.50633
1.29487
1.00000
1.37975
1.25316
1.08750
1.00000
1.00000
1.00000
1.00000
1.00000
1.00000
1.00000
1.00000
1.00000
1.00000
1.00000
1.00000
1.00000
1.00000
1.00000
1.00000
1.00000
1.00000
1.03797
1.00000
1.00000
1.00000
1.00000
1.00000
1.00000
1.00000
1.00000
1.00000
1.00000
1.00000
1.00000
1.00000
3.84416
1.48101
1.00000
3.27848
1.00000
1.00000
1.00000
1.00000
1.00000
1.00000
1.62025
2.93671
1.00000
1.00000
1.00000
1.00000
1.00000
1.00000
3.20253
0.98734
1.00000
1.00000
1.00000
1.00000
1.00000
1.00000
1.00000
1.03797
1.00000
1.00000
1.00000
1.00000
1.00000
1.00000
1.00000
1.00000
1.00000
1.00000
1.00000
1.00000
1.00000
1.00000
1.00000
1.00000
1.00000
1.00000
1.00000
1.00000
1.00000
1.00000
1.00000
1.00000
1.00000
1.00000
1.00000
1.00000
1.00000
1.00000
1.00000
1.00000
1.00000
1.02532
1.00000
1.01250
1.00000
1.00000
1.00000
1.00000
1.00000
1.00000
3.32911
9.60759
1.86076
1.94937
1.00000
1.00000
1.00000
1.05195
0.98734
7.11392
1.00000
1.00000
0.94872
5.48101
1.00000
1.00000
1.00000
1.00000
1.00000
1.28947
1.02532
1.01266
1.03797
1.13924
1.13750
1.07595
1.00000
1.00000
1.00000
1.00000
1.00000
1.00000
1.00000
1.00000
1.00000
1.00000
1.00000
1.00000
1.00000
1.00000
1.01266
1.00000
3.51899
1.00000
1.00000
1.00000
1.00000
0.40260
0.10526
0.06667
0.00000
0.00000
0.00000
0.05333
0.31646
0.78481
1.00000
1.00000
1.02564
0.58974
0.09333
0.05333
0.83544
0.78481
0.87500
0.96203
0.32895
0.00000
0.00000
0.00000
0.00000
0.34177
1.00000
0.16250
0.20253
0.25316
1.00000
1.00000
1.00000
1.00000
1.00000
1.00000
1.00000
1.00000
1.00000
0.98734
1.00000
1.00000
1.00000
1.00000
1.00000
1.00000
1.00000
1.00000
1.00000
1.00000
0.98734
1.00000
1.00000
1.00000
1.00000
1.00000
1.00000
0.98750
1.00000
1.00000
1.00000
1.00000
1.00000
0.98750
1.00000
1.00000
1.00000
1.00000
1.00000
1.00000
1.00000
1.00000
1.00000
1.00000
1.00000
1.00000
1.00000
1.00000
0.98734
1.00000
1.00000
1.00000
1.00000
1.00000
1.00000
1.00000
1.00000
1.00000
1.00000
1.00000
0.98750
1.00000
1.00000
1.00000
1.00000
1.00000
1.00000
1.00000
1.00000
1.00000
1.00000
1.00000
1.00000
1.00000
0.92308
0.00000
7.25333
4.70270
2.00000
1.78947
1.35443
1.26582
1.20253
1.11250
1.12658
1.00000
822.01299
562.30769
1.00000
1.94937
1.96250
4.71429
1.22500
1.00000
1.00000
1.05063
1.03797
1.03797
1.02532
1.01250
1.02532
1.01266
1.00000
3.62025
1.00000
1.00000
1.00000
1.00000
1.00000
1.00000
1.00000
1.00000
0.66667
0.67949
1.92405
4.03846
1.18750
1.29114
1.10256
1.79747
1.41772
1.31646
4.75949
2.30380
1.45570
1.00000
1.00000
1.00000
1.62025
1.00000
1.00000
1.00000
1.00000
1.00000
1.00000
1.00000
1.00000
1.00000
1.01250
1.00000
1.00000
1.00000
1.00000
1.00000
3.84615
1.00000
1.00000
1.00000
1.00000
1.00000
1.00000
1.00000
1.00000
1.00000
1.00000
1.00000
1.00000
1.00000
1.00000
1.00000
1.00000
1.00000
1.00000
1.00000
1.00000
1.00000
1.00000
1.00000
1.00000
1.00000
1.00000
1.00000
1.00000
1.00000
1.00000
1.00000
1.00000
1.00000
1.00000
1.01266
1.03797
1.00000
1.02500
1.02532
1.00000
1.00000
1.00000
1.00000
1.00000
1.00000
1.00000
1.00000
1.00000
1.00000
1.00000
1.00000
1.00000
0.86076
0.63750
0.83544
0.42308
0.12987
0.04000
0.00000
0.00000
0.00000
0.00000
0.13158
0.11392
0.20253
0.11392
0.88608
0.04054
0.00000
0.00000
0.00000
0.84000
0.98649
0.96104
0.60256
0.18987
0.01250
1.12658
8.26923
1.69620
1.05063
1.10256
1.25316
12.67105
9.46753
7.24051
1.00000
1.63291
7.36709
3.13924
1.00000
3.25316
1.00000
1.00000
1.00000
1.00000
1.00000
1.00000
1.00000
1.00000
1.00000
1.00000
1.01282
1.00000
1.01250
1.00000
1.00000
1.00000
1.00000
1.00000
1.00000
1.00000
1.17722
1.08861
1.07595
1.00000
1.00000
1.00000
3.63636
1.87342
1.00000
1.00000
1.00000
1.00000
1.00000
1.00000
1.00000
1.00000
1.00000
0.98734
1.00000
1.00000
1.00000
1.00000
1.00000
1.00000
1.00000
1.00000
1.00000
1.00000
1.00000
1.00000
1.00000
1.00000
1.00000
1.00000
1.00000
1.00000
1.00000
1.00000
1.00000
1.00000
1.00000
1.00000
1.00000
1.00000
1.00000
1.00000
1.00000
1.00000
1.00000
1.00000
1.00000
1.00000
1.00000
1.00000
1.00000
1.00000
1.00000
1.00000
1.00000
1.00000
1.00000
1.00000
1.00000
1.00000
1.00000
1.00000
1.00000
1.00000
1.00000
1.00000
1.00000
1.03797
1.00000
1.00000
1.00000
1.00000
1.00000
1.00000
1.00000
1.00000
1.00000
1.00000
1.00000
1.00000
1.00000
1.00000
1.00000
1.00000
1.00000
1.00000
1.00000
1.00000
1.00000
1.00000
1.00000
1.00000
1.00000
1.00000
1.00000
1.00000
1.00000
1.00000
1.00000
1.00000
1.00000
1.00000
1.01266
0.46053
7.56000
6.07792
1.29114
1.18987
1.18987
865.69333
638.28947
3.37975
1.00000
1.00000
1.00000
1.00000
1.00000
1.00000
1.00000
1.00000
1.16456
1.17722
1.06329
1.00000
1.00000
1.00000
1.00000
1.00000
1.00000
1.00000
1.03797
1.15000
1.12658
1.00000
1.00000
1.00000
1.00000
1.00000
1.00000
1.00000
1.00000
1.16456
1.10127
1.03797
1.00000
1.00000
1.00000
1.00000
1.00000
1.00000
1.00000
1.05063
1.22785
1.18750
1.00000
1.00000
1.70886
2.79747
1.00000
1.00000
1.00000
1.15000
1.15190
1.02532
1.00000
1.00000
1.00000
1.00000
1.00000
1.00000
1.00000
1.01250
1.17722
1.13924
1.00000
1.00000
1.00000
1.00000
1.00000
1.00000
1.00000
1.00000
1.20253
1.20000
1.12658
1.00000
1.00000
1.00000
1.13924
1.61250
1.56962
1.86076
1.63291
1.93671
1.49367
458.81013
3.76923
1.00000
1.00000
1.00000
1.00000
1.00000
1.00000
1.12500
1.15190
1.07595
1.00000
1.00000
1.00000
1.00000
1.00000
1.00000
1.00000
1.00000
1.12658
1.11392
1.05063
1.00000
1.00000
1.00000
1.00000
1.00000
1.00000
1.00000
1.00000
1.06250
1.06329
1.01266
1.00000
1.00000
1.00000
1.00000
1.00000
1.00000
1.00000
1.00000
1.02532
1.01266
2.28205
1.00000
1.00000
1.00000
1.00000
1.00000
1.00000
1.00000
2.39744
2.15190
1.00000
1.00000
2.44304
1.00000
1.00000
1.00000
1.00000
1.01266
1.00000
1.00000
1.00000
1.01282
1.01266
1.01266
1.00000
1.00000
1.01266
1.00000
1.00000
1.00000
1.01266
0.97500
1.00000
1.05063
1.02532
1.01266
1.00000
1.00000
1.00000
6.33766
5.76923
1.00000
1.00000
1.00000
1.00000
1.05063
1.97468
1.98750
1.98734
1.25316
1.00000
1.00000
1.03797
1.08750
1.03797
1.02532
1.00000
1.00000
1.00000
1.00000
1.00000
1.00000
1.00000
1.00000
1.00000
1.00000
1.00000
1.00000
1.00000
1.00000
1.00000
1.01250
1.00000
1.00000
1.00000
1.00000
1.00000
1.00000
1.00000
1.00000
1.02500
1.02532
1.07595
1.01266
1.00000
1.00000
1.00000
1.00000
1.00000
1.00000
1.00000
1.08861
1.05063
1.06329
1.00000
1.00000
1.00000
1.00000
1.00000
1.00000
1.00000
1.00000
0.98734
0.67089
0.98734
0.94937
0.12987
0.10526
0.00000
0.03750
0.18987
0.11392
0.67089
0.22667
0.00000
0.00000
0.33333
0.93671
0.98734
0.78481
0.00000
0.00000
0.31646
0.00000
0.01266
1.00000
1.00000
1.00000
1.00000
1.00000
1.00000
1.00000
1.00000
1.00000
1.00000
1.00000
1.00000
1.00000
1.00000
1.00000
1.00000
1.00000
1.00000
1.00000
1.00000
1.00000
1.00000
1.27273
7.89610
4.38961
1.00000
1.00000
1.00000
1.05333
1.06667
1.05263
1.00000
146.05063
1606.62162
1.00000
1.00000
1.00000
1.00000
1.00000
1.00000
4.15190
1.00000
1.00000
1.00000
0.98649
0.98649
1.00000
1.00000
1.00000
1.00000
1.00000
1.00000
0.98649
1.00000
1.00000
1.00000
1.00000
0.98667
1.00000
1.00000
1.00000
1.00000
0.98649
1.00000
1.00000
0.98718
1.00000
1.00000
0.98649
1.00000
1.00000
1.00000
1.00000
0.98649
1.00000
1.00000
1.00000
1.00000
1.00000
0.98649
0.98667
0.98649
1.00000
1.00000
0.98667
1.00000
1.00000
1.00000
1.00000
5.64557
1.00000
1.00000
1.00000
1.00000
1.00000
0.98649
1.00000
1.00000
1.00000
0.98701
1.00000
1.00000
0.97333
1.00000
1.00000
1.00000
0.98667
1.00000
1.00000
1.00000
0.98649
1.00000
1.01282
1.00000
1.00000
0.97333
0.98649
1.00000
1.00000
0.98649
1.00000
1.00000
1.00000
1.00000
1.00000
1.00000
1.00000
1.00000
0.95946
0.98649
0.97297
1.00000
1.00000
1.00000
1.00000
1.02597
1.00000
1.00000
1.00000
1.00000
1.00000
0.97297
1.00000
1.00000
0.98649
1.00000
0.98649
1.00000
1.00000
1.00000
1.00000
1.00000
0.98649
1.00000
1.00000
0.98667
1.00000
1.00000
1.00000
1.01266
1.03797
1.00000
1.00000
1.00000
1.00000
0.98701
0.98649
0.98649
0.98667
0.97297
1.00000
1.00000
1.00000
1.00000
1.00000
0.98649
0.98667
0.97297
0.98649
1.00000
1.00000
1.01266
1.03797
1.03750
1.00000
1.00000
1.00000
1.00000
5.37179
5.46154
1.00000
1.05063
1.06329
1.02500
1.00000
1.00000
1.00000
1.00000
1.00000
1.00000
1.00000
1.00000
1.00000
1.00000
1.02532
1.03797
1.01266
1.00000
1.00000
1.00000
1.00000
1.00000
1.00000
1.00000
8.00000
1.11392
1.01266
1.01266
1.00000
1.00000
1.00000
1.00000
1.00000
1.00000
1.00000
1.05000
1.01266
1.00000
1.00000
1.00000
1.00000
1.00000
1.00000
1.00000
1.01250
1.00000
1.00000
1.00000
1.00000
1.00000
1.00000
1.00000
1.00000
1.00000
1.02532
1.00000
1.00000
1.00000
1.00000
1.00000
1.00000
1.00000
1.00000
1.00000
1.02500
1.00000
1.01266
1.00000
1.00000
1.00000
1.00000
1.00000
1.00000
1.00000
1.00000
1.00000
1.00000
1.00000
1.00000
1.00000
1.00000
1.00000
1.00000
1.00000
1.00000
1.02532
1.02500
1.00000
1.00000
1.00000
1.00000
1.00000
1.00000
1.00000
1.00000
1.00000
1.00000
1.01266
1.00000
1.00000
1.00000
1.00000
1.00000
1.00000
1.00000
1.00000
1.00000
1.00000
1.02532
1.01266
1.02532
1.00000
1.00000
1.00000
1.00000
1.00000
1.00000
1.00000
1.01250
1.00000
1.00000
1.00000
1.00000
1.00000
1.00000
1.00000
1.00000
1.00000
1.02532
0.07792
1.39744
2.65823
1.00000
1.00000
1.00000
1.00000
1.00000
1.00000
1.00000
1.00000
1.00000
1.00000
1.00000
1.00000
3.38462
3.76923
1.53846
1.00000
3.33750
1.00000
1.00000
1.00000
1.00000
2.67500
2.82278
1.00000
1.00000
1.00000
1.00000
1.00000
1.00000
1.00000
1.00000
1.00000
1.00000
1.00000
1.00000
1.02500
1.00000
1.00000
1.00000
1.00000
1.00000
1.00000
1.00000
1.00000
1.00000
1.00000
1.10000
1.08861
550.76623
0.97368
0.98649
0.94667
0.98649
1.00000
0.97333
0.95946
1.00000
0.98718
1.00000
1.00000
0.98667
1.00000
0.98649
0.98667
1.00000
0.97297
0.98667
0.98649
1.00000
1.00000
1.00000
0.98649
0.94667
0.98649
0.97297
0.98649
1.00000
0.98718
1.00000
1.00000
1.00000
0.96203
0.96250
0.97468
0.97468
0.98734
0.98750
0.87342
0.74684
0.86076
1.00000
1.00000
0.87342
0.81013
0.75000
0.79747
0.72152
0.78481
1.00000
1.01266
1.24051
1.73750
1.70886
1.50633
1.00000
1.00000
1.00000
1.00000
1.00000
1.00000
1.00000
1.00000
1.00000
1.00000
1.00000
1.00000
1.00000
1.00000
1.00000
1.00000
1.00000
1.00000
1.00000
1.00000
1.00000
1.00000
1.00000
1.00000
1.00000
1.00000
1.00000
8.20253
1.00000
1.00000
1.00000
1.00000
1.00000
3.27848
1.00000
1.00000
1.00000
1.00000
1.00000
1.00000
1.00000
1.00000
1.00000
1.00000
1.00000
1.00000
1.00000
1.00000
1.00000
0.98734
1.00000
1.00000
1.00000
1.00000
1.00000
1.00000
1.00000
1.00000
1.00000
1.00000
1.00000
1.00000
1.00000
1.00000
0.98701
1.05000
1.00000
1.00000
1.00000
1.00000
1.00000
1.00000
1.00000
1.00000
1.00000
1.00000
1.01266
1.06329
1.05063
1.06329
1.00000
1.00000
1.00000
1.00000
1.00000
1.00000
1.00000
1.00000
1.00000
1.07595
1.06329
1.06329
1.00000
1.00000
1.00000
1.00000
1.00000
1.00000
1.00000
1.00000
1.07595
1.10000
1.12658
1.02532
1.00000
1.00000
1.00000
1.00000
1.00000
1.00000
1.00000
1.00000
1.02500
1.00000
1.00000
1.00000
1.00000
1.00000
1.00000
1.00000
1.00000
1.00000
1.00000
1.00000
1.00000
1.00000
1.00000
1.00000
1.00000
1.00000
1.00000
1.00000
1.00000
1.00000
1.00000
0.98734
1.00000
1.00000
1.00000
1.00000
1.00000
1.00000
1.00000
1.00000
1.00000
1.00000
1.00000
1.00000
1.00000
1.00000
1.00000
1.00000
1.00000
1.00000
1.00000
1.00000
1.00000
1.00000
1.00000
1.00000
1.00000
1.00000
1.00000
1.00000
1.00000
1.00000
1.00000
1.00000
1.00000
1.00000
1.00000
1.00000
1.00000
1.00000
1.00000
1.00000
1.00000
1.00000
1.00000
0.98684
0.89189
0.49351
4.97403
0.92405
1.00000
1.00000
1.00000
1.00000
1.00000
1.00000
1.00000
1.00000
1.00000
1.01266
1.00000
1413.93421
172.34615
1.00000
1.00000
1.00000
1.00000
1.00000
1.00000
1.00000
1.00000
1.00000
1.00000
1.03750
1.00000
1.00000
1.00000
1.00000
1.00000
1.00000
1.00000
1.00000
1.00000
1.00000
1.37500
1.97468
1.94937
1.17722
1.26250
1.11392
1.05063
1.07595
1.08861
1.08861
1.06329
0.89744
0.83544
0.92308
0.93671
0.58667
0.89474
0.97333
1.21053
3.94805
5.55128
6.46753
1.94937
2.00000
2.00000
1.79747
1.81013
1.76250
1.82278
1.77215
1.55696
1.05063
1.05063
1.03797
1.02500
1.07595
1.92405
1.91139
1.91139
1.08750
1.02532
1.03846
1.07500
1.08861
1.05063
1.05063
1.07595
1.27848
1.97468
1.92500
1.40506
1.11392
1.03797
1.07595
1.07595
1.11392
1.07595
1.12500
1.07595
1.07595
1.05063
1.12658
1.06329
1.18750
1.08861
1.00000
1.00000
1.00000
1.00000
1.00000
1.00000
1.00000
1.00000
1.02532
1.01250
1.01266
1.00000
1.00000
1.00000
1.00000
1.00000
1.00000
1.00000
1.00000
1.00000
1.00000
1.00000
1.07500
1.00000
1.01266
1.00000
1.00000
1.00000
1.00000
1.00000
1.01266
1.00000
1.00000
1.00000
1.00000
1.00000
1.01266
1.00000
1.01250
1.01266
1.00000
1.00000
1.00000
1.00000
1.00000
1.00000
1.00000
1.00000
1.00000
1.00000
1.01266
1.00000
5.75641
1.00000
0.87179
0.20253
0.10811
0.04054
0.17722
0.25000
0.35443
0.58228
0.48052
0.00000
8.02632
1.05195
1.00000
1.00000
1.00000
1.00000
1.00000
1.00000
1.00000
1.00000
1.00000
1.00000
1.01266
1.02500
1.00000
1.00000
1.00000
1.00000
1.00000
1.00000
1.00000
1.00000
1.00000
1.00000
1.00000
1.00000
1.01266
1.05063
1.05063
1.05063
1.02532
1.00000
1.00000
1.00000
1.00000
1.00000
1.00000
3.62025
1.94937
1.10127
1.03750
1.08861
1.01266
1.00000
1.00000
1.00000
1.00000
1.00000
1.00000
1.00000
1.00000
1.00000
1.00000
1.02500
1.00000
1.00000
1.00000
1.00000
1.00000
0.98734
1.00000
1.00000
0.98734
1.00000
1.00000
1.00000
1.00000
0.98734
1.00000
1.00000
1.00000
1.00000
1.00000
1.00000
1.00000
1.00000
1.00000
0.98734
1.00000
1.00000
1.00000
1.00000
1.00000
1.00000
1.00000
1.00000
1.00000
1.00000
1.00000
1.00000
1.00000
1.00000
1.00000
1.00000
1.00000
1.00000
1.00000
1.36709
1.51899
1.50633
1.13750
1.00000
1.00000
1.00000
1.00000
1.00000
1.00000
1.00000
1.00000
1.00000
0.98734
0.98734
1.00000
1.00000
1.00000
1.00000
1.76316
0.98718
1.00000
1.00000
0.73077
0.02532
3.35065
1.00000
4.94937
3.86076
1.00000
1.00000
1.00000
1.00000
1.00000
1.00000
1.00000
1.00000
1.05063
1.00000
1.00000
3.30769
1.00000
1.00000
1.00000
3.29114
1.00000
1.00000
1.00000
1.00000
1.00000
1.00000
1.00000
1.00000
1.00000
1.00000
1.00000
1.00000
1.00000
1.00000
1.00000
1.00000
1.00000
1.00000
1.00000
1.00000
1.00000
1.00000
1.00000
1.00000
1.00000
1.00000
5.74684
1.00000
8.13924
1.35000
0.84810
0.98734
1.00000
1.00000
1.03797
1.00000
1.00000
1.00000
0.94937
0.93671
0.92405
3.22785
1.48750
0.84810
1.00000
1.00000
0.73418
0.47500
0.46835
0.43038
1.20253
0.51899
0.62025
0.72152
0.58750
0.53846
0.36709
0.80769
1.00000
1.00000
1.00000
0.93671
0.89873
0.92405
0.94937
0.89873
0.88608
0.93333
0.97297
0.98667
0.97260
1.02597
1.00000
1.00000
1.00000
0.96000
0.94521
2.03947
1.26316
0.97333
0.98649
0.98667
0.98701
1.00000
1.00000
1.00000
1.00000
0.98667
0.97297
0.97297
0.95946
0.98667
0.98649
0.97297
0.98667
0.98701
1.00000
1.00000
0.98734
0.96000
0.96000
0.97297
0.95946
0.98649
0.97333
1.00000
1.00000
1.00000
1.00000
1.00000
1.00000
1.00000
0.98734
0.96203
0.92405
0.59494
0.86250
0.89873
0.91139
0.96203
0.97500
0.97468
1.00000
1.00000
1.00000
0.74684
0.75949
766.89873
1.00000
1.00000
1.00000
6.88462
2.20000
1.00000
1.00000
1.00000
1.00000
1.00000
1.00000
1.00000
1.00000
1.00000
1.03797
1.00000
1.00000
1.00000
1.00000
1.00000
1.00000
1.00000
1.00000
1.00000
1.02532
1.02532
1.00000
1.00000
1.00000
1.00000
1.00000
1.00000
1.02532
1.05063
1.02532
1.00000
1.00000
1.00000
1.00000
1.00000
1.00000
1.03797
1.02532
1.03750
1.00000
1.00000
1.00000
1.00000
1.00000
1.01266
1.10127
1.07595
1.01266
1.00000
1.00000
1.00000
1.00000
1.00000
1.00000
1.02532
1.00000
1.00000
1.00000
1.00000
1.00000
1.00000
1.00000
1.00000
1.00000
1.00000
1.00000
1.00000
0.98734
1.00000
1.00000
1.02532
1.00000
1.00000
1.00000
1.00000
1.00000
1.00000
1.00000
1.00000
1.03750
1.00000
1.00000
1.00000
1.00000
1.00000
1.00000
1.00000
1.00000
1.00000
1.00000
0.98734
1.00000
1.00000
0.98734
1.00000
1.00000
1.00000
1.00000
1.00000
1.00000
1.00000
1.00000
1.00000
1.00000
1.00000
1.00000
1.00000
1.00000
1.00000
1.00000
1.00000
1.00000
1.00000
1.00000
1.00000
1.00000
1.00000
0.98734
1.00000
1.00000
1.00000
0.87342
0.72368
0.17333
2.65789
0.65789
0.40789
0.28947
1.00000
1.00000
1.00000
1.00000
1.00000
1.00000
1.00000
1.00000
1.00000
0.97468
0.18987
0.55696
0.32911
0.05333
0.09211
0.00000
0.00000
0.00000
0.00000
0.00000
0.19481
0.05063
0.00000
0.03797
0.15584
0.81013
0.18987
0.26923
0.22785
0.25316
0.64557
1.00000
0.06329
0.20253
0.33333
1.00000
1.00000
1.00000
1.00000
0.98718
1.00000
1.00000
1.00000
1.00000
1.00000
1.00000
1.02532
1.00000
1.00000
3.61538
8.89873
2.40260
1.30380
1.00000
1.00000
1.00000
1.00000
1.00000
1.00000
1.00000
1.00000
0.97468
0.77215
0.26923
0.53165
0.16667
0.97468
0.62821
0.06667
2.65789
0.43421
0.58442
3.17568
1.00000
0.83544
0.73418
0.73418
0.72500
0.72152
0.63291
0.70886
0.67089
0.74684
0.92500
1.00000
1.00000
1.00000
1.00000
1.00000
0.83750
0.86076
0.81013
0.03846
4.83544
0.01282
0.05128
0.12658
0.20513
0.10256
0.25316
0.49367
0.48101
1.00000
1.00000
1.00000
1.00000
1.00000
1.00000
1.00000
1.00000
0.96923
1.50633
0.17722
0.11392
0.24051
0.00000
0.01282
0.00000
0.33766
0.01299
0.65823
1.00000
1.00000
1.00000
1.00000
1.00000
1.00000
1.00000
1.00000
1.00000
1.00000
0.57143
0.08000
0.18667
0.12000
0.24000
0.20000
0.17105
0.50000
1.00000
1.53750
3.82667
3.09091
4.54545
3.48684
2.96203
1.24051
1.03797
1.00000
5.43590
3.49351
0.98734
0.98734
0.61039
0.39189
0.94595
0.19737
0.10127
0.05063
0.00000
0.00000
0.00000
0.00000
0.46053
0.61842
0.44737
0.80769
0.30667
0.00000
0.00000
0.00000
0.55844
0.88608
1.01299
0.96203
0.28378
0.46053
0.77922
1.00000
1.00000
1.00000
1.00000
1.00000
1.00000
1.13924
1.26250
1.20253
1.22785
1.17722
1.22785
1.31250
1.26582
1.15190
1.13924
1.24051
1.18750
1.26923
1.24051
1.24359
1.18987
1.25000
1.24194
1.36735
1.34177
1.24051
1.22785
1.31646
1.01250
1.00000
1.00000
1.00000
1.00000
0.98734
1.00000
1.00000
1.00000
1.00000
1.00000
1.00000
1.00000
1.00000
0.98734
1.00000
1.00000
1.00000
1.00000
1.00000
1.00000
1.00000
1.00000
1.00000
1.00000
1.00000
1.00000
1.00000
1.00000
1.00000
1.00000
1.00000
0.98734
1.00000
1.00000
1.00000
1.00000
1.00000
1.00000
1.00000
1.00000
1.00000
1.00000
1.00000
1.00000
1.00000
1.00000
1.00000
1.00000
1.00000
1.00000
1.00000
1.00000
1.00000
1.02532
1.00000
1.00000
1.00000
1.00000
1.00000
1.00000
0.98734
1.00000
1.00000
1.00000
1.00000
1.00000
1.00000
1.00000
1.00000
1.00000
1.00000
1.00000
0.98734
1.00000
1.00000
1.00000
1.00000
1.00000
1.00000
1.00000
1.00000
2.51948
5.25974
3.90909
1.00000
1.00000
1.00000
1.00000
267.94937
1331.81333
164.43038
1.00000
1.00000
1.00000
1.00000
3.37975
4.64557
1.45570
1.00000
1.00000
1.05000
1.02532
1.00000
1.00000
1.00000
1.00000
1.00000
1.24051
1.83544
1.78481
1.84375
0.00000
0.00000
0.00000
0.00000
0.00000
0.00000
0.00000
0.00000
0.00000
0.00000
0.00000
0.00000
0.00000
1.00000
1.00000
1.00000
1.00000
1.00000
1.00000
1.00000
1.00000
1.00000
1.00000
1.00000
1.00000
1.00000
1.00000
1.00000
1.00000
1.00000
1.00000
1.00000
1.00000
1.00000
1.00000
1.00000
1.00000
1.02532
1.00000
1.00000
1.00000
1.00000
1.00000
1.00000
0.94595
0.97297
0.92000
0.91892
0.95946
3.33333
1.00000
1.00000
1.00000
1.00000
1.00000
1.00000
1.00000
1.00000
1.00000
1.00000
1.00000
1.00000
1.00000
1.00000
1.00000
1.00000
1.00000
1.00000
1.00000
1.00000
1.00000
1.00000
1.00000
1.00000
1.00000
1.00000
1.00000
1.00000
1.00000
1.00000
1.00000
1.00000
1.00000
1.00000
1.00000
1.00000
1.00000
1.00000
1.00000
1.00000
1.00000
1.00000
1.00000
1.00000
1.00000
1.00000
1.00000
1.00000
1.00000
1.00000
1.00000
1.00000
1.00000
1.01266
1.00000
1.00000
1.00000
3.31646
3.34615
4.44737
1.38961
4.38462
7.06329
1.29114
3.02532
1.02500
1.08861
1.81579
1.02532
1.00000
6.31169
2.96104
1.00000
1.00000
1.00000
1.00000
1.00000
1.00000
1.00000
1.00000
1.00000
0.98734
1.00000
1.00000
1.30380
5.29487
1.00000
1.00000
1.00000
1.01266
1.00000
1.01250
1.00000
1.00000
1.00000
1.00000
1.00000
1.00000
1.00000
3.18987
5.67532
1.00000
1.00000
1.00000
1.00000
1.00000
1.00000
0.33750
0.36709
0.46835
0.05263
0.09211
0.00000
0.00000
0.00000
0.00000
0.00000
0.89873
0.97468
0.59494
0.53750
0.32895
0.00000
0.00000
0.00000
0.00000
0.00000
0.37975
1.00000
0.10127
0.20000
0.31646
1.00000
1.00000
1.00000
1.00000
1.00000
1.00000
1.00000
1.00000
1.00000
1.00000
1.00000
1.00000
1.00000
1.00000
1.00000
1.00000
1.00000
1.00000
1.00000
1.00000
1.00000
1.00000
1.00000
1.00000
1.00000
0.98750
1.00000
1.00000
1.00000
1.00000
1.00000
1.00000
1.00000
1.00000
1.00000
1.00000
1.00000
1.00000
1.00000
1.00000
1.00000
1.00000
0.98750
1.00000
1.00000
1.00000
1.00000
1.00000
1.00000
1.00000
1.00000
1.00000
1.00000
1.00000
1.00000
1.00000
1.02500
1.00000
1.00000
1.00000
1.00000
1.00000
1.00000
1.00000
1.00000
1.00000
1.00000
1.00000
1.00000
1.00000
0.98734
1.00000
1.00000
1.00000
1.00000
0.91139
2.64935
4.04054
4.61333
1.88000
1.90541
1.12658
1.02532
5.64103
1.00000
1.00000
608.98734
748.94937
1.00000
0.05333
0.16216
0.75325
0.79487
0.06579
488.65823
4.94937
2.39241
5.24359
0.98649
0.97297
1.00000
1.00000
0.98649
0.98667
1.00000
0.98734
1.00000
1.00000
1.00000
1.00000
0.95946
0.95946
0.97333
0.97297
0.98667
0.97260
0.97297
0.98649
0.98667
0.98649
1.00000
1.00000
1.00000
1.00000
0.97297
0.98649
0.95946
1.00000
0.95946
0.95946
0.96000
1.00000
0.95946
0.97333
0.91892
1.00000
1.00000
1.00000
1.00000
0.97297
1.00000
0.98649
0.97297
0.95946
0.98649
0.94595
0.97333
0.95946
0.98649
0.95946
0.94737
1.00000
1.00000
1.00000
1.00000
0.94595
0.95946
0.93243
0.97333
0.97297
0.95946
0.96000
0.97297
0.94595
0.96000
0.95946
0.98701
1.00000
0.00000
0.00000
0.00000
0.00000
0.00000
0.00000
0.00000
0.00000
0.00000
0.00000
0.00000
0.00000
0.00000
0.00000
0.00000
0.00000
