5.97436
6.00000
6.00000
5.93506
5.98718
6.01266
6.00000
6.00000
6.00000
6.00000
6.01266
188.10127
196.17722
350.45570
424.91250
422.64557
70.15190
6.92405
6.92500
74.97468
210.13924
202.03797
197.69620
194.27848
191.30380
192.00000
186.30380
6.20000
10.37975
6.79747
6.27848
6.16456
6.24051
6.24051
6.32911
6.27848
17.58750
200.44304
193.44304
188.35443
47.01333
6.36486
6.36000
6.12329
6.10811
6.09333
6.18919
6.12162
73.14474
195.45570
189.65823
87.03846
6.17568
6.22973
6.32432
6.27451
6.29825
6.36486
6.37838
6.33784
65.61842
195.86076
189.77215
89.46154
6.58108
6.48649
10.65789
7.62821
78.84810
196.45570
189.44304
191.53165
64.29870
6.39189
6.59459
6.63514
6.62162
6.56757
6.44595
7.93590
7.91139
6.43038
188.79487
191.83544
187.74684
76.26582
6.35443
6.41250
6.32911
8.92405
6.41772
6.27848
6.24051
6.16456
6.22368
6.17722
6.36709
6.31646
6.30380
178.92405
194.82500
189.20253
185.31646
22.01266
6.32500
6.30380
6.25316
7.32911
6.29114
6.30380
144.38462
192.05128
190.03846
137.84810
8.32911
5.00000
5.93671
5.37500
5.75641
6.94937
6.37975
6.08861
6.06250
6.08861
6.35443
6.05063
6.51899
7.03750
6.03797
56.68354
199.35065
193.35065
188.34615
182.46154
5.97333
5.98649
5.98649
5.97297
5.94595
5.94667
6.00000
6.02532
8.11688
6.07500
169.48718
192.84615
187.52632
128.28947
7.14474
6.17722
6.15190
9.29114
6.03750
6.05063
6.17722
6.16456
6.18750
6.17949
6.10000
6.11392
6.11392
6.21519
120.31250
196.91139
191.56962
187.17722
190.82667
72.00000
6.55696
6.51899
6.24051
6.25316
6.26582
6.32911
6.45570
6.51899
6.59494
6.61250
6.62025
6.62025
6.74684
62.16456
198.05000
192.02532
186.98734
42.51899
6.59494
6.69620
6.70886
6.63750
6.67089
6.56962
6.59494
6.81013
61.79747
195.76250
189.60759
128.97468
6.65823
6.62025
6.69620
6.53165
6.65823
6.46835
6.61250
6.67089
6.65823
6.67089
6.62025
139.40506
193.87500
188.08861
78.98734
6.54430
6.53846
6.77215
6.66250
6.82278
6.64557
6.62025
6.67089
64.73418
195.15190
188.72152
92.32911
6.66250
6.59494
6.73418
6.78481
6.62025
6.64557
6.61250
6.53165
6.62025
6.73418
28.58228
200.15190
190.87342
172.15190
6.70000
6.62025
6.45570
6.58228
6.36709
6.68354
6.73418
6.55000
6.54430
154.20253
192.81013
187.18987
19.85000
6.34177
6.45570
6.53165
6.27848
6.25316
6.23750
6.26582
6.27848
6.15190
139.18987
193.58228
191.33333
147.62338
6.30380
6.21519
7.94937
6.20253
6.21250
6.10127
6.11392
6.36709
6.22785
6.24051
6.40000
6.45570
166.53165
193.70886
188.21519
78.97468
6.35000
6.30380
6.18987
6.43038
6.40506
6.41250
6.46835
6.46835
99.86076
197.89873
193.90909
152.45570
6.37975
6.40000
6.29114
6.24051
6.35443
6.25000
6.27848
6.24051
6.20253
6.26582
6.20000
51.08861
196.92405
190.26582
184.70886
6.58750
6.16456
6.37975
6.35443
6.36709
6.27848
6.31250
6.30380
6.51899
6.54430
6.39241
137.85000
193.58228
187.44304
62.55714
6.29114
6.32911
6.40000
6.34177
6.34177
6.48750
6.44304
6.44304
6.27848
181.63291
190.68750
162.77215
6.24051
6.20253
6.25316
6.24051
6.20000
6.25316
6.19231
6.31250
6.36709
6.35443
6.83544
171.12658
193.81013
188.13750
78.70886
6.37975
6.41772
6.27500
6.27848
6.41772
6.40506
6.43038
6.37500
201.24051
190.74684
145.10127
6.44304
6.51250
6.55696
6.36709
8.01266
6.51899
6.48101
6.48750
6.43038
141.79747
193.15190
187.41772
44.36250
6.51899
6.32911
6.21519
6.31646
6.26582
6.20253
6.32500
6.32911
6.30380
6.22785
86.22785
195.74026
189.31646
126.29114
6.21519
6.21519
7.65823
6.13924
6.13750
6.13924
6.17722
6.30380
6.24051
95.06329
194.30000
188.27848
136.31250
0.00000
0.00000
0.00000
0.00000
0.00000
0.00000
0.00000
0.00000
0.00000
0.00000
0.00000
0.00000
0.00000
0.00000
0.00000
0.00000
0.00000
0.00000
6.03030
6.02532
6.02532
6.03797
8.03797
96.24051
196.15190
189.68354
135.18987
6.82051
6.26923
6.08861
6.12658
6.17722
6.15190
6.22785
6.22500
6.15190
6.07595
156.30380
192.98734
187.25316
57.41250
6.08861
6.06329
6.05063
6.15190
6.15190
6.18750
6.24359
6.17500
6.12658
136.15190
192.58228
186.56962
35.48101
6.13750
6.16456
6.17722
6.18987
6.31646
6.29114
6.40506
6.36709
6.30380
77.05063
195.33750
188.34177
96.84810
6.39241
6.48101
6.47500
6.72152
6.68354
6.78481
6.62025
6.65823
6.69620
36.84810
196.81013
189.06329
115.81250
6.45570
6.44304
6.51899
6.49367
6.53165
6.50794
6.39241
6.39241
6.46835
6.55696
6.44304
175.02500
197.83824
426.46835
426.25316
425.98734
28.21519
7.00000
7.00000
141.74684
204.78750
198.30380
194.24051
190.70000
187.18987
184.29114
46.64557
6.63291
6.47500
6.44304
6.58228
6.58228
6.42500
6.56962
6.54430
6.62025
6.60759
6.58750
106.24051
195.72152
189.31646
184.53165
8.67089
6.51250
6.39241
6.42308
6.36250
6.35443
6.44304
17.54430
197.13924
188.40506
112.27848
6.42500
6.55696
6.59494
6.51899
7.98734
6.06579
6.12821
6.20253
127.64103
192.86076
186.37975
39.70886
6.10127
6.08861
6.07595
6.02500
7.13924
6.42857
6.06250
6.10127
6.08861
76.27848
195.25316
188.59494
106.97500
6.25316
6.29114
6.63750
6.21519
6.12658
6.16250
6.20253
6.11392
20.37975
197.96053
189.26923
145.59494
6.40789
6.34667
6.24324
6.20270
6.38667
6.28378
6.36486
6.36486
6.26667
6.31081
6.32432
51.96000
197.77500
190.21519
164.37975
6.12162
6.14865
6.24324
6.25676
6.26667
6.39189
6.24000
6.31081
6.28378
85.28947
193.37975
186.62500
64.63158
6.18919
6.20270
6.21333
6.12162
6.20270
6.09333
6.09459
6.20270
6.09333
6.16216
73.65789
194.41250
187.74684
98.58442
6.10667
6.16216
6.12162
6.16000
6.14865
6.21622
6.22667
6.14865
6.18919
6.17333
138.85714
191.68750
185.27848
25.10667
6.29730
6.17333
6.18919
6.29730
6.30667
6.33784
6.31081
6.20000
6.28378
6.33784
83.97368
194.07595
187.27500
86.90909
6.22973
6.22973
6.28378
6.13514
6.14865
6.17568
6.22973
6.21622
6.22973
6.18919
180.88608
189.86076
153.29114
6.31081
6.32432
6.28000
6.31081
6.28378
6.31081
6.35135
6.29730
6.17333
6.24324
6.35135
112.80519
193.06329
186.84810
65.00000
8.02500
6.56410
6.28750
6.44304
6.17722
7.35443
9.03797
37.25000
198.03797
189.65823
121.86076
6.15190
6.16250
6.10127
6.11392
6.08750
6.15190
6.12658
7.89873
6.16456
6.10000
96.51899
194.98734
188.01266
90.17722
7.53247
6.08861
6.06250
6.03797
6.06329
6.08861
6.03797
6.00000
6.01250
6.00000
82.45570
195.75949
189.15190
123.78481
6.01250
6.03797
6.06329
6.06329
6.05000
6.01266
6.01266
6.06329
6.08750
52.96203
198.34177
190.08861
149.22785
6.08861
6.12658
6.16456
6.13750
6.30380
6.13924
6.07595
6.11392
6.08750
6.07595
56.18987
196.20253
189.52500
128.50633
6.08861
6.10127
6.16456
6.08861
6.27848
6.24051
6.33750
6.29114
6.30380
6.22785
86.96203
195.56250
188.96203
117.27848
6.48101
6.58228
6.49367
6.48750
6.30380
6.50000
6.47500
6.41772
6.43038
6.21250
6.26582
90.68354
194.70886
188.62500
116.01282
6.38750
6.37975
6.44304
6.44304
6.40506
6.45570
6.50000
6.45570
6.44304
23.20253
197.68354
189.39241
133.57500
6.53165
6.50633
6.49367
6.58228
6.65000
6.59494
6.41772
6.48101
6.58228
6.55696
6.40000
141.56962
192.01266
186.13924
39.98734
6.45570
6.44304
6.59494
6.51250
6.48101
6.55696
6.50633
6.59494
6.55000
6.48101
90.77215
194.91139
188.13750
105.45570
6.29114
6.44304
6.51899
6.51250
6.53165
6.41772
6.21519
6.24051
6.39241
6.34177
77.46250
194.12658
187.60759
83.02532
6.69620
6.75000
6.63291
6.59494
6.51899
6.55696
6.43902
6.33333
6.24051
6.44304
191.22667
190.59494
153.77215
6.17722
6.12658
6.11392
6.15190
6.11250
6.10127
6.56962
7.27632
6.13333
147.35443
193.25316
187.03750
31.12658
6.03797
6.21519
6.40506
6.36709
7.57500
6.44304
6.42667
6.38667
6.44595
6.35135
151.37179
193.40506
187.29114
53.25000
6.41892
6.56757
6.55405
6.48000
6.47297
6.50000
6.41333
6.48649
6.48000
171.98701
193.12500
186.91139
30.07895
6.41892
6.36486
6.28000
6.21622
6.29730
6.33333
6.36486
6.40541
6.42667
6.29730
113.61842
195.30380
188.60759
104.83333
6.38667
6.18919
6.28378
6.28000
6.43243
6.44595
6.48000
6.52703
6.54054
6.47297
100.88312
194.22785
188.08861
89.87013
6.48649
6.39189
6.37333
6.43243
6.44595
6.65333
6.50000
6.42466
6.45333
6.54054
168.96104
192.91139
187.01250
45.00000
6.63158
6.35135
6.22973
6.34667
6.36486
6.35135
6.24000
6.24324
6.54054
6.52000
178.06410
191.60000
185.96203
18.28000
6.50000
6.64000
6.58108
6.56757
6.53333
6.43243
6.55405
6.40000
6.27027
124.90909
192.91139
186.92500
50.07692
6.42105
6.21622
6.44595
6.42667
6.93243
6.11842
6.14667
6.21622
6.32432
172.91026
191.17500
185.60759
15.67568
6.21622
6.36000
6.27027
6.27027
6.17568
6.20270
6.37333
6.32000
6.40541
6.31818
0.00000
0.00000
0.00000
0.00000
0.00000
0.00000
0.00000
0.00000
0.00000
0.00000
0.00000
0.00000
0.00000
0.00000
0.00000
0.00000
0.00000
0.00000
0.00000
0.00000
0.00000
0.00000
15.75000
6.01266
6.00000
6.00000
58.49367
196.68000
189.89873
133.65000
6.00000
6.01266
6.02532
6.00000
6.00000
6.01266
6.01266
6.01266
6.01250
6.02532
6.00000
6.00000
6.02532
6.02532
93.17500
195.68354
189.21519
149.10000
6.01266
6.07595
6.05063
6.03797
6.05063
6.03797
6.11392
6.08750
125.12658
417.10127
417.03797
230.07595
6.98734
7.00000
6.98734
192.03797
204.35443
198.90000
195.15190
191.81013
188.31646
185.65823
82.69620
6.21519
6.27500
6.41772
6.36709
6.42500
6.34177
6.39241
6.34177
6.36709
99.32500
194.83544
189.03797
146.17722
6.46835
6.58228
6.39241
6.31646
6.43750
6.43038
6.32911
86.97468
192.44304
186.35443
40.05063
6.32500
6.32911
6.25316
6.37975
6.32911
6.39241
6.45570
6.36250
6.37975
171.46835
190.05063
151.10127
6.51899
6.45000
6.36709
6.44304
6.43038
6.46835
6.39241
6.40506
6.22500
6.18987
6.50633
141.26582
191.46835
185.46250
10.83544
6.36709
6.32911
6.30000
6.26582
6.16456
6.26582
6.20253
6.30000
25.55696
196.25316
187.50633
78.05063
6.12500
6.16456
6.34177
6.34177
6.30380
6.22785
6.20000
6.17949
6.16250
6.15190
6.18987
6.12658
144.12658
191.93671
185.72500
12.75949
6.05063
6.07595
6.02532
6.07595
6.05000
6.01282
6.02632
53.32000
194.27848
187.12658
34.95000
6.03797
5.94937
6.00000
6.05000
6.05128
6.02500
6.01266
6.01266
6.05000
6.03797
186.11538
194.63750
187.02532
41.97468
6.00000
6.00000
6.01266
6.02532
6.16456
6.40000
6.32911
6.36709
11.96203
199.32911
189.62500
110.70886
6.59494
6.58228
6.56962
6.55696
6.54430
6.32911
6.21519
6.07792
7.63291
6.43038
15.45946
200.32500
190.00000
143.98718
6.32432
6.34667
6.37838
6.37838
6.44000
6.44595
6.37838
6.46667
6.50000
6.58108
6.52000
6.51351
41.09333
197.29114
189.73418
149.41772
6.70270
6.87838
6.91892
6.74667
6.74324
6.81081
6.82667
6.90541
6.82432
167.39744
190.60759
160.43038
6.86667
6.79730
6.82432
6.82667
6.81081
6.86486
6.82667
6.86486
6.86486
6.85333
6.87838
6.91892
6.91892
191.69620
191.13924
185.74684
14.04000
6.95946
6.91892
6.92000
6.94595
6.93243
6.94667
6.95946
6.89189
122.59740
192.73418
186.52500
13.96000
6.89189
6.87838
6.90667
6.40260
6.94595
6.93333
6.87838
6.91892
6.82667
6.90541
6.94595
10.13333
201.34177
190.94937
181.37975
6.97333
6.91892
6.95946
6.94667
6.95946
6.90541
6.92000
6.94595
6.97297
6.92000
169.97436
191.84810
177.06329
7.00000
7.00000
6.93243
6.90541
6.94595
6.96000
6.94595
6.97297
6.98667
6.94595
6.93243
111.59740
194.97468
188.75949
98.62821
6.89189
6.90541
6.96000
6.91892
6.95946
6.86667
6.89189
6.87838
6.81333
6.72973
6.56757
6.85333
180.78205
192.21519
186.93671
52.85714
6.58108
6.62162
6.69737
6.89873
6.53165
6.43750
6.51899
6.51899
150.03797
191.44304
183.85000
6.50633
6.53165
6.65823
6.57500
6.56962
6.64557
7.06329
8.18987
6.78481
6.46835
6.36250
119.49367
193.53165
187.21519
74.17722
6.61250
6.51899
6.50633
6.62025
6.64000
6.73684
6.68750
6.81013
6.75949
6.59494
6.56962
6.60759
33.18750
200.93671
191.07595
186.08861
29.25316
6.75000
6.77215
6.78481
6.75949
6.79747
6.77215
6.83544
6.92405
63.48750
194.62025
187.72152
89.62025
6.87342
6.88750
6.92405
6.84615
6.90000
6.91139
6.84810
6.86076
6.94937
6.91250
6.89873
6.88608
127.48101
193.15190
187.15000
79.64103
6.97500
6.96203
6.93671
6.95000
6.93671
6.92405
6.97468
6.92500
6.92405
49.26582
195.54430
188.78481
105.83544
6.97468
6.93671
6.94937
6.94937
6.96203
6.92500
6.92405
6.92405
6.94937
6.97468
6.96203
6.96203
184.35443
190.43038
183.52500
6.98734
7.00000
6.94937
6.96203
6.93671
6.96203
6.97468
7.00000
6.87342
6.92500
129.07595
191.60759
185.27848
17.22785
6.92405
6.91250
6.78481
6.67089
6.64557
6.68354
6.69620
6.73418
6.72500
6.69620
6.68421
6.67568
152.64103
191.64557
185.63291
41.68421
6.51351
6.36000
6.45946
6.43243
6.42667
6.52703
6.41892
6.33333
24.14865
197.37975
188.38750
105.45455
6.20000
6.17333
6.16216
6.18919
6.17333
6.14667
6.06329
6.13924
6.17722
7.76623
90.75325
194.40541
187.75676
82.46753
8.60759
6.05063
6.11250
7.13924
6.05063
6.05063
6.03797
6.03750
6.10127
6.08861
76.34177
195.65000
189.00000
125.87342
6.12658
6.11392
6.12500
6.25316
6.13924
6.15190
6.11392
7.70886
6.08750
147.50000
191.87342
186.07595
24.13924
6.05063
6.05063
6.12658
6.11250
6.03797
6.08861
6.07595
6.07500
6.03797
6.06329
6.53846
129.89474
205.03947
199.83333
192.89744
185.92405
38.53947
5.90541
5.94667
5.87838
6.10256
6.13924
6.21250
178.29333
189.29487
134.19231
5.94595
5.96000
6.09091
6.13750
6.24051
6.12821
6.07595
6.06250
6.13924
6.29114
6.15000
6.20253
148.58974
201.56410
193.92500
187.35443
44.74684
5.32468
4.82667
4.88000
8.29114
5.30380
104.48750
193.10127
187.11392
36.65789
6.24324
6.16216
6.08000
6.14865
6.24000
6.24324
6.27027
6.14865
6.14865
6.27027
6.25676
38.32468
221.55000
199.36709
192.02532
187.45570
242.38462
415.50000
414.15385
329.23377
6.73684
6.79221
6.81579
186.43038
205.73418
200.25316
196.30380
192.68750
189.46835
187.13924
184.74684
135.86076
6.02703
6.04054
6.09459
6.14667
6.06757
6.09459
6.13514
6.18667
6.12162
6.14667
6.08108
6.14865
6.08000
6.12162
6.05405
6.04054
199.43750
195.55696
190.73418
186.70886
184.24051
34.07895
6.14865
6.21622
6.29730
6.16000
6.20270
6.20000
6.21622
6.22973
6.10811
6.18667
6.14865
6.13514
6.24000
6.27027
71.53947
199.78481
193.48101
188.75949
185.33750
102.90909
6.31081
6.21333
6.22973
6.17333
6.33784
6.29730
6.33784
6.37333
6.27027
6.34667
6.44595
6.63514
6.70667
6.72000
6.68919
202.91139
194.80000
189.74684
186.17722
126.70513
6.66234
6.57143
8.29114
6.71429
6.97468
7.00000
6.96203
6.75949
6.76250
6.72152
6.82278
6.86076
6.86076
6.91139
6.91250
98.01282
198.47500
192.25316
188.15190
184.39241
47.02532
6.69620
6.80000
6.69620
6.88608
6.87342
6.92405
6.79747
6.81013
6.85000
6.87342
6.92405
6.92405
6.92405
6.93750
6.93671
152.83544
195.79747
190.46835
186.32911
147.88608
6.86076
6.88750
6.88608
6.94937
6.93671
6.89744
6.88750
6.92308
6.97436
6.93671
6.92000
6.97101
6.93590
6.93671
6.98734
6.88608
167.15190
194.73750
189.74684
185.78481
105.48101
6.91139
6.91139
6.92405
6.93671
6.93671
6.88750
6.87342
6.82278
6.97468
6.92405
6.87342
6.88608
6.88750
6.94937
6.98734
6.98734
160.07595
194.78481
189.73750
185.31646
102.68354
6.82278
6.65823
6.55696
6.73750
6.70513
6.68750
6.77215
6.70886
6.65823
6.54430
6.68354
6.59494
6.56962
6.56962
6.60759
6.52500
153.18987
195.49367
195.53165
190.02597
185.51899
60.03797
6.26582
6.15190
6.15190
6.32911
6.58228
6.40000
6.16883
6.00000
6.10667
6.08000
6.08000
8.20000
54.76316
206.83117
194.77922
189.36842
185.44156
97.23684
6.59459
6.75000
6.63514
6.05405
6.05333
6.13699
6.20270
6.12000
6.09589
6.04054
6.06667
6.13514
6.27027
6.31081
6.56000
6.25676
130.16667
196.77215
191.68354
187.17722
188.12658
111.78481
6.20000
6.13924
6.17722
6.06329
7.17722
7.24051
6.20253
7.12500
9.16456
6.05063
6.11392
19.00000
131.43590
208.45455
196.87179
192.08974
193.30380
191.43750
186.97468
76.43038
6.53846
6.48684
6.86250
6.64103
6.82500
10.67089
10.50633
6.43750
29.57895
202.50000
194.81013
193.35443
191.00000
187.67500
147.56410
5.85897
6.65823
6.46835
6.40506
6.51899
6.52500
6.44304
6.37975
96.30380
200.06329
193.15190
188.21250
43.22785
6.67089
11.60000
6.96203
8.43038
9.01266
6.65823
7.00000
8.62500
6.06494
73.17949
202.47368
197.61842
193.01316
189.77333
187.62025
186.01250
78.69620
6.36709
6.17722
6.00000
6.00000
6.08000
6.27500
6.41026
8.15190
7.34177
6.13924
6.16456
6.41250
6.37975
6.36709
6.31250
180.03797
199.60759
194.92405
191.11392
188.40506
186.30000
139.62025
6.11392
6.10127
6.06329
6.06329
6.01266
6.03750
6.02532
6.02532
6.02532
10.55696
8.10390
6.02532
6.03797
6.00000
6.00000
49.83544
203.01266
197.17722
192.56250
194.80769
192.90789
187.03797
63.47143
6.58442
6.03797
6.02532
11.03750
6.08861
6.06329
6.05063
6.06329
6.08861
6.07595
6.06329
6.03797
6.07595
6.15000
6.08861
6.15385
165.21250
199.96203
195.07595
190.68354
187.86076
135.94937
6.30380
6.36250
6.26582
6.17722
6.25316
6.31646
6.16250
6.39241
6.22785
6.37975
6.30380
6.39241
6.30380
6.43038
123.86250
198.92405
193.78481
189.62025
186.81013
49.86076
6.62500
6.68354
6.75949
6.79747
6.73418
6.78481
6.70886
6.70000
6.81013
6.84810
6.88608
6.87342
6.84810
6.88608
201.17500
196.29114
191.30380
187.89873
129.06329
6.59494
6.77500
6.63291
6.75949
6.77215
6.79747
6.83750
6.67089
6.78481
6.73418
6.82278
6.86076
6.77215
6.78481
168.71250
196.40506
191.37975
188.10127
122.34177
6.77215
6.78481
6.81013
6.86250
6.91139
6.81013
6.82278
6.78481
6.70886
6.68354
6.64557
6.78481
6.82500
6.82278
226.12658
195.50633
347.38750
424.96203
424.86076
218.12658
7.00000
7.00000
87.21519
211.55696
203.73418
199.45570
196.07595
192.96203
189.96250
187.94937
185.79747
60.65823
6.49367
6.40506
6.29114
6.15190
6.00000
6.08861
6.20253
6.22785
6.24051
6.13750
6.07595
6.01266
6.06329
128.22785
200.17949
198.42667
190.48684
186.78378
38.20513
9.54430
7.54430
6.07595
6.07595
6.02597
9.48101
69.17722
197.98750
192.70886
188.02532
158.40000
6.18919
6.13514
6.17568
6.04000
6.05405
6.16216
6.12000
6.05405
6.12000
6.05405
6.08108
6.09459
6.09333
6.05405
6.06667
6.06757
6.05405
142.93590
197.10127
192.36709
187.92405
180.49367
6.13514
6.18919
6.16000
6.14865
6.28378
6.17333
6.21622
6.17568
6.12000
6.16216
6.25676
6.12000
6.14865
6.06757
74.75000
201.15190
193.65823
189.00000
185.68354
45.41558
8.89333
6.12162
6.17568
6.22368
6.13333
6.09459
6.13333
6.14865
6.14865
6.10667
6.18919
6.12162
6.12000
189.40506
194.92405
189.86076
186.00000
93.92208
6.21333
6.12162
6.06757
6.10811
6.18667
6.24324
6.20270
6.25676
6.21622
147.32051
193.13924
187.84810
148.54430
6.20000
6.24324
6.21622
6.20270
6.13514
6.32432
6.21333
6.32432
6.33784
6.27027
168.44872
196.65823
191.02532
186.82278
183.86250
6.16216
6.24324
6.20270
6.22973
6.24324
6.29730
6.38667
6.29730
6.37838
6.29333
6.33333
184.92405
193.18987
191.41772
186.18987
13.07595
6.22500
6.21519
6.24051
6.13924
6.30000
6.13924
6.12658
6.07595
6.16456
6.28750
6.25316
6.11392
6.11392
6.11392
6.13750
6.07595
6.15190
6.08861
8.87342
204.24051
194.84810
193.71795
188.87013
197.57143
55.73418
6.02532
6.01266
6.00000
10.96203
6.98734
6.00000
6.00000
6.00000
9.46835
6.50633
6.00000
66.75949
198.70886
192.36709
190.25000
164.47368
6.00000
5.64474
5.45333
5.50667
5.50000
5.40541
5.52703
5.84000
6.01266
6.00000
6.00000
6.03797
5.98684
40.76000
200.18182
193.48052
189.19231
185.88608
12.75000
6.02532
6.00000
6.05063
6.08750
6.10256
6.11250
6.08861
6.10127
6.24051
11.86076
6.35443
121.16456
196.33750
191.13924
186.96203
74.36709
6.36709
6.32500
6.31646
6.43038
6.59494
6.51899
6.68750
6.72152
6.70886
6.48101
6.51899
6.53165
6.48101
6.56962
37.05000
200.16456
193.74684
189.21519
167.41772
6.49367
6.65823
6.67500
6.39241
6.36709
6.45570
6.39241
6.39241
6.31646
6.47500
6.46835
6.51282
6.45000
12.20253
201.75949
193.24051
188.55696
148.93671
6.50000
6.56962
6.58228
6.68354
6.72152
6.68354
6.51899
6.46835
6.46250
6.48101
6.54430
6.56962
6.47500
6.62025
49.26582
198.64557
192.32911
187.93671
113.71250
6.49367
6.54430
6.37975
6.50633
6.53165
6.58750
6.46835
6.60759
6.49367
6.54430
6.63291
6.55000
6.59494
123.54430
195.26582
190.12658
186.22785
17.70886
6.60000
6.44304
6.49367
6.40506
6.39241
6.37975
6.39241
6.54430
6.50633
6.25316
6.17722
6.15190
138.71250
196.20253
190.81013
186.53165
26.49367
6.02532
6.02532
6.03797
8.80263
8.43421
194.55844
196.33333
187.54430
150.68354
6.03750
10.15385
6.05263
6.03797
6.01266
6.07595
196.95000
192.12658
187.06329
186.48718
153.30769
6.04054
6.09459
6.14865
6.32000
6.22973
6.32000
6.28000
6.22973
6.28000
6.35135
6.54430
6.41772
6.35443
6.22785
6.11538
6.06329
6.08861
6.17722
167.41026
196.60526
191.62025
190.77215
185.00000
182.49351
28.85897
6.58750
6.17949
6.00000
6.00000
6.32500
6.31646
6.34177
153.58228
191.56962
186.72152
183.59494
30.74684
6.25641
6.35135
6.21622
6.37838
6.48000
6.39189
6.25676
6.20000
6.27027
6.22667
6.18919
6.20270
6.16216
6.18667
6.16216
6.10811
6.12162
6.20000
175.37179
195.88750
191.40506
187.24051
184.34177
114.18182
6.33784
6.40541
6.45333
6.64865
6.64865
6.60000
6.60811
6.72000
185.80769
191.57500
186.65823
183.79747
6.62162
6.68919
6.73333
6.68919
6.67568
6.69333
6.59459
6.64000
6.67568
6.63514
6.63514
6.60000
6.59459
6.62162
6.74324
6.75676
6.78378
6.83784
6.68919
168.10256
196.46835
191.45000
187.02532
184.72152
66.35065
6.77027
6.66667
6.55405
6.60811
6.72000
6.50000
6.64865
6.60000
6.58108
86.17105
260.08750
424.39241
424.49367
321.19231
7.00000
7.00000
7.00000
212.28205
204.81250
199.38462
195.83750
192.53165
189.21519
186.55696
184.25316
175.45570
6.17722
6.03797
8.55696
6.89873
6.00000
6.00000
7.07595
6.05063
6.05000
6.00000
6.00000
6.02532
63.41772
198.56962
192.60759
187.76250
184.56962
124.44304
6.06329
6.06329
6.07595
6.16250
6.07595
6.12658
6.18987
6.17722
6.27500
6.10127
6.12658
6.15190
6.18750
6.11392
6.53165
6.35065
194.74684
194.88608
189.95000
185.84810
170.22785
6.46835
6.40506
6.53165
6.39241
6.46835
6.46250
6.63291
6.75949
6.73418
6.67089
6.68354
6.72500
6.73418
6.81013
6.84810
6.65385
104.92500
196.62025
191.26250
186.72152
184.07595
22.39241
6.83544
6.80000
6.87179
6.81250
6.82278
6.88608
6.92405
6.87342
6.88608
6.91139
6.93671
6.93671
6.93671
6.91139
6.93750
107.89873
197.36709
191.53165
187.31250
184.26923
24.65000
6.94937
6.92405
6.94937
6.98750
6.94937
6.92308
6.93750
6.94937
6.98734
6.90164
6.94937
6.93671
6.93671
6.97468
6.92405
134.88889
194.96053
189.73418
185.72152
125.53165
6.89873
6.93671
6.95000
6.96203
6.89873
6.92405
6.92405
6.92405
6.88750
6.88608
6.89873
6.91139
6.89873
6.88750
6.92405
6.87342
135.56962
195.05063
189.56962
185.72152
129.68750
6.87342
6.81013
6.67500
6.81013
6.70886
6.74684
6.78750
6.62025
6.65823
6.79747
6.69620
6.56250
6.58228
6.45570
6.17105
36.26582
199.21519
192.51899
187.92405
184.62500
48.93671
6.41772
6.31646
7.13924
7.76316
6.20253
6.27500
6.30380
6.46835
6.40506
6.37500
6.29114
6.59494
101.64557
197.10127
191.32500
186.97468
159.40506
6.39241
7.80519
6.77027
6.74667
6.68919
6.74324
6.68000
6.70270
6.78378
6.54667
6.66216
6.41892
6.49333
6.52703
6.51351
6.46667
6.41892
118.94737
197.36250
192.13924
187.53165
184.74684
39.14474
6.51351
6.52703
6.61333
6.51351
6.70270
6.61333
6.44595
6.50667
6.44595
6.36486
6.37838
6.60000
6.62162
6.47297
35.90667
200.13924
193.68750
188.73418
185.27848
86.97403
6.33333
6.50000
6.35135
6.38667
6.31081
6.28378
6.33333
6.25676
6.29730
6.40000
6.29730
6.22667
6.21622
6.24324
6.18667
85.38158
198.41772
192.79747
188.06329
185.00000
68.44156
6.47297
6.36486
6.29333
6.47297
6.47297
6.54667
6.52000
6.58108
6.44595
6.31081
6.35135
6.48000
6.50000
6.54054
48.28000
202.60759
194.91250
189.84810
186.45570
127.51282
6.57333
6.56757
6.50000
6.49333
6.63514
6.56757
6.49333
6.44595
6.39189
6.37333
6.58108
6.54054
6.52000
6.52703
6.41892
63.64474
200.15190
194.50633
189.67500
186.39241
126.72727
6.42667
6.39189
6.52000
6.63514
6.48649
6.51351
6.44000
6.48649
6.53947
8.68354
151.28750
198.05063
191.89873
193.16456
187.11392
44.72152
6.36709
6.27500
6.35443
6.30380
6.24051
6.41250
6.35443
6.26582
6.16456
6.11392
6.07595
6.03750
6.07595
6.08861
6.02532
6.07595
6.10127
83.66250
200.16456
194.69620
189.93671
186.86076
102.20000
6.16456
6.18987
6.25316
6.12658
6.06250
6.06329
6.10127
6.01250
6.07692
6.16250
6.13924
6.22785
6.31646
6.22785
119.70513
199.25316
193.58750
189.12658
186.26582
53.84810
6.34177
6.36709
6.38750
6.43038
6.37975
6.37975
6.46250
6.39241
6.54430
6.72500
6.67089
6.67089
6.64557
6.68354
154.07595
197.07500
191.75949
188.05063
176.31646
6.72152
6.80000
6.84810
6.75949
6.70886
6.60759
6.62500
6.64557
6.60759
6.81013
6.73418
6.70886
6.70886
6.81013
47.22785
200.45570
194.50000
189.56962
186.39241
83.64557
6.82278
6.91139
6.90000
6.92405
6.87342
6.91139
6.93671
6.93750
6.97468
6.94937
6.91139
6.91250
6.92405
6.92405
211.16456
196.16456
190.81250
187.58228
126.84810
6.82500
6.87342
6.79747
6.77500
6.75949
6.86076
6.84810
6.82278
6.73418
6.88608
6.85000
6.94937
6.86076
6.68354
140.77215
197.46835
191.93671
187.97500
176.21519
6.69620
6.64557
6.68750
6.72152
6.63291
6.69620
6.72152
6.81250
6.74684
6.58228
6.67089
6.60000
6.70886
6.78481
6.92405
203.06329
195.46835
190.27848
186.58750
118.61538
6.68750
6.68354
6.78481
6.48101
6.05263
9.36709
6.18987
181.48750
193.82278
188.27848
140.11392
6.13924
6.07792
6.03896
6.12658
6.11392
6.16250
6.17949
8.67500
6.37975
6.37333
6.27027
6.20270
6.20000
6.25676
6.28378
6.33333
6.32432
210.05063
197.12658
191.60000
218.03797
421.40506
421.41772
367.93671
7.00000
6.98667
7.00000
165.74359
207.55696
201.63291
197.75000
193.88608
190.88608
188.51899
186.59494
97.94872
6.48000
6.51351
6.43243
6.44595
6.42667
6.39189
6.41333
6.39189
6.35135
6.37838
6.32000
6.33784
6.27027
94.48052
199.68354
194.31646
189.57500
186.49367
73.57143
6.22973
6.17568
6.17568
6.22667
6.12162
6.20270
6.24000
6.28378
6.22973
6.29333
6.33784
6.39189
80.28947
199.78750
194.20253
189.54430
186.29114
46.47368
6.42667
6.14865
6.31081
6.34667
6.36486
6.41892
6.36000
6.33784
6.37838
6.33333
6.45946
6.52703
6.58667
204.74359
196.12500
190.82278
187.24051
111.91026
6.45946
6.47297
6.40541
6.48649
6.56757
6.66216
6.72973
6.70270
6.59459
6.64000
6.47297
6.62162
6.65333
105.81579
198.40506
192.70886
188.27500
167.63291
6.59459
6.62667
6.59459
6.59459
6.41333
6.62162
6.56757
6.57333
6.51351
6.58108
6.52000
6.45946
6.50000
130.07792
198.35443
192.44304
188.33750
160.55128
6.48649
6.52000
6.67568
6.70270
6.56000
6.50000
6.47297
6.58667
6.39189
6.43243
11.48052
47.65823
204.68750
196.07692
193.57895
191.60811
186.53846
12.94937
6.16667
6.15190
6.20253
6.12658
6.06329
6.07692
6.10127
6.06250
6.01266
121.96154
204.25974
195.74684
195.15190
189.24051
130.44304
6.29870
6.11392
6.11392
9.08750
8.55696
6.13924
6.25316
6.24051
159.58228
199.32500
193.05063
188.68354
176.93671
6.20253
6.27848
6.26250
6.22785
6.11392
6.13750
6.07595
6.13924
6.10127
6.15190
6.08861
6.30380
6.29114
6.18987
6.27500
6.44304
145.27848
205.64000
198.81081
192.28000
188.48000
162.09333
6.34177
6.60759
6.62500
6.61538
6.66250
6.63291
6.70886
6.68354
6.85000
6.73418
6.79747
104.63291
198.53165
193.00000
189.08861
170.41772
6.86076
6.65000
6.87342
6.82278
6.81013
6.86076
6.67089
6.82500
6.82278
6.82278
6.86076
6.82278
77.17722
199.31250
193.96203
189.44304
186.96203
20.43038
6.81250
6.72152
6.77215
6.81013
6.86076
6.86076
6.86076
6.77500
6.87342
6.88608
6.93671
47.08861
200.20000
194.40506
189.94937
186.75949
24.98734
6.90000
6.87342
6.88608
6.88608
6.87342
6.83544
6.93671
6.91250
6.84810
6.92308
6.90000
6.88608
90.21519
199.34177
193.63291
189.21519
174.88750
6.73418
6.77215
6.74684
6.68750
6.67089
6.82278
6.87342
6.91139
6.96203
6.87500
6.78481
6.69620
6.64557
6.56962
171.64935
197.78205
193.20000
188.58442
80.65000
6.53165
6.44304
6.43038
6.48101
6.34177
6.37500
6.48101
6.40506
6.30380
6.34177
6.30380
6.26250
152.98734
196.34177
191.05063
187.40506
13.08861
6.01250
6.22785
8.11688
6.41772
6.41772
6.39241
11.15000
6.40506
57.60759
199.41772
193.40506
188.20253
63.29114
6.25316
6.41250
6.40506
6.49367
6.31646
6.32911
6.31579
6.20270
8.48000
6.41892
6.43243
6.48649
162.93590
197.11392
191.70886
187.62025
27.98667
6.18667
6.22973
6.18919
6.25333
6.29730
6.28378
6.35135
6.63514
6.43243
6.41333
51.52000
199.67089
193.86250
188.87342
94.19737
6.73333
6.67568
6.68919
6.77333
6.72973
6.60811
6.61333
6.64865
6.66667
6.79730
6.67568
201.37975
195.22785
189.87342
131.74359
6.78667
6.59459
6.65333
6.58108
6.68919
6.68000
6.72973
6.58108
6.78667
6.67568
6.62162
201.48101
195.16456
190.27500
127.16667
6.83784
6.77027
6.76000
6.77027
6.81081
6.88000
6.81081
6.72603
6.65333
6.55405
41.45333
200.25316
194.20253
189.65823
101.75641
6.77027
6.67568
6.78378
6.74324
6.80000
6.81081
6.81081
6.92000
6.85135
6.81081
6.74667
148.32051
197.56962
192.10127
188.21519
18.98649
6.73333
6.85135
6.75676
6.84000
6.74324
6.70270
6.58667
6.64865
6.54667
6.54054
7.73684
113.97436
198.94937
193.27848
189.31646
77.58228
6.42500
6.50633
6.36709
6.44304
6.36709
6.34177
6.38750
6.40506
6.62025
6.56962
6.53165
67.97468
200.33750
194.74684
190.17722
127.67089
6.31250
6.17722
6.79747
6.42857
6.27848
7.16456
6.25316
6.26250
6.36709
6.30380
6.27848
98.78750
199.20253
193.70886
189.18987
422.54430
420.84810
420.11392
63.52500
7.00000
6.98750
141.53165
209.07595
202.87342
198.88750
195.00000
191.87342
189.58228
187.54430
15.62025
6.33750
6.43038
6.31646
6.32911
6.39241
6.45570
6.48750
6.55696
6.73418
6.54430
6.70886
6.66667
169.81013
204.49333
195.58228
190.30380
175.56410
6.01333
6.02667
6.00000
6.00000
6.00000
6.00000
6.58228
6.84810
6.81013
6.92405
6.41026
6.00000
125.52632
198.05063
193.20253
188.88608
91.08861
6.74684
6.72152
6.84810
6.91139
6.96203
6.87342
6.87342
6.87342
6.93750
6.88608
6.92405
6.88608
6.88750
168.88608
197.01266
192.08861
188.12658
62.98750
6.94937
6.91139
6.92405
6.84810
6.97468
6.93671
6.93750
6.94937
6.96203
6.91139
6.94937
6.94937
42.49367
200.78481
194.62500
189.75949
154.60759
6.97468
6.94937
6.92500
6.93671
6.93671
6.96203
6.96203
6.92500
6.96203
6.93671
6.92405
6.96203
6.96203
148.44304
196.43038
191.40506
187.34177
34.01266
6.93750
6.93671
6.98734
7.00000
6.98734
6.96203
6.98734
6.96203
6.93750
6.89873
6.84810
6.86076
52.50633
199.43038
193.46835
188.73750
102.00000
6.81013
6.69620
6.45570
6.44156
6.31646
6.34177
6.19481
139.19737
196.84810
192.98734
187.63750
172.73418
6.34177
6.20253
6.17500
6.14103
6.07500
6.05063
6.13924
6.10000
6.21519
6.03797
6.03797
6.02532
6.32911
10.26582
6.13924
6.05063
99.50633
198.45570
192.44304
187.67500
184.82278
59.51316
6.12162
6.13514
6.09333
6.15000
6.07595
6.02532
6.12987
6.13333
6.15068
6.09459
6.12000
6.10811
64.25333
197.51899
191.13924
186.82278
159.78750
6.29730
7.06667
6.68354
7.49351
4.88000
4.91250
5.49367
5.41772
5.22785
6.13924
6.26582
6.21519
6.27500
170.03797
194.69620
189.12658
185.38750
48.83544
6.84615
4.78205
9.02532
3.69620
95.39241
189.72500
187.28205
110.20253
6.53846
9.69231
6.57692
6.77215
6.79747
6.77215
6.16883
6.13158
5.03846
4.98701
5.03846
5.71429
4.97436
146.58974
195.34615
189.64557
185.64935
41.92000
6.45333
6.32000
6.56000
6.42857
6.82278
6.75000
6.86076
153.34177
192.86076
187.17949
88.31646
6.42308
6.55844
6.67949
6.81250
6.70886
6.16456
6.08861
6.10127
6.18750
6.29114
97.43038
206.20253
196.36709
188.85000
179.71795
5.06329
5.58228
5.64557
5.52500
6.20270
6.32895
6.25676
6.16000
6.16216
6.10811
6.20000
6.25676
130.46753
197.26582
191.77215
187.11392
69.69737
6.17568
6.10667
6.17568
6.12000
6.10127
6.08861
6.11392
6.17500
6.06329
13.25316
202.28571
199.86076
194.01250
187.63291
74.18987
10.56250
6.05063
6.12658
6.10127
7.00000
6.00000
6.00000
6.03797
7.98750
6.01266
35.82278
203.45000
194.07595
189.02532
117.78481
6.07595
6.06329
6.08750
6.12658
6.02532
6.11392
6.10127
6.12658
6.21519
6.16456
6.16250
6.12658
39.17722
200.25316
193.57500
188.49367
101.58228
6.32911
6.37975
6.35443
8.44304
6.37975
6.35000
6.40506
6.02597
6.09459
5.98667
5.97333
155.87013
194.83544
189.80263
141.27632
6.58750
6.49367
6.58228
6.00000
6.00000
6.00000
6.25333
6.67089
6.70000
6.77215
6.46835
6.53165
164.91139
194.89873
189.88750
134.15190
6.81013
6.84810
6.83544
6.91250
6.84810
6.97468
6.94937
6.94937
6.88608
6.91139
6.94937
21.31646
200.68354
192.79747
188.17500
71.15385
6.96203
6.96250
6.96203
6.98734
6.98734
6.88608
6.96250
6.94937
6.93671
6.94937
6.96203
80.21519
197.66250
191.82278
187.03797
22.79747
6.97500
6.98734
6.94872
6.95000
6.96203
6.94937
6.98734
6.94937
6.95000
6.98734
21.27848
200.26582
192.21519
187.41250
31.68354
6.94937
6.98734
6.96250
6.92405
6.93671
6.93750
6.96203
6.94937
6.97468
6.98734
6.98734
84.32911
196.26582
190.48101
152.87500
6.97297
6.97368
6.97468
6.95000
6.93671
68.61842
195.10390
189.39189
69.11688
6.84810
8.87342
7.17500
6.68354
6.98734
6.94937
6.88608
6.91139
6.84810
6.85000
6.82278
6.77215
6.75949
85.12658
198.25316
192.57500
187.40506
18.06329
6.78481
6.83544
6.66250
6.78481
6.70886
6.50633
135.36709
194.25316
188.37975
31.60759
6.49367
6.56962
6.60759
6.49367
10.76250
6.70886
6.47436
6.50000
6.45714
6.43750
6.59494
6.46835
72.48101
200.31646
193.49367
188.43750
51.92405
6.43038
6.40506
6.54430
6.56410
6.60811
10.31579
127.43590
194.45570
370.03797
425.23750
424.36709
174.83117
7.00000
7.00000
91.13158
209.56250
201.67089
197.11392
193.87342
190.75949
187.92500
139.84615
6.72973
6.82667
12.59740
6.87838
6.93243
6.88000
6.89189
6.71622
131.62821
197.11392
191.80000
187.25316
70.05263
6.76000
6.18182
8.31169
6.83784
6.81333
6.90541
6.74324
70.98684
196.53165
191.01266
186.30000
30.60000
6.82432
6.82667
6.68919
6.94595
6.84000
6.83784
6.85135
6.80000
6.77027
6.78378
6.77333
57.79730
199.67500
193.02532
187.98734
115.79221
6.88000
6.81081
6.75676
6.78378
6.65333
6.74324
6.68919
6.78667
6.82432
6.78378
124.94872
194.79487
191.82051
187.07692
12.35065
6.25316
6.00000
6.96203
6.98734
6.98734
6.98734
6.98750
6.98734
6.02532
5.66234
94.21795
196.22785
190.35065
186.32895
103.44872
5.96053
6.73750
6.29114
6.11392
6.11688
6.40506
6.34177
6.48101
6.35000
6.32911
6.39241
6.32911
6.39241
6.42500
89.02532
197.02532
191.31646
186.80000
111.81013
6.15190
6.13924
6.17722
6.16250
6.21519
6.17722
6.10127
6.10127
6.13924
6.20000
6.24051
6.21519
6.15190
88.89873
196.51250
190.70886
186.49367
88.41250
6.31646
6.27848
6.26582
6.36709
6.32911
6.34177
6.31646
6.21250
6.40506
6.51899
6.65823
6.59494
6.75000
160.17722
194.45570
189.25316
185.11392
13.31250
6.78481
6.88608
6.79747
6.72500
6.68354
6.78481
6.77215
6.79747
6.84810
6.85000
6.87342
6.87342
6.83544
203.02532
192.62500
187.48101
141.43038
6.89873
6.87500
6.92405
6.83544
6.89873
6.89873
6.88608
6.91139
6.92405
6.92500
6.88608
6.92405
6.93671
53.67500
197.62025
191.34177
186.88608
94.27848
6.92405
6.97468
6.98734
6.89873
6.92405
6.90000
6.94937
6.94937
6.94937
6.96203
6.90000
6.92405
37.13924
197.92405
190.82278
185.82278
82.12500
6.93671
6.94937
6.89873
6.92405
6.91139
6.92500
6.88608
6.89873
6.89873
6.96203
6.96203
6.90000
6.87342
6.84810
6.92405
193.72152
192.30380
186.85000
143.56962
6.97468
6.87342
6.88608
6.87500
6.83544
6.81013
6.86076
195.77215
188.27848
137.24051
6.87500
6.86076
6.89873
6.81013
6.75949
6.69620
6.71250
6.77215
6.83544
6.86076
6.79747
6.73750
6.70886
6.70886
6.81013
6.62025
6.62025
92.68421
197.07500
191.82051
187.90541
140.07595
6.03846
6.11392
6.23750
6.45570
6.44737
6.68919
6.64000
183.05063
190.36709
174.35443
6.61333
6.72973
6.69333
6.77027
6.89189
6.80000
6.82432
6.86486
6.84000
6.90541
6.90541
6.92000
6.83784
6.83784
6.72973
6.83784
25.32432
201.35000
193.35443
188.41772
150.47436
6.76000
6.67568
6.85333
6.71622
6.79730
6.70667
6.63514
174.97436
190.31250
183.06329
6.62162
6.66216
6.60811
6.58108
6.67568
6.58667
6.64865
6.54054
6.40000
6.52703
6.62162
6.49333
6.48649
6.59459
6.49333
6.36486
6.58667
177.07792
195.84810
190.44304
186.16250
55.72368
6.66216
6.68000
6.63514
6.62162
6.60000
6.72973
6.67568
117.15584
192.83750
187.48718
100.24359
6.81081
6.70270
6.76000
6.78378
6.67568
6.72000
6.70270
6.70270
6.70667
6.74324
6.77027
6.77333
6.79730
6.81081
6.81333
6.72973
150.20513
195.77215
190.54430
186.48750
68.60000
6.82667
6.85135
6.78378
6.89333
6.81081
6.83784
6.82432
6.78378
128.20513
193.68354
188.18987
128.01282
6.79730
6.64865
6.72973
6.72000
6.82432
6.67568
6.68919
6.63514
6.69048
6.77273
6.86486
6.78667
6.68919
6.77027
6.77333
57.32000
199.43038
193.21250
188.39241
160.05128
6.81333
6.63514
6.75676
6.65333
6.59459
6.59459
6.57333
6.59459
6.64865
6.65333
6.62162
12.47297
201.83544
192.67089
187.37975
128.31646
6.43243
6.25676
6.29730
6.16000
6.18919
6.08108
6.14667
6.13514
6.12162
6.19481
6.11392
6.08861
6.30380
6.50633
66.15385
198.70886
194.92500
188.75949
176.01266
6.12821
6.16456
6.20513
6.32051
6.17949
6.23077
6.21519
6.35897
6.51282
6.60256
6.69620
6.70513
6.55128
79.78481
197.50000
191.56250
187.21519
110.40506
6.75949
6.74026
6.75949
6.78205
6.68831
6.68354
6.75641
6.79747
6.83333
6.77215
6.84615
6.86076
6.74359
144.44304
195.70886
190.07500
186.10127
56.93590
6.96154
6.94872
6.96154
6.96154
6.96203
6.94872
6.96154
6.94937
6.92308
6.93671
6.96154
6.94872
6.97436
39.81013
199.20253
192.89873
187.81250
153.07692
7.00000
6.98718
6.91026
6.94872
6.88608
6.97436
6.94805
6.97468
6.96154
6.94872
110.64557
194.36250
188.50633
171.67089
6.98734
6.97436
7.00000
6.98718
6.93671
6.97468
6.97436
6.97468
6.97436
6.93590
7.00000
6.97468
6.93590
6.98734
6.97468
32.60256
200.12500
192.88608
187.78481
349.88608
433.30380
431.41772
125.07595
7.00000
7.00000
66.92308
209.46250
201.22785
196.75949
193.02500
189.29114
186.70886
177.61250
6.92208
6.09211
6.93671
9.05128
8.98718
7.46835
6.89744
6.70130
6.79747
6.92308
6.94872
123.22785
197.10127
191.46835
186.68354
34.02532
6.97436
6.94937
6.83333
6.84615
6.87179
6.69231
6.69620
6.67949
6.39474
6.44737
149.06329
195.19231
189.53165
147.45570
6.24051
6.05063
6.06329
6.02500
6.65823
6.74684
6.63291
6.67500
6.81013
6.83544
6.07595
159.23684
194.57500
188.88608
115.70886
6.69620
6.76250
6.63291
6.65823
6.56962
6.56962
6.73418
6.75641
6.64935
6.69620
6.64103
51.62025
198.07595
191.89873
187.20253
52.28205
6.65823
6.65385
6.50000
6.63291
6.66667
6.79487
6.70886
6.66667
6.69231
6.57692
55.31646
198.12658
191.97500
187.22785
40.60759
6.62821
6.70513
6.67949
6.56962
6.62821
6.66234
6.50633
6.65385
6.67949
6.60256
6.52564
81.54430
197.27848
191.36709
186.85000
33.65823
6.64103
6.67949
6.61538
6.70886
6.60759
6.73077
6.69231
6.78481
6.88312
6.67089
79.89744
197.06250
191.20253
186.70886
24.83544
6.87179
6.76923
6.77215
6.71795
6.76923
6.83544
6.75949
6.74359
6.76923
6.67089
6.70513
160.10127
195.11392
189.48101
147.76250
6.63291
6.70513
6.70513
6.82278
6.87179
6.83333
6.80769
6.72152
6.65385
6.69231
6.79487
79.32911
197.65823
191.86076
187.15190
45.26582
6.83333
6.97436
6.91026
6.88312
6.84416
6.82051
6.91139
6.89583
6.50000
0.00000
0.00000
0.00000
0.00000
0.00000
0.00000
0.00000
0.00000
0.00000
0.00000
0.00000
0.00000
0.00000
0.00000
0.00000
0.00000
0.00000
0.00000
0.00000
0.00000
0.00000
0.00000
0.00000
0.00000
0.00000
0.00000
0.00000
0.00000
0.00000
0.00000
0.00000
0.00000
0.00000
0.00000
0.00000
0.00000
0.00000
0.00000
0.00000
0.00000
0.00000
0.00000
0.00000
0.00000
0.00000
0.00000
0.00000
0.00000
0.00000
0.00000
0.00000
0.00000
0.00000
0.00000
0.00000
0.00000
0.00000
0.00000
0.00000
0.00000
0.00000
0.00000
0.00000
0.00000
0.00000
0.00000
0.00000
0.00000
0.00000
0.00000
0.00000
0.00000
0.00000
0.00000
0.00000
0.00000
0.00000
0.00000
0.00000
0.00000
0.00000
0.00000
0.00000
0.00000
0.00000
0.00000
0.00000
0.00000
0.00000
0.00000
0.00000
0.00000
0.00000
0.00000
0.00000
0.00000
0.00000
0.00000
0.00000
0.00000
0.00000
0.00000
0.00000
0.00000
0.00000
0.00000
0.00000
0.00000
0.00000
0.00000
0.00000
0.00000
0.00000
0.00000
0.00000
0.00000
0.00000
0.00000
0.00000
0.00000
0.00000
0.00000
0.00000
0.00000
0.00000
0.00000
0.00000
0.00000
0.00000
0.00000
0.00000
0.00000
0.00000
0.00000
0.00000
0.00000
0.00000
0.00000
0.00000
0.00000
0.00000
0.00000
0.00000
0.00000
0.00000
0.00000
0.00000
0.00000
0.00000
0.00000
0.00000
0.00000
0.00000
0.00000
0.00000
0.00000
0.00000
0.00000
0.00000
0.00000
0.00000
0.00000
0.00000
0.00000
0.00000
0.00000
0.00000
0.00000
0.00000
0.00000
0.00000
0.00000
0.00000
0.00000
0.00000
0.00000
0.00000
0.00000
0.00000
0.00000
0.00000
0.00000
0.00000
0.00000
0.00000
0.00000
0.00000
0.00000
0.00000
0.00000
0.00000
0.00000
0.00000
0.00000
0.00000
0.00000
0.00000
0.00000
0.00000
0.00000
0.00000
0.00000
0.00000
0.00000
0.00000
0.00000
0.00000
0.00000
0.00000
0.00000
0.00000
0.00000
0.00000
0.00000
0.00000
0.00000
0.00000
0.00000
0.00000
0.00000
0.00000
0.00000
0.00000
0.00000
0.00000
0.00000
0.00000
0.00000
0.00000
0.00000
0.00000
0.00000
0.00000
0.00000
0.00000
0.00000
0.00000
0.00000
0.00000
0.00000
0.00000
0.00000
0.00000
0.00000
0.00000
0.00000
0.00000
0.00000
0.00000
0.00000
0.00000
0.00000
0.00000
0.00000
0.00000
0.00000
0.00000
0.00000
0.00000
0.00000
0.00000
0.00000
0.00000
0.00000
0.00000
0.00000
0.00000
0.00000
0.00000
0.00000
0.00000
0.00000
0.00000
0.00000
0.00000
0.00000
0.00000
0.00000
0.00000
0.00000
0.00000
0.00000
0.00000
0.00000
0.00000
0.00000
0.00000
0.00000
0.00000
0.00000
0.00000
0.00000
0.00000
0.00000
0.00000
0.00000
0.00000
0.00000
0.00000
0.00000
0.00000
0.00000
0.00000
0.00000
0.00000
0.00000
0.00000
0.00000
0.00000
0.00000
0.00000
0.00000
0.00000
0.00000
0.00000
0.00000
0.00000
0.00000
0.00000
0.00000
0.00000
0.00000
0.00000
0.00000
0.00000
0.00000
0.00000
0.00000
0.00000
0.00000
0.00000
0.00000
0.00000
0.00000
0.00000
0.00000
0.00000
0.00000
0.00000
0.00000
0.00000
0.00000
0.00000
0.00000
0.00000
0.00000
0.00000
0.00000
0.00000
0.00000
0.00000
0.00000
0.00000
0.00000
0.00000
0.00000
0.00000
0.00000
0.00000
0.00000
0.00000
0.00000
0.00000
0.00000
0.00000
0.00000
0.00000
0.00000
0.00000
0.00000
0.00000
0.00000
0.00000
0.00000
0.00000
0.00000
0.00000
0.00000
0.00000
0.00000
0.00000
0.00000
0.00000
0.00000
0.00000
0.00000
0.00000
0.00000
0.00000
0.00000
0.00000
0.00000
0.00000
0.00000
0.00000
0.00000
0.00000
0.00000
0.00000
0.00000
0.00000
0.00000
0.00000
0.00000
0.00000
0.00000
0.00000
0.00000
0.00000
0.00000
0.00000
0.00000
0.00000
0.00000
0.00000
0.00000
0.00000
0.00000
0.00000
0.00000
0.00000
0.00000
0.00000
0.00000
0.00000
0.00000
0.00000
0.00000
0.00000
0.00000
0.00000
0.00000
0.00000
0.00000
0.00000
0.00000
0.00000
0.00000
0.00000
0.00000
0.00000
0.00000
0.00000
0.00000
0.00000
0.00000
0.00000
0.00000
0.00000
0.00000
0.00000
0.00000
0.00000
0.00000
0.00000
0.00000
0.00000
0.00000
0.00000
0.00000
0.00000
0.00000
0.00000
0.00000
0.00000
0.00000
0.00000
0.00000
0.00000
0.00000
0.00000
0.00000
0.00000
0.00000
0.00000
0.00000
0.00000
0.00000
0.00000
0.00000
0.00000
0.00000
0.00000
0.00000
0.00000
0.00000
0.00000
0.00000
0.00000
0.00000
0.00000
0.00000
0.00000
0.00000
0.00000
0.00000
0.00000
0.00000
0.00000
0.00000
0.00000
0.00000
0.00000
0.00000
0.00000
0.00000
0.00000
0.00000
0.00000
0.00000
0.00000
0.00000
0.00000
0.00000
0.00000
0.00000
0.00000
0.00000
0.00000
0.00000
0.00000
0.00000
0.00000
0.00000
0.00000
0.00000
0.00000
0.00000
0.00000
0.00000
0.00000
0.00000
0.00000
0.00000
0.00000
0.00000
0.00000
0.00000
0.00000
0.00000
0.00000
0.00000
0.00000
0.00000
0.00000
0.00000
0.00000
0.00000
0.00000
0.00000
0.00000
0.00000
0.00000
0.00000
0.00000
0.00000
0.00000
0.00000
0.00000
0.00000
0.00000
0.00000
0.00000
0.00000
0.00000
0.00000
0.00000
0.00000
0.00000
0.00000
0.00000
0.00000
0.00000
0.00000
0.00000
0.00000
0.00000
0.00000
0.00000
0.00000
0.00000
0.00000
0.00000
0.00000
0.00000
0.00000
0.00000
0.00000
0.00000
0.00000
0.00000
0.00000
0.00000
0.00000
0.00000
0.00000
0.00000
0.00000
0.00000
0.00000
0.00000
0.00000
0.00000
0.00000
0.00000
0.00000
0.00000
0.00000
0.00000
0.00000
0.00000
0.00000
0.00000
0.00000
0.00000
0.00000
0.00000
0.00000
0.00000
0.00000
0.00000
0.00000
0.00000
0.00000
0.00000
0.00000
0.00000
0.00000
0.00000
0.00000
0.00000
0.00000
0.00000
0.00000
0.00000
0.00000
0.00000
0.00000
0.00000
0.00000
0.00000
0.00000
0.00000
0.00000
0.00000
0.00000
0.00000
0.00000
0.00000
0.00000
0.00000
0.00000
0.00000
0.00000
0.00000
0.00000
0.00000
0.00000
0.00000
0.00000
0.00000
0.00000
0.00000
0.00000
0.00000
0.00000
0.00000
0.00000
0.00000
0.00000
0.00000
0.00000
0.00000
0.00000
0.00000
0.00000
0.00000
0.00000
0.00000
0.00000
0.00000
0.00000
0.00000
0.00000
0.00000
0.00000
0.00000
0.00000
0.00000
0.00000
0.00000
0.00000
0.00000
0.00000
0.00000
0.00000
0.00000
0.00000
0.00000
0.00000
0.00000
0.00000
0.00000
0.00000
0.00000
0.00000
0.00000
0.00000
0.00000
0.00000
0.00000
0.00000
0.00000
0.00000
0.00000
0.00000
0.00000
0.00000
0.00000
0.00000
0.00000
0.00000
0.00000
0.00000
0.00000
0.00000
0.00000
0.00000
0.00000
0.00000
0.00000
0.00000
0.00000
0.00000
0.00000
0.00000
0.00000
0.00000
0.00000
0.00000
0.00000
0.00000
0.00000
0.00000
0.00000
0.00000
0.00000
0.00000
0.00000
0.00000
0.00000
0.00000
0.00000
0.00000
0.00000
0.00000
0.00000
0.00000
0.00000
0.00000
0.00000
0.00000
0.00000
0.00000
0.00000
0.00000
0.00000
0.00000
0.00000
0.00000
0.00000
0.00000
0.00000
0.00000
0.00000
0.00000
0.00000
0.00000
0.00000
0.00000
0.00000
0.00000
0.00000
6.58667
6.54430
6.50633
6.47500
6.58228
6.64557
6.53165
6.43038
6.49367
6.55696
6.67089
6.62500
155.55696
193.83544
188.35443
85.74684
6.73418
6.87342
6.86076
6.82278
6.88608
6.88608
6.92500
95.24051
193.89873
187.58228
47.53165
6.83750
6.77215
6.86076
6.87342
6.88608
6.86076
6.84810
6.87500
6.87342
6.89873
6.94937
23.96203
200.17722
191.91139
186.96203
22.67089
6.91139
6.88750
6.84810
6.86076
6.91139
6.82278
6.98734
6.91139
129.25316
193.63291
187.91139
49.98734
6.91250
6.93590
6.91250
6.94937
7.00000
6.91139
6.88608
6.74684
6.72152
6.75949
6.80000
142.74684
195.37975
307.53165
423.13924
422.74684
159.26582
7.00000
7.00000
54.72152
213.29114
203.62025
198.84810
195.02532
191.60759
188.63291
186.36709
17.95000
6.78481
6.88608
6.87342
6.96203
6.93671
6.87500
6.72152
6.74684
6.81013
6.78481
127.93671
196.65823
190.67089
186.72500
48.41772
6.89873
6.83544
6.89873
6.89873
6.79747
6.84810
6.75000
6.82278
6.67089
64.53165
197.30380
191.10000
186.43038
35.88608
6.59494
6.53165
6.53165
6.49367
10.35000
6.64557
157.40506
192.39241
187.15190
32.69620
10.08750
6.50633
6.51899
6.50633
6.46835
6.45570
6.58228
6.55696
6.62500
6.53165
6.45570
118.83544
196.86076
191.10127
186.67500
13.36709
6.27848
6.48101
6.55696
6.70886
6.75000
7.71795
6.77500
6.67089
6.72152
6.74684
77.16456
197.59494
191.40506
186.86250
20.44304
6.82278
6.86076
6.77215
6.92405
6.86076
6.83750
6.92405
6.93671
6.93671
6.89873
191.88608
193.81250
188.17722
83.91139
6.97468
6.93671
6.98734
6.92500
6.98734
6.98734
6.92405
6.96203
6.96203
6.97468
6.97468
53.61250
197.73077
191.42647
186.87342
27.22785
7.00000
6.94937
6.96203
6.97468
6.98718
6.98734
7.00000
7.00000
6.98750
6.97468
62.24051
197.08861
190.53165
179.16456
6.97468
7.00000
6.98734
6.97468
7.00000
7.00000
6.98734
6.97468
7.00000
6.98750
6.98734
49.54430
197.48101
191.02532
186.05063
9.17500
6.97468
7.00000
6.97468
6.98734
7.00000
7.00000
6.98734
6.98734
7.00000
7.00000
70.42500
196.34177
190.05063
154.34177
7.00000
7.00000
7.00000
6.94937
6.98734
6.97468
6.96203
6.97468
6.87342
6.92405
6.95000
6.92405
149.43038
194.36709
188.72152
115.35443
6.70886
6.70886
6.60759
6.75949
6.63291
6.54430
6.63750
6.55696
6.60759
6.73418
180.32911
192.08750
186.93590
30.18421
6.70667
6.69620
6.69620
6.62025
6.53165
6.62500
6.59740
6.61333
6.71622
6.66667
6.02564
101.18987
195.54430
189.62025
138.02532
6.45333
6.33784
9.58667
10.46053
6.56000
6.52703
6.55405
6.56000
97.93421
195.91139
189.27848
121.38462
6.40541
6.44737
6.10127
5.06329
5.16456
5.25000
5.86076
5.12658
6.89189
6.78667
6.82432
6.75676
7.28378
214.25316
195.08861
191.06410
152.22785
6.50000
6.74324
6.78667
6.98649
6.97297
7.00000
7.00000
7.00000
6.97297
7.00000
7.00000
79.17105
197.21519
190.85000
181.97468
6.90541
6.86486
7.44156
6.85526
6.59459
6.50667
6.60811
6.56757
6.68000
6.64865
6.54054
161.70513
194.07500
188.43038
99.81818
6.70270
6.50000
6.60811
6.73333
6.56757
6.60811
6.72000
6.44595
6.47297
6.48000
6.52703
81.21053
197.48101
191.13924
186.43038
23.02667
6.43243
6.36486
6.48000
7.50000
6.46753
6.36486
6.52703
6.58108
6.69333
6.48101
6.27848
181.26582
193.54430
188.20253
92.34177
6.27500
6.18987
6.34177
6.25316
6.44304
6.49367
6.29114
6.38750
6.26582
6.25316
6.26582
93.92405
196.28750
190.23077
163.45000
6.10127
6.27848
6.30380
6.29114
6.27848
6.41772
6.46250
6.40506
6.54430
6.53750
6.60759
168.87342
193.36709
187.64557
74.20253
6.37500
6.34177
6.31646
6.16456
6.11392
6.07595
6.18750
6.26582
6.18987
6.13924
6.17722
36.15190
198.05063
191.32911
186.27848
30.63750
6.12658
6.07595
6.03797
6.03750
8.08861
6.07595
6.07500
6.11392
6.06329
6.10127
180.20253
192.55696
186.83544
55.35000
6.26582
6.35443
7.70886
9.98750
35.46154
197.32911
190.24051
129.06329
6.72500
6.74684
6.53165
6.55696
6.39241
6.36709
6.55000
6.45570
6.50633
6.54430
6.50633
6.43038
6.40000
6.34177
6.30380
71.97468
197.56962
191.92405
187.06329
51.20000
6.63291
6.60759
6.69620
6.74684
6.72152
6.81250
6.86076
6.70886
6.72152
6.75949
185.13924
192.59494
187.53750
58.63291
6.81013
6.94937
6.92405
6.87500
6.94937
6.97468
6.88608
6.88608
6.96203
6.93750
6.98734
6.97468
192.07595
192.40000
187.03797
56.39241
6.98734
6.94937
6.92405
6.93750
6.91139
6.86076
6.91139
6.96203
6.92405
9.63291
200.93671
191.43038
181.68354
6.96203
6.87500
6.93671
6.94937
6.88608
6.88608
6.97468
6.92500
6.91139
6.87342
6.94937
6.96203
6.98734
144.11392
193.74684
188.26582
93.41250
6.88462
6.97500
6.97468
6.97468
6.97468
6.97468
6.92405
6.93750
6.97468
195.24051
190.63291
149.17722
6.92405
6.97468
6.95000
6.86076
6.91139
6.89873
6.83117
6.83784
6.81333
6.94595
6.83117
6.89873
6.89873
6.83544
192.87342
194.22785
191.71429
107.09091
6.77215
6.84810
6.92405
6.72152
6.92405
6.81013
6.65823
6.65000
6.55696
6.62025
194.90000
191.92308
190.20513
58.73418
6.16250
6.22785
6.39241
7.50649
6.74684
95.37975
194.42500
253.18987
425.78481
423.78481
325.12821
8.01266
7.00000
7.00000
191.79747
205.35000
199.47436
195.61250
191.53165
186.32432
169.47297
6.15190
6.13924
4.91139
6.00000
6.22785
6.26582
6.31646
7.17722
102.51250
197.17722
191.60759
186.54430
8.68354
6.63291
6.23684
5.82051
4.96154
5.07792
5.31646
5.94937
6.24359
7.61039
6.70130
6.83544
120.06410
199.25316
198.74684
189.97468
165.48101
7.00000
7.00000
7.00000
6.98667
6.96774
6.85135
6.78667
6.79730
6.83784
6.84000
6.91892
27.46667
199.16456
192.25316
187.36709
101.16883
6.79730
6.67568
6.77333
6.68919
6.67568
6.80000
6.81081
6.82432
6.89333
6.85135
6.75676
18.56000
200.96203
192.58228
187.77215
101.36364
6.75676
6.64000
6.66216
6.67568
7.69737
6.62162
165.91026
190.93671
158.53165
6.55405
7.63291
7.24359
6.65333
6.73333
12.61333
6.60811
6.66216
6.67568
6.70667
6.74324
6.70270
205.75949
193.78481
188.30000
95.89474
6.65333
6.70270
9.22667
6.55405
6.51351
6.53333
6.17568
6.60000
6.96000
6.86486
6.93243
20.81333
201.81013
193.11392
187.68354
65.59494
6.88750
6.79747
6.21519
6.08861
6.12500
6.12658
6.08861
6.08861
6.07500
6.08861
160.97403
198.85333
192.53750
188.19481
185.32051
184.11538
99.67532
6.11538
5.82051
5.52632
7.25000
5.69737
91.23684
190.94872
186.41772
183.38961
13.40506
6.84810
6.91139
6.81013
6.00000
6.00000
6.00000
6.02703
6.89873
6.45570
6.68354
6.51899
6.49367
6.43750
6.35443
110.08861
196.86076
191.79747
187.26582
183.98734
19.83750
6.58228
6.68354
6.67089
6.68354
6.67089
6.62025
6.63750
6.54430
6.68354
6.60759
6.64557
134.37500
194.64557
189.51899
185.38750
89.50633
6.86076
6.81013
6.63291
6.73750
6.87342
6.81013
6.81013
6.84810
6.81250
6.81013
6.87342
6.86076
21.08861
200.39241
192.25316
187.82500
184.48101
15.65823
6.89873
6.78481
6.77215
6.85000
6.84810
6.86076
6.89873
6.91139
121.21519
192.86076
187.44304
158.83544
6.87500
6.92405
6.82278
6.91139
6.91139
6.86076
6.92405
6.86076
6.95000
6.86076
6.89873
6.92405
6.96250
6.89873
6.86076
182.92405
193.12500
188.12658
184.51899
18.02532
6.82278
6.79747
6.73418
6.77500
6.69620
6.59494
6.55696
6.59494
126.77215
192.31646
187.13750
129.98734
7.12658
6.27632
6.45455
8.08861
6.45570
6.37975
6.39241
6.50633
6.46835
6.97468
6.60759
6.36709
6.27848
25.44304
200.84810
193.67500
188.50633
148.74684
6.11392
6.11392
6.06494
6.19231
6.21519
6.21519
7.55696
6.57895
28.60256
197.75949
190.88608
186.21519
31.53165
6.59494
6.50000
6.56962
6.45333
6.70000
9.03797
6.63291
6.58228
6.55128
6.62162
6.68919
6.53333
6.54054
67.25000
198.60759
192.55696
187.43038
101.33766
6.59459
6.56757
6.44000
6.35135
6.35135
6.37333
6.33784
6.33784
6.37333
79.80000
195.73750
189.84810
171.83544
6.20270
6.18667
6.21622
6.20270
6.20000
6.17568
6.21622
6.32000
6.28378
6.35135
6.32000
6.24324
6.20270
90.59211
197.21250
191.41772
186.58228
48.61842
6.64865
6.56000
6.63514
6.64865
6.69333
6.66216
6.62162
6.53333
6.55405
99.51316
195.15190
189.52500
142.59494
6.54054
6.59459
6.62162
6.66667
6.64865
6.51351
6.45946
6.51351
6.58108
6.59459
6.56000
6.71622
52.33333
198.46835
192.20000
187.03797
63.01316
6.75676
6.74324
6.62667
6.68919
6.68000
6.70270
6.71622
6.70270
6.64865
138.12987
193.93671
188.43038
106.75325
6.62667
6.55405
14.78667
7.21053
6.74324
7.78378
6.56757
6.68000
6.58108
6.50000
71.38158
197.36709
191.46250
186.74684
20.88000
6.39189
6.39189
6.50000
6.51351
6.47297
6.32432
6.44595
6.63514
6.64000
6.74324
6.64865
6.66216
6.50000
112.27500
196.59494
190.96203
186.69620
35.78481
8.13924
6.40506
6.47500
56.63291
216.84810
201.31646
191.63291
187.16250
189.58228
189.45333
185.26667
74.50000
6.15190
10.68354
6.35443
59.59494
191.77215
186.72500
183.24051
183.00000
48.24051
6.17722
6.26250
6.16456
6.30380
153.53947
190.88000
192.32000
419.86842
419.01333
418.00000
71.78667
6.71429
6.98734
161.64557
207.41333
200.97468
196.56757
192.44595
188.82432
186.36000
184.21333
185.57143
181.20253
176.63291
6.56962
6.50633
6.79747
6.82278
6.86076
6.85000
6.81013
6.83544
6.73418
171.81250
190.12658
185.64557
182.65823
180.01266
52.63291
6.81013
6.91250
6.72152
6.83544
6.82278
6.60759
6.59494
6.77500
6.68354
195.55696
189.06329
184.37975
181.07595
110.18750
6.72152
6.83544
6.78481
6.92500
6.82278
6.84810
6.89873
6.86076
6.87500
14.79747
196.97468
188.69620
184.20253
180.46835
60.50000
6.86076
6.96203
6.91139
6.89873
6.86076
6.92405
6.93671
6.93671
6.84810
6.88750
6.91139
20.82278
197.10127
189.35443
184.65823
181.38750
63.48101
6.88462
6.91250
6.79747
6.88608
6.92405
6.89873
6.88608
6.86250
6.91139
6.78481
6.77215
6.89873
133.30380
191.86076
186.12500
182.70886
127.02532
6.82278
6.95000
7.00000
6.94937
6.94937
6.92405
6.98734
6.92405
6.98750
6.93590
6.95000
6.70886
6.46835
145.82278
192.73418
187.17722
183.20253
147.59494
6.81013
6.83750
6.67089
7.35897
6.37179
6.40506
6.12658
6.18987
6.37500
6.24359
6.11842
6.21250
31.28205
201.24359
194.21250
186.55696
183.15000
180.18987
13.45333
6.48649
6.37333
6.48649
6.41892
6.50667
6.47297
6.59459
6.41333
6.54054
6.54667
6.63514
6.52703
101.62338
193.28750
187.20253
183.12658
180.40506
13.21333
6.37838
8.45000
6.43038
6.48101
6.60759
6.54430
6.78481
6.70886
6.53165
6.62821
6.52703
6.49333
6.51351
201.39241
190.46835
185.41772
182.32911
114.92308
6.48000
6.35135
6.44595
6.26667
6.35135
6.37838
6.41333
6.37838
6.28378
6.62667
6.59459
6.84000
6.61644
6.66667
161.66667
191.45000
185.81013
182.32911
128.82051
6.64865
6.76000
6.72973
6.85135
6.70270
6.29333
6.00000
6.00000
6.00000
6.00000
6.00000
6.16216
6.33784
6.43243
119.57143
192.86076
186.60000
182.79747
158.24051
6.67568
6.58108
6.54667
6.63514
6.64865
6.58667
6.49333
6.60811
6.60000
6.62162
6.75676
6.73333
6.63514
6.75676
60.81579
194.75949
188.77215
183.27848
180.10127
36.36842
6.73333
6.67568
6.68919
6.73333
6.66216
6.71622
6.69333
6.74324
6.64865
6.80000
6.79730
6.66216
6.63514
6.78667
178.55128
191.07500
185.74359
182.22785
107.72152
6.64865
6.58108
6.66216
6.60811
6.62162
6.48649
6.35135
6.35135
6.43243
6.60000
6.43243
6.35135
6.24324
6.32432
130.50000
192.59494
186.64557
182.92405
164.79747
6.37838
6.29730
6.28000
6.32432
6.41333
6.46575
6.32000
6.24324
6.18919
6.13333
6.06757
6.16216
6.16000
6.05405
51.04000
195.48750
188.48101
184.03797
180.67089
57.36250
6.20253
6.13924
6.06329
6.08750
6.05063
6.18987
6.24051
6.20253
6.26582
6.32911
6.31250
6.25316
6.27848
6.34177
171.73418
191.00000
185.28750
182.03797
118.48101
6.49367
6.50000
6.60759
6.67089
6.77215
6.73418
6.81013
6.43750
6.48101
6.51899
6.54430
6.65823
6.58750
6.56962
102.05063
193.02532
186.98734
182.44304
169.07500
6.74684
6.57692
6.75000
6.77215
6.74684
6.81013
6.82278
6.87342
6.86076
6.91250
6.89873
6.91139
6.84810
6.82278
28.73418
196.67089
189.16456
184.34177
180.46835
54.64557
6.85000
6.77215
6.83544
6.91139
6.81013
6.87342
6.86076
6.82278
6.91139
6.88750
6.93671
6.84810
6.92405
6.88750
144.83544
190.98734
185.65823
181.94937
111.88608
6.87342
6.78462
6.81818
6.90000
6.92405
6.89873
6.91139
6.84810
6.91139
6.91139
6.88750
6.94872
6.86250
6.86076
137.73418
191.17722
184.81013
181.62025
103.78750
6.83544
6.67089
6.77215
6.75949
6.92405
6.97500
6.96203
6.94937
6.84810
6.92405
6.91139
6.91139
6.91250
6.88608
6.83544
197.34177
189.01266
183.58228
180.46835
58.86076
6.41772
10.05063
7.02632
7.41026
7.72152
6.20253
6.08750
6.20253
6.03797
6.08861
6.20253
6.27848
194.52500
191.03797
184.79747
83.06250
6.16456
6.17722
6.17722
6.41772
6.18987
6.41772
6.64557
6.63750
6.49367
6.64557
6.58228
6.61250
91.89873
193.55696
187.25000
153.69620
6.69620
6.78481
6.69620
6.54430
6.65823
6.63750
6.60759
6.60759
6.73418
6.70886
6.52500
23.31646
196.51899
216.27848
424.35443
423.10000
374.75949
6.97500
7.00000
7.00000
159.27848
203.58750
196.83544
192.69620
188.51899
184.90000
182.10127
41.55696
6.31646
6.31646
6.37500
6.35443
6.22785
6.21519
6.38750
6.43038
6.29114
6.37975
6.30000
103.62821
194.12500
187.69620
183.02532
41.79747
6.29114
6.22785
6.36250
6.27848
6.29114
6.25316
6.22785
6.46835
6.36709
9.08861
198.40506
189.06329
183.91250
50.55696
6.45570
6.43038
6.55696
6.46835
6.51899
6.48750
6.35443
6.50633
6.39744
6.39241
128.55000
191.51899
185.67089
111.73750
6.48101
6.49367
6.50633
6.55696
6.47500
6.50633
6.60759
6.51899
6.53750
6.68354
48.30380
196.75000
189.15190
183.62025
31.08861
6.68354
6.55000
6.51899
6.59494
6.49367
6.48101
6.58228
6.60000
6.44304
6.48101
73.20253
193.65823
187.35443
158.82500
6.31646
6.31646
6.29114
6.35000
6.37975
6.34177
6.45570
6.60759
6.51899
6.36709
6.52500
140.17722
192.03797
185.74684
116.50000
6.29114
6.44304
6.39241
6.29114
6.39241
6.32500
6.43038
6.62025
6.50633
6.48101
6.35000
161.25316
190.29114
184.65823
72.98734
6.20000
6.10256
8.01250
8.42857
7.16456
6.08861
6.03750
6.01266
6.15190
45.88608
194.88608
187.74684
176.30380
6.06329
6.10000
6.02532
7.53165
7.07595
7.12658
6.15190
6.21519
6.11392
6.11392
186.10000
189.59494
184.10127
59.50633
6.18987
6.16456
6.18750
6.25316
6.35443
6.40506
6.38750
6.37975
6.32911
6.49367
6.48101
147.72152
190.75000
184.91139
95.12658
6.58228
6.55696
6.72152
6.60000
6.77215
6.81013
6.72152
6.69620
6.72500
6.73418
6.68354
104.55696
192.50000
186.73418
140.31646
6.72152
6.67089
6.62025
6.73750
6.82278
6.77215
6.83544
6.83544
6.85000
6.88608
6.88608
101.68354
192.93671
186.44304
151.10127
6.84810
6.88750
6.92405
6.93671
6.87342
6.91139
6.94937
6.87342
6.91250
6.94937
6.94937
90.36709
193.70886
186.96203
160.78481
6.98750
6.96203
6.96203
6.91250
6.93671
6.98734
6.98750
6.91139
6.93671
6.87342
6.87342
74.35443
193.16250
186.62025
155.82278
6.91139
6.91139
6.93671
6.88608
6.92405
6.88750
6.86076
6.81013
6.79747
6.87342
6.77215
41.60759
194.93671
187.86076
182.72500
9.15190
6.87342
6.88608
6.73418
6.62025
6.57500
6.78481
6.74684
6.75949
6.74684
6.65823
50.10000
195.67089
190.43590
185.14474
68.00000
6.22785
6.20000
6.24051
6.27848
6.11688
6.35443
6.25316
6.30000
6.17722
7.36709
6.21053
176.39241
189.58228
184.68354
45.82895
6.48649
6.47297
6.44595
6.40541
6.51351
6.54667
6.41892
6.42667
6.40541
6.52703
40.77333
195.48101
188.01266
169.61250
6.37838
6.42667
6.44595
6.44000
6.55405
6.55405
6.49333
6.33784
6.45946
6.33333
6.36486
128.18182
191.16456
184.79747
85.34615
6.37838
6.38667
6.37838
6.33784
6.14865
6.28378
6.36486
6.48000
6.42857
6.29730
40.62667
195.00000
187.88608
167.11392
6.37333
6.37838
6.16000
6.21622
6.37838
6.57333
6.24324
6.32432
6.40000
6.41892
6.31081
119.55844
191.79747
185.66250
98.32468
6.41892
6.41892
6.41333
6.60811
6.67568
6.54667
6.44595
6.37838
6.36486
6.40541
6.45946
215.95000
189.10127
184.31646
29.89333
6.58667
6.63514
6.58108
6.55405
6.56757
6.47297
6.52703
6.35135
6.56757
6.50667
113.23684
191.96250
185.81013
114.16883
6.51351
6.60000
6.68919
6.77027
6.64865
6.72973
6.59459
6.68000
6.67568
6.56757
48.57333
195.37975
188.10127
174.56962
6.61333
6.63514
6.56000
6.58108
6.75676
6.61333
6.58108
6.47297
6.72000
6.55405
6.48649
167.49351
191.63750
187.00000
0.00000
0.00000
0.00000
0.00000
0.00000
0.00000
0.00000
0.00000
0.00000
0.00000
0.00000
0.00000
0.00000
0.00000
0.00000
0.00000
0.00000
0.00000
0.00000
0.00000
0.00000
0.00000
0.00000
0.00000
0.00000
0.00000
0.00000
0.00000
184.34091
111.61039
6.20270
6.21622
6.09333
6.13514
6.18919
6.16000
6.27027
6.24324
6.10667
6.17568
29.89333
196.15190
188.16456
183.36250
8.48649
6.10811
6.12000
6.23077
6.23750
6.16456
6.18987
6.20253
6.18987
6.27848
6.36709
133.66250
192.24051
187.20000
109.12658
6.48101
6.56962
6.65823
6.53750
6.58228
6.48101
6.46835
6.48750
6.49367
6.74684
44.82278
196.50633
188.49367
183.83544
8.91139
6.87342
6.68750
6.73418
6.60759
6.67089
6.77500
6.70886
6.81013
6.79747
6.86076
102.37975
192.30000
186.68354
116.10127
6.81013
6.81013
6.82500
6.81013
6.82278
6.88608
6.87342
6.91139
6.80000
6.86076
20.67089
197.01250
188.50633
182.63291
6.94937
6.88608
6.92405
6.91250
6.93671
6.93671
6.92405
6.83544
6.92405
6.87500
6.93671
140.92405
190.59494
184.81250
67.52564
6.92500
6.91139
6.94937
6.82278
6.92405
6.84810
6.91250
6.91139
6.84810
6.89873
71.01266
192.96203
280.48101
428.97500
429.77215
247.59494
7.00000
7.00000
7.00000
211.62500
200.68354
195.12658
191.17949
187.43750
184.26582
133.86250
6.87342
6.87342
6.82278
6.65823
6.66250
6.55696
6.68354
6.55696
6.60000
6.45570
6.41772
6.34667
123.28205
196.88608
192.77922
185.26582
181.60759
121.96203
6.31646
6.28750
6.10127
6.06329
6.07595
6.70000
6.72368
6.31081
6.27027
126.50649
190.96203
184.97500
180.84810
81.19737
6.37838
6.35135
6.30667
6.33784
6.42667
6.41892
6.40000
6.43243
6.25676
6.18919
6.38667
125.59740
191.15190
185.11392
181.13924
64.79221
6.41892
6.48649
6.45946
6.32000
6.39189
6.35135
6.24324
6.30667
6.27027
6.29730
6.30667
6.21622
44.68421
195.21519
188.25316
183.75949
158.63750
6.56757
6.52000
6.56757
6.60811
6.57333
6.58108
6.67568
6.81333
6.89189
6.82432
6.84000
6.85135
53.17333
194.44304
187.60759
183.32911
146.51282
6.79730
6.66667
6.70270
6.78667
6.81081
6.71622
6.72000
6.72973
6.82432
6.85333
6.79730
6.87838
6.73333
45.82667
195.32911
188.27848
183.57500
178.18987
6.77333
6.71622
6.85135
6.84000
6.87838
6.93243
6.90667
6.79730
6.81081
6.81333
6.90541
6.75676
6.90667
12.70270
198.91139
189.53165
183.98750
181.55696
48.34667
6.89333
6.83784
6.81081
6.92000
6.90667
6.83784
6.90667
6.82432
6.87838
6.85333
6.93243
6.82432
47.76316
195.29114
188.46835
183.40506
180.84810
18.40000
6.86667
6.91892
6.85135
6.84000
6.85135
6.87838
6.98667
6.93243
6.90541
6.93333
6.77027
6.89189
6.83784
171.25316
190.55696
184.73418
182.20253
84.13750
6.70886
6.67089
6.73418
6.86076
6.93671
6.66250
6.62025
6.67089
6.84810
6.77215
6.59494
6.60759
6.61250
102.02532
193.11392
186.62025
182.82278
142.86076
6.26582
6.30000
6.51899
6.50633
6.46835
6.62025
6.65823
6.51899
6.50633
6.43750
6.40506
6.41772
6.32911
55.51899
194.51899
187.60000
183.12658
169.07595
6.50633
6.44304
6.37500
10.20779
6.77333
7.53947
4.92000
8.00000
5.79747
5.22785
31.15000
196.10390
188.40260
182.07595
163.61039
5.19231
5.84211
5.76923
5.53165
6.50000
6.42667
6.48684
6.74026
7.00000
7.00000
7.00000
7.00000
6.98750
7.00000
186.41250
190.50633
184.92405
181.46835
46.08861
6.94937
6.97500
6.94937
6.97468
6.94937
6.97468
6.97468
6.97500
6.96203
6.98734
6.92405
6.94937
6.96203
112.39241
193.05000
186.59494
182.45570
114.41772
6.97468
6.98734
6.97468
6.97468
6.95000
6.98734
6.96203
6.92405
6.96203
7.00000
6.96203
6.98734
6.93750
6.98734
191.59494
189.45570
184.01266
181.06329
35.06250
6.93671
6.98734
6.96203
6.91139
6.96203
6.93671
6.98750
6.97468
6.97468
6.96203
6.96250
6.97468
6.97468
71.15190
193.97468
186.82278
182.95000
133.98734
6.93671
6.92405
6.92405
7.00000
6.97468
6.97468
7.00000
6.97468
6.98734
7.00000
6.97468
6.93671
7.00000
80.78481
193.02532
186.47500
182.25316
101.00000
6.92405
6.92500
6.97468
6.96203
6.98734
6.97468
6.92405
6.89744
6.97403
6.62667
137.07692
192.74359
186.32911
128.62025
6.49367
6.67089
6.88750
6.84810
6.77215
8.83333
6.69620
6.63750
8.34615
6.68354
6.54430
8.80000
196.60526
197.84416
190.02564
169.46154
6.28000
6.38158
6.46753
6.30667
6.46053
6.48684
6.36842
6.32895
6.37333
6.37662
6.37662
6.46053
6.93671
6.97468
6.94937
6.98750
6.51899
6.73418
6.98734
6.81579
6.64865
6.62162
246.96203
194.16456
188.59494
184.83544
52.88158
6.64000
6.64000
6.78378
6.78378
6.71622
6.62162
6.67568
6.73333
6.77027
6.78378
6.83784
74.05263
208.14103
197.48101
191.05063
188.91139
184.87342
182.30380
149.32911
6.84810
6.87342
6.86250
6.79747
6.82278
6.87179
6.88608
71.91139
191.34177
185.76250
182.56962
124.71795
6.81081
6.75676
6.73333
6.71622
6.78378
6.82432
6.77027
10.00000
6.84000
178.69231
188.94937
184.60000
155.02532
6.79730
6.78378
6.79730
6.66667
6.83784
6.89333
6.91892
6.87838
6.85135
6.93333
42.38667
199.07595
189.64557
184.56962
174.40000
6.53165
8.11392
6.54430
6.70000
6.59494
6.59494
6.55696
6.51250
6.58228
6.63291
6.55696
6.48101
6.50633
6.40506
6.40000
6.48101
6.58228
6.49367
6.50633
6.35443
161.28750
194.45570
188.67089
184.88608
182.12658
30.68354
6.64557
6.63291
11.83544
6.78205
6.81013
54.93671
310.88750
425.02564
426.78750
235.01299
7.00000
7.00000
30.68354
213.50633
203.53165
198.34177
194.77215
191.14865
186.94872
186.83784
184.33333
182.86486
23.57895
5.32432
6.08861
5.69231
4.25316
3.60000
4.07595
4.30000
3.84810
5.98701
5.96053
6.60256
6.51899
6.88608
6.97468
6.36364
121.47368
195.64103
190.33333
186.45946
183.68919
41.17949
6.78481
6.58750
6.36709
6.75949
6.68354
6.65823
6.72500
6.73418
6.69620
6.69620
6.67500
51.82051
196.48750
190.43038
185.70886
160.81013
6.73418
6.65823
6.50633
6.61250
6.64557
7.43038
6.81250
6.83544
6.83544
6.73418
6.91139
6.97468
6.95000
6.96203
6.92405
6.87342
6.94937
44.01266
198.73418
192.32911
187.56250
183.69620
84.58228
6.98734
6.97500
6.98734
6.98734
6.96203
6.98734
6.88750
6.94937
6.87342
6.94937
6.87342
168.74684
191.78750
186.08861
183.88608
18.07595
6.93671
6.91139
6.97468
6.91250
6.98734
6.96203
6.97468
6.96203
6.98750
7.00000
7.00000
6.94937
6.97468
6.96203
7.00000
6.98734
6.97500
191.02532
193.11392
187.74684
184.27848
84.46835
6.97468
6.93671
6.98750
6.98734
6.94937
6.94937
6.98734
81.45570
192.16250
185.67089
149.41772
6.94937
6.93671
7.00000
7.00000
6.96203
6.90000
6.91139
6.89873
6.92405
6.91250
6.93671
6.93671
6.82278
6.75949
6.88750
6.85897
101.30380
196.67089
198.20513
195.29870
187.58974
142.68354
6.64557
6.68354
6.55000
6.60759
6.41772
6.40506
6.41772
6.35000
6.53165
6.41772
6.33750
6.39241
6.49367
6.46835
6.45000
6.40506
6.46835
6.46835
60.08974
197.66234
191.18987
185.79221
184.55128
6.12658
6.24359
6.35897
12.82278
7.46154
7.79747
80.39241
193.16456
186.70000
69.37975
6.82278
6.86076
6.50000
6.21519
6.36709
6.35443
6.31646
6.20000
6.24051
6.27848
6.22785
6.25316
6.24051
6.44304
6.58228
6.57500
6.65385
85.24051
199.07595
192.18750
187.31646
168.30380
6.49367
6.44304
6.43038
6.50633
6.46250
6.54430
23.20253
195.51899
187.73750
122.43038
11.81818
7.30380
6.16456
6.34177
6.27848
6.16250
6.26582
6.40506
6.36709
6.51899
158.49367
196.13924
189.36709
185.03750
31.03797
6.39241
6.30380
6.46835
7.01266
6.61250
6.65823
6.58228
6.49367
6.53165
6.62025
6.55000
41.94937
200.41772
192.20253
186.84810
155.11392
6.58750
6.75949
6.62025
6.70886
6.63291
7.52500
70.10127
199.86076
192.01266
186.77215
187.53750
38.06329
6.49367
6.56962
6.53165
6.38750
6.54430
6.53165
6.49367
6.45570
6.44304
6.33750
6.37975
6.45570
6.37975
6.26582
6.39241
6.16250
6.18987
6.27848
121.25316
198.17500
192.65823
187.74684
188.77215
109.78481
6.40000
7.34177
6.15190
9.06329
10.72152
96.34177
202.43590
190.48101
187.39241
184.40506
11.80519
6.18987
5.49367
5.24051
7.29487
10.86076
6.20253
116.56962
194.11250
188.00000
184.49367
188.41558
52.91026
6.81013
6.65823
6.69620
6.78750
6.67089
6.73418
6.77215
6.68750
6.74684
6.72152
6.79747
6.51899
6.55696
6.53750
6.55696
6.49367
6.48101
6.49367
6.66250
6.65823
105.06329
201.07595
194.88750
190.10127
187.05063
185.27848
140.75949
6.15789
6.08000
6.00000
6.00000
6.00000
6.00000
6.55844
36.41772
195.30380
189.70513
185.68831
119.70513
6.23684
6.05263
6.40789
6.96203
6.90000
6.93671
6.84810
6.00000
6.00000
6.00000
6.76923
6.98734
6.98750
6.89873
6.96203
6.94937
6.98734
7.00000
7.00000
168.89873
195.87500
191.37975
187.30380
183.50633
107.35443
6.98734
6.97500
6.96154
6.97500
6.97468
6.97468
6.97468
55.05000
194.15190
188.56962
184.65823
82.37975
6.98734
6.95000
6.98734
6.98734
6.98734
7.00000
6.98734
6.97468
6.98734
6.91139
6.98734
6.97468
6.97500
6.98734
6.97468
6.97468
6.96250
6.94937
6.98734
19.11392
203.20253
194.22500
189.72152
185.41772
182.75949
28.93750
6.93671
7.00000
6.92405
6.98734
6.98734
7.00000
38.82278
194.10127
188.24051
184.11392
50.90000
7.00000
6.98734
7.00000
6.98734
6.98734
6.96203
6.96250
6.94937
6.96203
7.00000
6.98734
6.94937
6.98750
6.92308
6.97500
6.86076
6.82278
147.52564
197.38462
192.21622
186.64865
183.48649
53.66667
6.65000
6.41772
6.55696
6.64557
7.59494
7.07500
6.08000
198.51899
290.37975
428.03750
428.30380
339.14103
7.00000
7.00000
36.26582
213.36709
202.10127
196.79747
193.50000
190.32911
187.06329
184.29114
182.18750
13.43038
7.82278
9.39241
8.39241
10.94937
6.83544
6.77215
6.81250
39.39241
199.48052
192.34177
187.50633
184.11392
73.31646
4.10256
6.56962
6.89873
6.84810
9.92405
6.78481
5.81013
6.64557
6.75000
6.83544
6.83544
6.88608
7.77215
11.81013
8.30000
9.49367
203.86076
194.84810
190.35443
186.93671
184.16250
13.60759
6.93671
6.88608
6.89873
6.82278
7.16456
9.19231
10.46835
6.86250
6.91139
6.91139
6.97468
6.98734
7.00000
6.94937
6.96203
6.91139
156.80000
196.24051
191.50633
187.54430
183.97500
75.62025
6.96203
6.94937
6.98750
6.96203
6.96203
6.98734
6.96203
6.88608
6.96203
6.87500
6.96203
6.91139
6.87342
6.87500
6.92405
6.89873
6.73418
6.82278
100.12658
197.62025
192.20000
188.00000
184.55696
115.00000
6.81013
6.73418
6.82278
6.86076
6.82278
6.81013
6.70000
12.34177
6.77215
8.36709
6.73418
6.70886
6.75000
8.10127
6.58228
96.23377
197.07792
191.00000
186.53333
183.76316
71.80000
6.00000
6.38462
6.54430
6.50633
6.46835
6.29870
6.00000
110.77632
216.49367
211.06494
199.16216
193.35135
188.75949
72.21519
6.22785
6.22785
6.46154
5.10127
2.00000
45.76923
198.89744
196.63291
190.34211
130.36364
6.25316
6.11392
8.32911
7.79747
8.81013
6.11250
151.58974
197.23750
191.05063
116.44304
6.54430
6.45570
6.51899
6.25316
6.40506
6.53750
61.12658
196.62025
193.86076
126.72152
6.59494
6.68354
6.75000
6.83544
6.86076
6.77215
33.12658
199.49367
191.94937
95.28750
6.88608
6.87342
6.94937
12.25974
6.83544
6.83544
93.69620
196.08750
190.27848
25.16456
6.88608
6.79747
6.91139
6.93671
6.96203
6.92405
15.18750
200.50633
192.10127
80.44304
6.98734
6.96250
6.96203
6.97468
6.94937
6.97468
6.98734
115.81013
194.76250
161.35443
6.98734
6.96203
7.00000
7.00000
6.97468
7.00000
6.94937
123.58750
193.54430
124.29114
6.97468
6.97468
6.98734
7.00000
6.98750
6.98734
7.00000
155.24051
192.37975
82.48101
6.97468
6.97500
6.97468
6.93671
6.93671
6.97468
6.98734
113.91250
193.67089
124.49367
6.97468
6.98750
6.94937
6.97468
6.96203
6.97468
7.00000
55.83544
198.07500
190.34177
16.05063
6.96203
6.96203
6.98750
7.00000
6.97468
6.97468
6.96203
131.78481
193.01250
94.20253
6.97468
7.00000
6.96203
6.97468
6.96203
6.98734
6.98734
36.66250
197.05063
190.25316
6.94937
6.93671
6.85000
6.86076
6.74684
6.86076
6.82278
6.94937
105.60759
193.80000
117.31646
6.79747
6.63291
6.55405
8.31579
6.56410
6.35443
6.49367
6.57692
179.95946
193.41026
101.46835
6.59494
6.59494
6.63291
6.67089
6.72500
6.82278
6.88608
42.75949
198.41772
190.56250
6.82278
6.83544
6.86076
6.88608
6.86076
6.88608
6.90000
6.84810
119.69620
193.21519
93.86076
6.70886
6.72152
6.68354
6.75949
6.61250
6.72152
6.59494
15.89873
199.91139
190.29114
6.73750
6.65823
6.62025
6.70886
6.72152
6.70886
6.76250
6.83544
124.25316
193.67500
101.31646
6.74684
6.72152
13.93671
6.69620
6.63291
6.76250
43.07595
199.27848
190.78481
11.11392
6.53165
6.54430
6.70000
6.72152
6.72152
6.82278
6.72500
105.94937
194.37975
113.16456
6.72152
6.75949
6.82500
6.65823
6.69620
6.78481
6.81250
6.83544
214.17722
191.39241
32.15190
6.79747
6.88608
6.81013
6.87342
6.93750
6.86076
6.93671
77.11392
195.83544
140.89873
7.88608
7.97436
6.91139
6.83544
6.83544
6.84810
6.88608
54.70886
197.31250
174.05063
6.75949
6.84810
6.81013
6.83544
6.91139
6.83750
6.77215
6.67089
41.46835
197.82278
181.71250
6.81013
6.82278
6.70886
6.74684
6.74684
6.55696
6.61250
6.69231
46.72500
197.27848
176.30380
6.59494
6.43038
6.54430
7.67500
7.21519
6.70886
6.72152
6.59494
90.07595
197.55000
190.84810
54.76923
6.27848
6.44304
7.29114
8.27848
6.80000
6.26582
42.37975
206.89744
196.74684
190.40000
103.57692
6.37975
6.18750
7.15190
6.17722
6.63291
2.60759
4.97468
54.36709
200.37179
199.02532
190.17722
112.54430
5.36709
6.40506
5.31646
5.48718
6.51899
5.77500
6.05063
6.48101
83.89873
200.10000
194.84810
190.01266
52.39241
6.51899
8.94937
7.42105
6.62025
8.24051
6.67089
6.63291
104.56962
292.26582
426.96250
427.12658
352.01266
7.00000
7.00000
13.64557
218.66250
207.05063
201.41772
197.69620
194.34177
190.81013
188.25000
86.60759
6.92405
6.92405
6.94937
6.87500
6.96203
6.94937
7.00000
6.97468
163.78481
195.79747
190.47500
125.50633
6.97468
6.98734
6.98734
6.98734
6.96250
6.98734
7.00000
71.10000
199.40506
192.40506
112.25316
6.97500
7.00000
6.98734
6.97468
6.98734
6.97468
6.98734
100.15190
194.63750
189.13924
13.86076
6.97500
6.98734
7.00000
6.97468
7.00000
7.00000
7.00000
7.50633
6.98734
190.58228
193.42500
148.03896
6.10390
6.06667
6.55844
6.98734
6.98734
6.97468
6.79747
6.00000
6.00000
6.13158
174.60759
194.53165
188.93671
6.87500
6.93671
6.84810
6.91139
6.93671
6.93671
7.00000
6.98734
6.93750
6.97468
122.44304
194.83544
189.82278
29.78481
6.96203
6.94937
6.95000
6.96203
6.97468
6.89873
6.86076
6.84810
6.92405
75.36250
196.47436
190.62025
70.00000
6.78481
6.71429
6.53947
6.75641
6.58228
6.37975
62.12821
196.68919
190.18667
43.82051
6.79747
6.37662
6.35526
6.70886
6.83750
6.79747
6.88608
6.84810
7.86076
174.87342
193.97468
170.46835
6.92000
6.93243
6.97297
6.91892
6.89333
6.85135
6.95946
6.94667
6.97297
97.17105
195.50000
189.43038
19.01351
6.90541
6.97333
6.89189
6.95946
6.90667
6.94595
6.95946
197.88750
190.68354
57.45333
6.84000
6.85135
6.91892
6.97333
6.93243
6.97297
6.93333
6.94595
6.95946
6.92000
196.82278
192.31646
99.71795
6.93151
6.86486
6.85333
6.86486
6.85135
6.94667
6.85135
111.90909
193.78481
144.83544
15.48101
6.93243
6.87838
6.82432
6.86667
6.87671
6.81081
6.86667
6.84932
6.67568
197.55696
192.68354
111.61538
6.81333
6.81081
6.86486
6.81333
6.91892
6.91892
6.92000
6.86486
6.86486
100.53247
195.49367
189.41772
9.39189
6.93333
6.91892
6.86486
6.86667
6.89189
6.93243
6.84000
6.82432
106.02597
194.56962
168.32911
6.81081
6.82667
6.75676
6.83784
6.86486
6.79730
6.85135
6.86667
6.89189
204.56962
192.27848
88.90909
6.89189
6.87838
6.77027
6.78378
6.79730
6.78378
6.75676
6.85135
6.86486
117.45455
194.15190
158.58974
6.78378
6.89189
6.65333
6.81081
6.78378
6.62667
6.58108
73.76316
194.82278
159.03797
6.74684
6.78481
6.93750
6.92405
6.79747
6.68000
6.71622
6.68000
6.75676
6.82432
77.00000
196.45000
189.73418
18.54667
6.52703
6.62162
6.60000
6.64865
6.56579
6.16456
8.78750
199.55696
190.30380
31.13924
11.75949
10.70886
6.18987
7.62025
6.72727
6.35443
112.83544
196.49367
188.13750
6.34177
6.36709
6.53165
6.50633
6.45570
6.35000
6.44304
6.35443
6.45570
6.51899
6.56962
160.40000
194.84810
166.63291
6.50633
6.68354
6.67089
6.66250
6.65823
6.70886
11.39744
113.07692
199.13924
192.02532
50.56962
6.83750
6.86076
6.83544
6.93671
6.87342
39.07595
196.81250
191.10127
34.49367
6.94937
6.96203
6.89873
6.94937
6.91250
6.87342
88.20253
195.21519
176.12658
6.96203
6.96203
6.97468
6.93671
6.96203
6.91250
6.94937
76.32911
195.34177
185.56962
7.00000
6.98750
7.00000
6.96203
6.96203
6.92500
6.93671
37.00000
196.96203
190.93671
39.07595
6.98734
6.97500
6.97468
7.00000
6.97468
6.97468
6.92500
157.62025
192.60759
99.07595
6.97468
6.96203
6.98750
6.98734
6.98734
7.00000
6.97500
74.61538
195.11250
175.60759
6.97468
6.96203
6.96250
6.96154
6.98734
6.97500
6.98734
6.97468
184.97468
192.11392
69.18987
6.98750
6.91139
6.94937
6.89873
6.88750
6.94937
6.98734
6.92405
6.87342
65.06329
196.83544
190.65823
43.49367
6.95000
6.89873
6.91139
6.96203
6.91139
6.86076
33.68750
196.87342
190.12658
20.53165
6.89873
6.82500
6.75949
6.62025
6.73418
6.72152
6.67089
214.64557
191.92208
190.51282
15.83750
6.81013
6.78481
6.75949
6.60759
6.87342
6.75000
6.87342
6.86076
6.83544
6.82278
49.89873
199.43038
197.17722
199.32895
112.81013
8.42500
6.87342
6.84810
6.88608
6.92500
6.91139
6.81013
6.70886
6.77215
51.86076
197.70886
191.21519
99.00000
6.78481
6.82278
6.70886
6.62025
6.69620
6.57500
6.63291
139.51899
193.29114
155.68354
6.50000
6.65823
6.64557
6.64557
6.69620
6.68354
6.73418
6.60000
197.91139
190.83544
79.94805
6.55405
6.58667
6.72973
6.67568
6.81333
6.66216
6.74324
66.35526
195.63291
189.02532
25.80263
6.89189
6.85135
6.84000
6.82432
6.79730
6.84000
6.94595
106.71053
194.07500
167.74684
6.71622
6.73333
6.71622
6.78378
6.86667
6.68493
6.86842
6.83544
131.67089
193.31250
144.75949
6.88608
6.82278
6.81250
6.91139
6.89873
6.87342
6.91139
6.81250
151.05063
193.01266
132.82278
6.88750
6.89873
6.83544
6.91139
6.81013
7.83544
6.89873
109.36250
358.64557
428.13924
426.32911
113.03797
7.00000
7.00000
71.74684
212.32911
207.75000
200.48101
196.39241
193.20253
189.84810
187.31250
74.64557
6.89873
6.78481
6.91139
6.92500
6.87342
6.89873
34.26582
197.70886
191.97468
187.00000
31.75949
6.94937
6.79747
6.72500
6.69620
6.70886
6.78481
6.64557
116.12500
194.58228
188.88608
88.98734
6.64557
6.84810
6.62025
6.37975
6.60000
6.48101
6.49367
97.83544
195.59494
189.95000
103.43038
6.25316
6.25316
6.21519
6.22785
6.30380
6.35443
6.30380
6.21519
143.06250
193.88608
188.18987
49.51899
6.30000
6.32911
6.26582
6.37975
6.36709
6.56962
6.51250
7.05128
196.41772
192.27848
188.83544
67.94937
6.61250
6.53165
6.70886
6.65823
6.65823
6.68354
6.67089
6.59494
96.81013
195.29114
189.36250
73.53846
6.83750
6.96203
6.96203
6.86076
6.92405
6.82278
6.85000
6.87342
136.62025
193.83544
188.02500
25.03797
6.98734
6.97468
6.93671
6.98734
6.96203
6.96203
6.97468
7.00000
184.73750
192.03797
159.65823
6.95000
6.98734
6.97468
6.98734
6.97468
6.97468
7.00000
6.98750
57.49367
196.87342
190.30380
105.55000
7.00000
6.98734
6.98734
6.98734
7.00000
6.97468
7.00000
7.00000
93.12658
194.49367
188.85000
47.77215
7.00000
7.00000
6.96250
7.00000
7.00000
7.00000
7.00000
7.00000
165.48750
192.24051
150.27848
6.98734
6.97468
7.00000
6.97500
7.00000
7.00000
6.96154
6.97468
68.93671
195.22785
189.21519
57.00000
6.98734
6.98734
6.98750
7.00000
7.00000
6.97468
6.98734
6.98750
177.98734
191.84810
132.31646
6.98734
6.96250
6.94937
6.92405
6.92405
6.98734
7.00000
6.93671
85.60759
194.44304
188.27500
20.39241
6.94937
6.92405
6.92405
6.81013
6.73750
6.84615
6.77027
27.50667
203.64935
195.15385
188.03797
22.60759
6.73418
6.69620
6.70000
6.89873
6.78481
6.73418
6.79747
6.79747
186.90000
191.51948
125.68831
7.46250
6.78481
6.83544
6.84810
6.95000
6.94937
6.96203
6.89873
6.92405
6.93671
41.51250
197.89873
191.29114
114.08861
6.87500
6.87342
6.81013
6.91139
6.87342
6.89873
6.91250
6.87342
165.00000
191.68354
123.24051
6.87500
6.83544
6.87342
6.93671
6.92405
6.89873
6.97468
6.92405
129.61538
191.94937
151.89744
6.23377
5.59211
6.36842
6.52000
6.61039
7.03896
10.89744
41.61039
200.00000
192.10127
136.81013
6.97500
6.98734
7.00000
7.00000
6.96203
6.89873
8.26582
6.81250
6.77215
6.88608
78.84810
197.02532
190.79747
117.22500
6.86076
6.84810
6.86076
6.94937
6.91139
6.93671
6.93671
6.94937
146.27848
193.41250
178.59494
6.93671
6.89873
6.91139
6.94937
6.98750
6.93671
6.86076
6.98734
6.92405
6.87342
6.88608
161.83750
194.40506
188.53165
31.82278
6.86076
6.79747
6.88750
6.91139
6.89873
6.87342
6.92405
56.62025
196.28750
190.20253
81.96203
6.83544
6.88750
6.94937
6.87342
6.89873
6.92405
6.82278
6.89873
6.88750
7.94937
82.84810
197.81013
191.59494
132.29114
6.73750
7.88608
8.37975
6.87342
6.78481
6.87342
6.88750
6.89873
6.89873
6.77215
93.60759
215.36709
218.08750
201.68354
194.48101
188.77500
149.08861
6.81013
6.81013
6.81013
6.75949
6.78750
6.75949
6.60759
85.41772
198.69620
194.35443
191.84211
134.02632
6.35443
6.19737
6.00000
6.09211
6.32500
6.36709
6.39241
6.36709
219.34667
194.14667
188.50667
115.06329
7.49367
6.41250
6.50633
6.53165
6.58228
6.56250
6.55696
6.58228
6.36709
6.40506
162.05000
194.51899
188.79747
129.61250
6.56962
6.70886
6.81013
6.87500
6.81013
6.86076
6.84810
6.89873
6.86250
6.81013
106.29114
200.86076
191.88750
186.59494
33.89873
6.83544
6.93671
6.96203
6.88608
6.92405
9.46835
8.95000
76.26582
197.05063
190.91139
181.78481
6.98734
6.93671
6.96203
6.96250
6.98734
6.98734
7.00000
6.91139
6.96203
6.93750
6.98734
137.96203
195.08861
189.18987
142.44304
6.97468
6.97500
6.97468
6.97468
7.00000
6.98750
7.00000
7.00000
7.00000
7.00000
127.22785
194.44304
189.05000
108.51899
6.97468
7.00000
6.97468
7.00000
6.97468
7.00000
7.00000
6.98734
6.97468
26.43038
198.70886
191.07500
186.67949
9.25000
6.98734
6.98734
6.97468
7.00000
6.98734
7.00000
6.98750
6.93671
6.98734
107.83544
194.41772
266.40506
438.98734
440.25316
391.16250
7.02532
7.01266
7.01266
198.63750
204.55696
198.73418
195.00000
191.06329
187.86076
142.73418
6.96203
6.97500
6.98718
7.00000
6.97500
6.92405
7.46667
9.36709
6.73418
18.31646
204.00000
195.00000
189.84615
174.65823
7.34177
6.56962
6.58228
6.48101
6.50633
6.48750
6.58228
6.62025
6.65823
6.67089
135.65000
195.15190
190.40506
168.02564
6.74684
6.73418
6.65823
6.63291
6.48101
6.50633
6.47500
6.40506
6.43038
6.45570
121.78481
194.08861
188.37975
106.81250
6.39241
6.35443
6.27848
6.27848
6.22785
6.15000
6.31646
6.30380
6.20253
6.22785
179.75949
192.30000
186.69620
54.77215
8.22500
7.31646
6.50633
6.37975
6.46835
6.34177
6.35443
145.31646
195.64557
189.83750
119.12821
6.48101
6.38750
6.39241
6.37975
15.11392
6.45570
9.07500
31.26582
199.51899
192.68354
187.08750
24.46835
6.41772
6.31646
6.41772
9.51899
6.62025
8.68354
6.77500
6.62025
6.35443
6.54545
167.79747
195.07500
189.44304
117.88608
6.58228
6.53165
6.56962
6.59494
6.59494
6.80769
6.77027
6.85135
6.69333
6.73973
197.07595
193.49367
188.08750
63.42105
6.81333
7.37838
9.42105
6.70130
6.78082
6.58108
28.92000
201.29114
194.63291
188.96203
131.01282
6.81081
6.78667
6.75676
6.60811
6.71622
6.68000
6.66216
6.60811
6.68000
203.91139
193.34177
188.16456
105.38462
6.67568
6.64000
6.47297
6.66216
6.52703
6.67532
6.59494
6.72152
76.17722
196.58750
190.97468
186.54430
20.01266
6.59494
8.05063
6.55000
6.41772
6.48101
6.43750
6.49367
6.35443
6.46835
151.54430
195.24051
189.58228
161.16456
6.35443
6.63750
6.22785
6.21519
6.22785
6.16456
16.55696
7.11392
185.55696
196.23750
190.75949
141.21519
6.36709
6.54430
6.62025
6.63750
6.53165
162.74684
193.22785
186.15000
6.72152
6.77215
6.64557
6.34177
6.41250
6.27848
164.17722
192.18987
141.73418
6.55696
6.53750
6.55696
6.65823
6.65823
6.73418
181.08861
191.51899
103.51250
6.55696
6.56962
6.67089
6.81013
6.83544
36.08861
196.03750
189.82278
47.89873
6.75949
6.83544
6.81013
6.81013
6.74684
97.74684
193.72152
163.25316
6.74684
6.87342
6.82500
6.77215
6.82278
6.92405
173.37975
191.08861
72.96203
6.96250
6.90476
6.94937
6.88750
6.86076
17.69620
198.01266
189.45570
27.20253
6.86250
6.88608
6.94937
6.97468
6.87342
112.50633
193.22785
120.40000
6.92405
6.93671
6.92405
6.88750
6.89873
6.96203
199.17722
190.22785
45.81013
6.97468
6.97468
6.94937
6.92500
6.93671
48.67089
194.41772
158.16456
6.86076
6.86076
6.89873
6.95000
6.91139
6.87342
108.62025
191.66250
93.63291
6.91139
6.84810
6.87342
6.88608
6.88608
6.87500
165.94937
189.94937
36.45570
6.92405
6.93671
6.97468
6.98734
6.97468
9.52500
198.72152
182.06329
7.00000
7.00000
6.98734
6.94872
6.93671
6.53247
4.75325
98.96053
192.79730
151.35897
5.29333
6.46753
6.93750
6.97468
6.86076
6.89873
6.83544
140.62025
191.35000
72.72152
6.87342
6.70886
6.70886
6.75949
6.51282
6.08108
6.05263
139.65333
191.51948
85.73333
6.00000
6.00000
6.53165
6.06329
6.15385
6.29487
6.06410
135.60759
191.37975
85.05128
6.40506
6.92405
6.97468
6.89873
6.97468
6.87342
6.85526
116.78947
194.10127
139.55696
6.38158
6.35443
6.34177
6.17722
6.26582
6.49367
6.35443
6.32911
151.97468
233.28750
221.56410
214.93590
201.92308
199.46154
194.24051
190.75949
190.16250
185.97468
184.35443
182.87342
181.40000
179.93671
69.92405
6.46835
6.62025
5.44872
5.66667
6.11392
7.00000
83.37662
194.08108
188.63158
185.56410
182.27027
180.77922
146.87179
6.63750
6.58228
6.68354
6.67089
6.72152
6.58228
6.65000
6.59494
38.45570
195.21519
189.51899
337.64557
421.50633
422.73750
281.27848
7.00000
7.00000
70.83544
209.93590
200.75949
196.89744
201.51282
208.64557
193.53846
192.19231
188.06329
185.70886
184.01250
140.17722
9.02532
7.00000
6.98734
7.00000
7.00000
9.02532
6.98734
79.53846
200.36709
192.62025
187.63291
183.87342
181.26923
18.55128
5.55844
6.02597
5.41026
6.94937
6.94937
6.89873
6.92405
6.91250
6.94937
107.15190
195.00000
189.11392
185.11250
176.13924
6.09333
6.16000
6.18667
6.27632
6.26667
6.21333
6.22667
6.74359
8.42500
162.66234
195.17333
190.81013
184.72000
190.48718
186.91139
138.45000
8.60759
9.02532
25.84211
8.68354
7.10127
6.00000
6.02667
177.18919
192.32432
186.43590
129.36709
5.86076
5.88608
6.00000
5.98649
6.00000
6.05333
6.08974
6.10667
6.11538
5.95946
6.00000
8.14865
6.00000
6.10127
100.85714
198.43038
192.92208
188.46053
185.36000
75.89873
6.22785
6.18987
6.26582
30.12658
46.03797
46.01266
238.53165
234.85000
232.77215
231.72152
230.93750
230.16456
229.96203
229.44304
229.25316
228.60000
228.10127
227.76923
227.30380
227.06329
226.85897
226.71250
226.35443
226.22581
225.79747
225.75000
225.53165
225.46835
152.87342
47.00000
37.21519
149.10000
187.86076
175.10127
6.78481
6.67089
6.66250
6.83544
6.92405
6.89873
6.83750
6.91139
6.91139
6.86076
6.91139
6.92500
6.89873
6.93671
6.92405
6.88750
6.91139
6.93671
6.92405
6.93671
6.91139
6.91250
6.88608
6.89873
6.96203
6.97468
6.94937
6.75949
6.81250
6.83544
6.84810
6.87342
122.85000
198.64557
193.08861
188.59494
185.66250
183.29114
13.53165
6.81013
6.79747
6.82500
6.92405
6.89873
6.92405
6.91139
6.93671
6.75949
36.25000
196.92405
190.37975
185.41772
173.64557
6.84810
6.84810
6.87342
6.87500
6.93671
7.00000
6.84810
6.91139
6.84810
6.81250
6.86076
162.39241
191.63291
186.11392
182.85000
11.22785
6.89873
6.75949
6.81013
6.78481
6.80000
6.68354
6.82278
6.67089
40.72368
131.06579
196.41250
190.40506
185.35443
156.74684
10.44304
7.23377
6.09091
6.38750
6.39241
6.51899
6.54430
6.68354
7.79747
6.81013
6.63750
6.69620
85.06329
197.01266
190.40506
185.31250
155.69620
6.68354
6.72152
6.88608
6.74684
6.79747
6.73077
0.00000
0.00000
0.00000
0.00000
0.00000
0.00000
0.00000
0.00000
0.00000
0.00000
0.00000
0.00000
0.00000
6.54545
6.45000
6.40506
6.53165
6.35443
6.27848
6.35443
6.48750
6.48101
201.64557
191.34177
185.91139
178.34177
6.39241
6.47500
6.43038
6.56962
6.50633
6.41772
6.52500
6.56962
6.46835
6.46835
6.46835
115.20253
204.68354
190.72500
185.12658
106.65823
6.32911
7.45570
6.85526
6.25676
6.33333
6.32432
6.36486
7.45333
15.73418
6.26250
153.64557
192.29114
186.45570
138.34177
6.31646
6.34177
6.34177
6.31250
6.36709
6.44304
6.54430
6.37975
6.37500
6.51899
6.39241
6.51899
162.15190
191.67089
186.39241
125.62500
6.40506
6.63291
6.54430
6.47500
6.34177
6.41772
6.45570
6.39241
6.39241
6.47500
6.29114
6.30380
141.91139
192.40506
186.92405
147.93750
6.40506
6.49367
6.60759
6.51250
6.50633
6.39241
6.36250
9.40506
10.98734
6.22785
200.92405
190.36250
184.75949
93.07595
6.15190
6.25316
6.31646
6.25316
6.25316
11.07595
18.79747
40.58442
198.80519
191.61842
188.92405
184.67500
312.06329
411.56962
412.59494
414.82051
161.29870
6.98750
39.73077
212.93333
202.18987
197.16250
197.27848
191.56962
187.72152
185.11392
111.75949
6.03797
6.01250
6.05128
6.02500
6.02532
9.13924
6.25641
6.10127
8.07595
126.58228
198.05063
196.63291
190.61250
187.01266
51.15190
6.07595
6.06329
6.10000
6.11392
6.12658
6.12658
6.51948
6.26582
6.27848
6.15190
6.25316
6.27848
6.25316
8.73750
6.26582
6.31646
6.29487
6.06579
6.03947
6.00000
6.00000
193.80519
196.15385
191.84416
188.17500
185.01266
35.78481
6.56962
6.00000
6.00000
6.00000
6.00000
6.41772
6.54430
6.64557
6.42500
6.56962
6.63291
23.53165
200.08861
193.41772
188.82278
185.64557
40.21250
6.91139
6.93671
6.89873
6.82500
6.82278
6.84810
6.82278
6.91139
6.95000
6.91139
6.91139
6.91139
6.96203
34.75949
199.51899
193.07595
188.78481
185.31250
49.49367
6.93671
6.94937
6.96203
6.96203
6.92405
6.93671
6.96250
6.94937
6.94937
6.96203
6.96203
6.92405
6.93671
116.12658
195.83750
190.59494
186.98734
123.46835
6.96203
6.92405
6.89873
6.91139
6.93671
6.88608
6.94937
6.96203
6.97500
6.94937
6.96203
6.94937
6.93750
6.82278
181.86076
194.83544
189.77215
185.87342
82.93671
6.79747
6.77215
6.79747
6.84810
6.72152
6.69620
6.62025
6.66250
6.73418
6.79747
6.70886
6.64557
6.48101
12.27848
204.20513
195.02632
191.94595
196.28000
185.60000
124.72368
6.03797
7.08974
10.22785
6.25316
6.22785
6.02532
6.22785
5.70513
107.16216
193.32895
187.65789
183.70130
48.74359
7.51899
6.46250
8.69231
6.43421
6.54667
6.45205
6.32000
6.34667
6.35616
6.45333
83.86842
196.00000
189.94937
185.11392
101.51282
6.32432
6.17568
6.17568
6.16000
6.25333
6.21622
6.23288
6.29730
6.20270
6.06667
80.82895
195.32911
189.12658
184.65823
68.06494
6.06757
6.10811
6.10811
6.12000
6.09459
6.14865
6.06667
6.12162
6.06757
6.12000
35.76000
198.26582
191.31646
186.02532
121.49351
6.71622
6.56000
6.60811
6.54054
6.40541
6.36486
6.28378
6.25333
6.31081
6.25676
6.21622
155.56410
193.68354
187.74684
184.51899
15.98667
6.37838
6.39189
6.27027
6.36000
6.33784
6.47297
6.38667
6.29730
6.31081
6.37333
32.53333
198.84416
0.00000
0.00000
0.00000
0.00000
0.00000
0.00000
0.00000
0.00000
0.00000
0.00000
0.00000
0.00000
0.00000
0.00000
0.00000
0.00000
