81.11538
80.85000
80.51899
79.67532
80.61538
80.70886
80.58228
80.21519
80.03797
79.96250
80.02532
80.98734
81.05063
81.49367
81.91250
82.00000
81.06329
80.62025
80.33750
80.39241
81.03797
81.13924
81.15190
81.22785
81.34177
80.92405
81.01266
80.57500
80.77215
80.84810
80.88608
80.74684
80.91139
80.83544
80.96203
80.91139
81.03750
81.24051
34.02532
2.00000
1.54667
1.40541
1.44000
1.42466
1.43243
1.40000
1.47297
1.48649
1.68421
2.00000
2.00000
1.65385
1.43243
1.45946
1.44595
1.52941
1.56140
1.48649
1.62162
1.56757
1.77632
2.00000
2.00000
1.82051
1.58108
1.59459
1.61842
2.62821
2.25316
2.21519
2.00000
2.00000
1.50649
1.13514
1.18919
1.09459
1.14865
1.16216
1.10811
1.14103
1.24051
1.26582
2.00000
2.00000
2.00000
1.70886
1.54430
1.57500
1.48101
1.64557
1.41772
1.12658
1.15190
1.24051
1.19737
1.16456
1.15190
1.15190
1.10127
1.92405
2.00000
1.89873
1.94937
1.24051
1.12500
1.15190
1.11392
1.00000
57.75949
1.01266
1.52564
1.69231
0.43590
1.12658
0.88608
0.78481
0.93671
0.81250
0.91026
0.79747
1.13924
1.00000
1.00000
1.16456
1.60759
1.13924
1.11392
1.13750
1.10127
1.25316
1.29870
1.36364
1.39744
1.92308
2.78667
2.89189
2.90541
3.72973
8.79730
2.46667
0.73750
0.83544
0.74026
1.02500
1.88462
1.94872
2.00000
2.23684
1.55263
0.79747
1.25316
1.74684
0.01250
0.35443
0.65823
1.50633
1.45000
1.52564
1.57500
1.55696
1.26582
57.79747
81.55000
81.98734
82.01266
82.01266
83.26667
81.93750
81.77215
81.65823
81.05063
81.07595
81.02532
81.03797
81.48101
81.67089
81.92405
81.96250
82.00000
82.00000
82.22785
82.98734
83.35000
83.26582
83.10127
82.48101
82.25316
82.03797
82.00000
82.00000
82.01266
82.00000
82.00000
82.00000
82.30380
83.00000
82.89873
82.43038
81.98734
82.00000
81.98734
81.96203
81.98734
81.98734
82.00000
82.03797
82.00000
82.00000
82.00000
82.68354
83.00000
82.96203
82.40506
82.02532
82.00000
82.00000
82.03750
82.00000
82.00000
82.00000
82.03797
82.25316
82.92405
82.97468
82.48101
82.00000
82.01266
82.02532
82.06329
82.00000
81.97468
81.98750
81.96203
82.00000
81.98734
82.06329
82.36709
82.88608
82.82278
82.05000
82.00000
82.00000
81.89873
81.70886
81.98734
82.00000
81.98750
81.98734
82.06329
81.98734
82.06329
81.36250
81.51899
81.25316
81.46835
129.59494
115.55696
81.77500
81.15190
80.93671
203.44304
286.94937
285.07595
282.15385
282.35065
272.10127
249.22785
1.93671
1.62025
1.52500
1.45570
1.15190
1.56962
1.63291
1.64557
1.66250
1.67089
1.97468
2.00000
2.00000
1.77215
1.75000
1.68354
1.59494
1.65823
1.65823
1.65000
1.62025
1.59494
1.89873
2.01266
2.01299
1.96203
1.68354
1.72500
1.68354
1.65823
1.43038
1.58750
1.55696
1.58228
1.59494
1.54430
1.52500
1.65823
2.00000
2.00000
2.02532
1.70000
4.67089
1.60759
1.64557
1.53165
1.65823
1.63750
1.68354
1.54430
1.60759
1.53165
1.86250
2.00000
2.00000
1.81429
1.74684
1.74684
1.62500
1.55696
1.59494
1.63750
1.58228
1.60759
1.58228
2.00000
2.03750
1.96203
1.51899
1.55696
1.56962
1.49367
1.53750
1.51899
1.61538
1.62500
1.56962
1.65823
1.54430
1.84810
2.00000
2.02500
1.74684
1.63291
1.63291
1.58750
1.60759
1.56962
1.70886
1.62025
1.66250
2.00000
2.02532
1.92405
1.64557
1.70000
1.54430
1.68354
1.01266
1.01266
1.07595
1.00000
1.03797
1.68354
2.02532
2.00000
1.35000
1.21519
1.11392
1.20253
1.18987
1.16456
1.30380
1.47500
1.27848
1.29114
1.40506
1.56962
2.00000
1.97468
1.58228
1.00000
1.05063
1.02532
1.01266
70.57500
80.93671
80.98734
80.98734
80.89873
81.03797
81.22500
81.26582
81.25000
0.00000
0.00000
0.00000
0.00000
0.00000
0.00000
0.00000
0.00000
0.00000
0.00000
0.00000
0.00000
0.00000
0.00000
0.00000
0.00000
0.00000
0.00000
79.90909
80.02532
80.00000
80.01266
80.06329
80.36709
80.84810
81.00000
80.98734
80.65385
80.70513
80.97468
80.97468
80.87342
80.89873
81.01266
81.00000
80.86076
80.02532
81.06329
81.00000
81.15190
80.51250
80.48101
80.62025
80.62025
80.96203
80.98734
81.00000
81.01282
81.01250
80.74684
80.96203
81.32911
81.27848
81.03797
80.98750
81.00000
81.02532
81.00000
81.00000
81.05063
81.22785
81.08861
81.10127
81.53165
82.01250
82.00000
81.98734
81.74684
81.82278
81.91250
82.00000
82.00000
82.01266
82.00000
82.02532
82.00000
82.16456
82.97468
82.54430
82.08750
81.58228
81.60759
81.69620
81.94937
81.94937
81.85714
81.51899
81.56962
81.83544
81.97468
81.97468
82.11250
82.04412
83.02532
83.01266
83.03797
82.01266
81.94937
81.89873
82.10127
82.25000
82.68354
82.63291
82.28750
82.17722
82.05063
82.01266
81.96203
81.93750
81.65823
81.92405
82.00000
82.00000
82.00000
82.00000
82.02532
82.00000
82.00000
82.39241
82.82278
82.32911
82.15190
81.88608
81.97500
81.73418
81.53846
81.33750
81.56962
81.69620
81.97468
82.37975
82.13924
82.01266
81.95000
81.94937
81.98734
81.98734
81.63291
80.22368
80.71795
80.94937
81.06410
81.24051
81.01266
80.26582
80.11392
80.30380
80.16456
80.01250
80.07595
79.85714
80.37500
80.70886
80.48101
80.45570
81.00000
81.20253
81.52500
81.06329
81.01266
58.15000
1.55696
1.63291
35.55000
83.06329
21.89873
1.51899
2.00000
2.00000
1.93671
1.71053
1.66667
1.66216
1.62162
1.64000
1.71622
1.60811
1.64865
1.65333
1.60811
1.59459
1.76000
2.01250
2.01266
1.96203
1.68919
1.59459
1.64865
1.60811
1.70667
1.71622
1.53333
1.63514
1.62162
1.76316
2.00000
2.00000
1.73684
1.70270
1.59459
1.65333
1.56757
1.63514
1.57333
1.54054
1.43243
1.58667
1.54054
1.72368
2.05000
2.00000
1.76623
1.50667
1.54054
1.55405
1.61333
1.56757
1.56757
1.62667
1.67568
1.54054
1.54667
1.88312
2.00000
2.05063
1.61333
1.47297
1.54667
1.59459
1.62162
1.69333
1.64865
1.59459
1.57333
1.59459
1.52703
1.80263
2.00000
2.03750
1.80519
1.54054
1.55405
1.60811
1.55405
1.59459
1.58108
1.54054
1.67568
1.55405
1.51351
2.02532
2.00000
1.86076
1.51351
1.51351
1.56000
1.48649
1.48649
1.60811
1.54054
1.59459
1.58667
1.55405
1.44595
1.79221
2.06329
2.00000
1.65823
1.76250
1.48718
1.18750
1.46835
1.43038
1.62025
1.62025
1.32500
1.89873
1.83544
1.45570
0.97468
1.03750
1.00000
1.02532
1.05000
1.01266
0.96203
1.01266
1.05063
39.75000
80.65823
81.43038
81.74684
81.17722
80.62338
80.87342
80.82500
80.17722
80.02532
80.02532
80.00000
79.97468
80.00000
79.94937
80.35443
80.81013
80.94937
80.25316
80.00000
80.00000
80.05063
80.00000
80.01250
79.86076
80.01266
80.00000
80.00000
80.24051
81.05063
81.00000
80.79747
80.29114
80.46835
80.77215
80.72500
80.96203
80.70886
80.16456
80.17722
80.23750
80.08861
80.26582
81.00000
81.02500
80.77215
80.54430
80.92405
80.97468
80.93671
80.98734
81.03797
80.98750
81.00000
81.00000
81.00000
81.17722
81.78750
82.00000
81.64557
81.25316
81.32911
81.20253
81.32500
81.16456
81.33333
81.27500
81.16456
81.03797
81.00000
81.03797
81.51899
82.00000
81.98750
81.61538
81.00000
81.01266
81.21519
81.26582
81.11392
81.30380
81.11250
81.07595
81.22785
81.81013
82.05063
82.00000
81.77500
81.58228
81.45570
81.78481
81.94937
81.92500
81.74684
81.40506
81.86076
81.98734
81.75949
81.35000
81.77215
82.03797
82.00000
81.49367
81.48101
81.58228
81.58228
81.32500
81.55696
81.84810
81.87342
81.70886
81.58750
81.30380
81.59494
82.00000
82.03750
81.56962
81.15190
81.22785
81.62025
81.60000
81.32911
81.08861
81.00000
81.00000
81.00000
81.05063
81.28750
81.73418
81.53165
82.11392
82.00000
81.98750
82.01266
82.00000
81.68354
81.82278
81.41463
153.57971
105.01266
81.88608
80.64000
81.06329
80.89873
80.01266
80.03797
80.15190
80.10127
80.03750
79.98734
79.81013
78.76316
79.06667
79.92405
80.15190
80.08750
79.64557
79.64557
69.02532
1.44304
1.51899
1.63750
1.70886
1.65333
1.69333
1.77027
1.62162
2.02564
2.01266
2.00000
1.81579
1.67568
1.68919
1.66216
1.85333
1.79730
1.82432
1.84000
1.81081
1.64000
2.02597
2.00000
2.03797
1.71053
1.75676
1.79730
1.77333
1.77027
1.72973
1.80000
1.72973
1.75676
1.68000
1.66216
1.93421
2.00000
2.00000
1.97436
1.82667
1.81081
1.78378
1.78667
1.79730
1.78378
1.77333
1.60811
1.75676
1.72973
1.93506
2.00000
2.00000
1.90909
1.71622
1.62162
1.65333
1.72973
1.72973
1.69333
1.74324
1.75342
1.76000
1.72973
1.89610
2.03797
2.01250
1.81579
1.72368
1.66216
1.47297
1.34667
1.37838
1.20270
1.20000
1.70270
1.72973
1.84000
1.98718
2.00000
2.02532
1.48000
1.39189
1.33333
1.32432
1.33784
1.32000
1.32432
1.24324
1.36000
1.37838
1.68831
1.93671
2.00000
1.89744
1.32895
1.55405
1.70270
1.44000
1.87838
1.65789
1.18667
1.71622
1.71622
1.94872
2.00000
2.02532
1.40541
1.08108
1.02667
1.09459
1.01351
1.04054
1.04054
1.06667
1.05333
1.04054
1.02273
0.00000
0.00000
0.00000
0.00000
0.00000
0.00000
0.00000
0.00000
0.00000
0.00000
0.00000
0.00000
0.00000
0.00000
0.00000
0.00000
0.00000
0.00000
0.00000
0.00000
0.00000
0.00000
1.66667
1.46835
1.59494
1.55000
1.74684
24.92000
80.00000
79.93750
79.79747
80.00000
79.98734
79.87342
79.93671
79.72152
79.89873
80.00000
80.00000
80.00000
79.89873
79.81013
79.97468
79.98734
80.41250
80.83544
80.12658
80.05000
79.98734
80.00000
80.08861
80.00000
80.05063
80.12658
80.51899
80.52500
81.00000
82.00000
82.00000
81.56962
80.98734
81.00000
80.98734
81.50633
81.00000
81.01250
81.07595
81.00000
81.00000
81.00000
80.88608
80.98734
81.02500
81.01266
81.03797
81.01250
81.05063
81.06329
81.10127
81.01266
81.47500
82.02532
82.00000
81.98734
81.55696
81.81013
81.24051
81.05063
81.06250
81.12658
81.00000
81.40506
81.96203
81.98734
81.31646
81.11250
81.10127
81.01266
81.10127
81.51899
81.35443
81.45570
81.22500
81.27848
81.98734
82.03797
82.06329
81.86076
81.77500
81.59494
81.65823
81.70886
81.68354
81.49367
81.40506
81.18750
81.29114
81.67089
82.01266
82.06329
82.00000
81.34177
81.32911
81.07595
81.11250
81.11392
81.06329
81.01266
81.01266
81.16250
81.15190
81.93671
81.89873
81.32911
81.01250
81.00000
81.05063
81.05063
81.01266
81.00000
81.00000
81.05128
81.00000
80.98734
81.00000
80.98734
81.46835
81.39241
81.00000
80.37975
80.13924
80.01266
80.13924
80.62025
80.16250
80.01282
5.64474
1.66667
2.00000
46.29114
82.15000
80.55696
79.32911
79.70886
79.73750
79.32051
79.17500
79.07595
79.08861
79.30000
79.15190
79.35897
78.78750
78.81013
78.22785
78.65823
78.32911
78.15190
79.07595
80.22785
80.87500
80.84810
80.96203
81.05063
81.31646
81.62500
81.45570
81.31646
81.44304
81.16456
81.10127
81.00000
81.05063
80.91139
38.09091
1.73418
1.69620
1.72973
2.00000
2.00000
1.96154
1.79730
1.69333
1.72973
1.58108
1.70667
1.64865
1.68919
1.66667
1.66216
1.68919
1.60000
1.63514
1.72000
2.01266
2.00000
2.00000
1.67568
1.82432
1.62162
1.72000
1.71622
1.72973
1.77333
1.63514
1.82432
1.96154
2.03797
1.94937
1.72000
1.74324
1.70270
1.65333
1.74324
1.72973
1.73333
1.74324
1.72973
1.74667
1.72973
1.70270
1.70270
2.05063
2.00000
2.00000
1.66667
1.66216
1.60811
1.66667
1.64865
1.68919
1.77333
1.78378
1.71622
1.89610
2.00000
2.00000
1.30667
1.02703
1.01351
1.02667
1.03896
1.02703
1.08000
1.09459
1.10811
1.08000
1.05405
1.08108
1.16000
2.00000
2.00000
2.00000
1.20000
1.28378
1.32432
1.30667
1.18919
1.20270
1.40000
1.40541
1.47297
1.49333
1.94872
2.00000
1.98734
1.48000
1.57333
1.48649
1.52703
1.51351
1.50667
1.54054
1.51351
1.61333
1.60811
1.63514
1.89610
2.06329
2.00000
1.87179
1.72973
1.70270
1.76000
1.68919
1.70270
1.68000
1.77027
1.77027
1.81333
1.78378
1.75676
1.65333
2.01282
2.01266
2.00000
1.81818
1.62162
1.63514
1.59211
6.78481
81.87342
81.91250
81.96203
81.97468
82.48101
82.44304
81.98750
81.74684
81.93671
81.96203
82.00000
81.97468
81.98734
82.00000
81.96203
82.00000
81.37975
81.15000
81.65823
82.00000
82.00000
81.97468
81.65000
81.77215
81.84810
81.92405
81.96000
82.00000
82.00000
82.02532
82.08861
82.00000
81.94937
81.93671
82.05000
82.58228
82.69620
82.72152
82.11392
82.00000
82.07595
82.03797
82.08861
82.03797
82.17722
82.55696
82.87342
83.03750
83.02532
83.03797
83.00000
83.00000
82.98750
83.00000
83.00000
82.77500
82.58228
82.82278
82.68354
83.00000
82.98750
83.00000
83.00000
83.39241
83.51899
83.73750
83.30769
83.03750
83.00000
83.00000
83.00000
83.01266
83.00000
83.00000
83.00000
82.98734
83.01266
83.83544
83.79747
83.48101
82.97468
83.00000
83.02532
83.00000
82.98734
83.00000
83.01266
83.00000
82.98734
83.02532
83.02532
83.00000
83.65823
83.60759
83.60000
83.00000
83.00000
83.02532
83.00000
83.00000
83.00000
83.02532
83.00000
83.00000
82.97500
83.12658
83.39241
83.46835
83.05063
83.01266
82.60000
82.01266
82.03797
82.00000
81.98734
82.00000
82.03797
82.00000
82.00000
15.32895
1.64865
1.88462
2.00000
2.02532
1.73684
1.60811
1.62667
1.62162
1.67568
1.69333
1.56757
1.67568
1.56000
1.41892
2.00000
2.03750
1.87013
1.56000
1.74667
1.70270
1.68919
1.62667
19.65333
83.35443
224.31646
284.46835
278.51948
280.05195
280.22973
270.43243
228.46753
2.00000
1.82278
1.62500
1.73418
1.67089
1.60759
1.63291
1.62500
1.70886
1.64557
1.87342
2.00000
2.00000
1.92405
1.72152
1.69620
1.61250
1.68354
1.73418
1.67089
1.78481
1.75949
1.33750
1.93590
2.00000
2.03797
1.78481
1.64557
1.12658
1.06329
1.00000
1.03797
1.03797
1.03797
1.08750
1.01266
1.03797
0.60256
0.77632
2.01316
2.08974
2.47436
2.45570
2.96053
3.02703
3.02667
3.02703
0.53846
0.36709
0.40000
1.33333
2.12821
2.42308
3.01351
3.04000
0.70130
0.30000
0.91139
0.89744
0.10127
0.10000
0.70886
1.02532
1.01250
1.07595
2.79487
2.47436
2.00000
1.98734
1.81013
1.64935
1.78667
1.78667
1.79747
1.86076
1.87500
2.01266
2.02532
1.85526
1.74324
1.79730
1.77333
1.70270
1.70667
1.67568
1.75676
1.74324
1.70270
1.60811
1.78378
1.74026
2.03750
2.01266
1.82278
2.00000
2.17949
2.92308
2.82051
2.55844
1.18421
1.36364
1.39474
1.96203
2.00000
2.06329
2.00000
2.00000
2.05063
2.00000
2.00000
1.92405
1.79730
1.70270
1.67568
1.72000
1.77027
1.63514
1.77027
1.73333
1.63514
1.77333
1.74324
1.70270
1.74667
1.68919
1.74324
1.77027
2.03750
2.00000
2.01266
2.05063
2.00000
1.71053
1.79730
1.74324
1.68919
1.68000
1.86486
1.73333
1.60811
1.72973
1.54054
1.74667
1.71622
1.67568
1.58667
1.70270
1.77632
2.06329
2.00000
2.00000
2.00000
1.83117
1.71622
1.60000
1.75676
1.70667
1.62162
1.75676
1.71622
1.82667
1.72973
1.69333
1.70270
1.81081
1.82667
1.81333
1.83784
2.01266
2.06250
2.01266
1.97468
1.70513
1.42857
1.35065
1.74684
49.94805
82.83544
82.93671
82.12658
82.03797
82.00000
82.02532
82.00000
82.21519
82.22785
82.65823
82.87500
82.56410
83.02500
83.01266
83.01266
82.96203
82.24051
86.49367
106.43750
82.69620
83.00000
83.00000
82.98734
82.96203
82.49367
82.07500
82.25316
82.44304
82.81013
82.84810
82.62500
82.78481
83.08861
83.25316
83.17722
83.02532
82.86076
82.31646
82.31250
82.74684
82.97468
82.92405
82.98718
82.93750
82.97436
82.76923
82.94937
82.92000
83.00000
82.98718
82.93671
82.93671
82.96203
83.49367
83.47500
83.20253
83.02532
83.00000
82.79747
82.91139
83.00000
82.97468
82.96203
82.48750
82.62025
82.69620
82.96203
82.79747
82.72152
82.74684
82.61250
82.94937
83.02532
83.00000
83.74684
83.78481
83.43750
82.54430
82.20253
82.01266
82.00000
81.89873
81.97500
82.03846
82.00000
82.00000
82.00000
82.00000
81.79747
81.92405
81.72152
81.92405
81.87342
81.81013
81.43750
81.86076
81.89873
81.63291
80.87013
81.08861
80.94937
80.87342
80.86076
80.93671
80.97468
98.39241
146.77500
222.63636
357.29730
355.65333
334.50667
329.69333
106.53333
79.43421
79.68831
79.35065
79.77632
10.16883
1.52632
1.16216
1.18421
1.10811
1.00000
1.01333
1.02740
1.06757
1.04000
1.05479
1.12162
1.06667
1.09459
1.05405
1.10811
1.06667
1.25676
1.71795
2.02532
42.46835
82.69620
81.03797
80.54430
79.87500
79.67089
79.21519
79.22785
79.81013
79.72152
79.82278
79.68750
79.41772
79.11392
79.53165
79.11392
79.26923
78.02597
36.92308
2.56410
2.11392
2.21250
2.10127
1.89873
1.56410
1.50000
1.81250
1.61538
1.86250
1.93671
1.93671
1.78750
0.32895
1.25641
0.98734
1.40506
1.57692
1.41250
1.62821
1.58974
1.84810
1.87342
1.89873
1.87342
1.85000
1.83544
1.74684
1.86076
2.01266
2.00000
2.00000
1.93671
1.79747
1.86250
1.08861
1.15190
1.12658
0.89873
0.92405
1.18750
1.90909
1.82051
1.39474
1.31579
1.35526
1.30667
1.75949
1.58750
1.37975
1.37975
2.03797
2.08108
2.05405
1.84000
40.73750
80.07692
81.10127
79.77215
79.81013
79.62025
81.00000
80.98734
80.94937
81.00000
81.53165
81.39241
81.36709
81.34177
99.20253
108.67500
90.89873
79.98734
79.98734
79.91139
79.72152
79.58228
79.58750
79.41772
79.15190
79.39241
79.48101
79.23377
79.24051
79.40506
78.98750
79.05063
79.18987
79.70886
79.91139
79.93750
80.37179
81.15789
80.02532
79.44286
79.18182
79.26582
79.45570
79.98750
80.02532
79.86076
80.00000
79.98734
80.03797
80.02532
80.07595
80.02532
80.02532
80.27500
80.16456
80.19231
80.75000
81.01266
81.06329
81.26582
81.13924
81.16456
80.98734
81.02500
80.86076
80.53165
80.74684
80.92405
80.97500
81.00000
81.00000
81.00000
81.00000
81.00000
81.01266
81.00000
81.57500
82.00000
81.98734
82.01266
82.01266
81.89873
81.38750
81.18987
81.84810
82.06329
82.18987
82.12658
82.08861
82.21250
82.02532
82.01266
82.01266
82.02532
82.10127
82.01266
82.97500
83.03797
82.32911
82.03797
82.10127
81.82278
81.91250
81.77215
81.93671
81.97468
82.00000
82.00000
81.89873
81.98734
81.98734
82.00000
82.02532
82.00000
82.00000
82.18750
82.51899
82.65823
82.65823
82.49367
82.03797
81.98734
82.00000
82.02500
82.01266
82.00000
82.00000
82.01266
82.00000
81.98734
81.98734
82.02532
81.97500
81.98734
82.69620
82.17722
82.66250
83.03797
83.03797
82.51899
82.00000
81.96250
82.07595
82.00000
82.01266
82.00000
82.01266
82.00000
81.98750
82.00000
82.01266
81.44304
131.44304
156.87342
80.81013
79.97468
78.59211
79.48101
79.89873
80.00000
79.98734
79.77500
79.01266
78.97468
79.41772
79.77215
78.60256
79.37333
221.48684
281.63514
279.41026
278.25316
278.03797
277.64557
262.75949
219.20779
1.93671
1.88608
13.47500
10.03797
2.97468
2.82500
2.00000
2.00000
1.98649
1.84000
1.86486
1.81081
1.81333
1.93243
1.86667
1.91892
1.81081
1.82432
1.82667
1.83784
1.84000
1.79730
1.85135
1.96154
2.00000
2.02532
2.03797
2.00000
1.79730
1.72973
1.81333
1.81081
1.78378
1.82667
1.54054
1.10811
1.14667
1.12162
1.12162
1.10667
1.14865
1.12162
1.34211
2.00000
2.00000
2.00000
2.00000
1.46753
1.22667
1.27027
1.31081
1.30263
1.66667
1.77027
1.85333
1.79730
1.86486
1.69333
1.85135
1.82432
1.78667
1.98734
2.01266
2.00000
2.05000
1.90909
1.78667
1.83784
1.79730
1.79730
1.82667
1.85135
1.82432
1.86486
1.82432
1.97436
2.00000
2.00000
1.94937
1.85333
1.85135
1.82432
1.77027
1.81081
1.86486
1.80000
1.86486
1.90541
1.89189
1.92308
2.06329
2.00000
2.00000
2.00000
1.25676
1.31081
1.32432
1.71622
1.75676
1.85135
1.84000
1.81081
1.74324
1.84000
1.84000
1.97468
2.00000
2.00000
2.00000
1.31646
1.20000
1.16456
1.26582
1.24051
1.33750
1.48101
1.46835
1.37975
1.62025
1.52500
1.65823
1.65823
1.21519
1.26582
1.27500
1.05063
1.06329
1.10127
1.11392
1.93671
1.86076
2.01282
1.98701
2.00000
1.32911
1.08861
1.02532
1.03750
1.07595
1.05063
1.06329
1.01266
7.37975
1.69620
1.63291
1.56962
1.93671
1.88608
1.83544
1.59211
1.27632
1.21519
6.07895
3.06667
3.06667
3.01351
3.14865
2.89189
4.34667
6.07595
1.10127
1.82278
1.46835
2.34211
2.37333
1.89610
1.93506
1.51282
1.45570
1.58750
1.74684
0.00000
32.37975
79.87500
80.15385
80.05000
80.17722
80.24051
80.84810
91.36709
98.91139
81.56962
81.98750
82.00000
81.79747
81.29114
81.00000
81.00000
81.02532
81.00000
81.12658
81.16456
81.66250
81.70886
81.17722
81.08861
81.02532
81.01266
81.02532
81.16456
81.30000
82.00000
82.11392
82.27848
82.18987
81.79747
81.58228
81.41250
81.00000
81.00000
81.05063
81.00000
81.00000
81.00000
81.16250
81.17722
81.12821
81.08750
81.03797
82.00000
82.00000
82.02532
81.82278
81.17500
81.15190
81.50633
81.65823
81.65823
81.74684
81.30380
81.05063
81.25000
81.49367
81.25316
81.35443
81.43750
81.58228
81.97468
82.16456
82.02532
82.01266
81.61250
81.34177
81.20253
81.31646
81.21519
81.20253
81.28750
81.37975
81.56962
81.39241
81.15190
81.55696
81.36250
81.75949
82.01266
82.01266
82.00000
82.01266
81.08861
81.12500
81.02532
81.03797
81.00000
81.02532
81.00000
81.03797
81.03797
81.01266
139.12658
85.26582
81.06329
80.95000
80.92405
80.41772
80.05063
275.34177
278.77215
278.31646
277.77215
274.64474
257.64474
77.09091
1.98718
1.97468
1.94937
1.78750
1.56410
1.25000
1.56962
1.24051
1.54430
2.00000
2.00000
2.01266
2.03846
1.97436
1.79730
1.78378
1.87838
1.77333
1.91892
1.89333
1.84000
1.72973
1.88000
1.86486
250.60759
286.03797
283.55696
274.58228
6.91026
1.72152
1.83544
1.81013
1.97436
1.97368
1.62025
1.72152
1.96203
1.92208
1.46154
1.53750
2.15385
2.19481
2.17949
1.00000
1.00000
1.89873
1.21519
0.97468
1.00000
1.08861
0.13924
0.42308
1.77027
1.85135
1.79730
1.88000
1.78378
1.79730
1.76000
1.78378
1.84000
1.78378
1.71622
1.77027
1.81333
1.74324
1.83784
1.85135
1.82667
2.01282
2.01250
2.00000
2.03797
2.00000
1.92208
1.86486
1.75676
1.74667
1.77027
1.82432
1.76000
1.79730
1.92000
2.03846
2.01250
2.00000
2.00000
1.86486
1.83784
1.74667
1.78378
1.81081
1.74667
1.77027
1.81333
1.83784
1.85135
1.90541
1.88000
1.77027
1.93243
1.77027
1.82432
1.83784
1.85135
1.83784
1.96154
2.00000
2.00000
2.03797
2.00000
1.90909
1.78378
1.90667
1.81081
1.87838
1.80000
1.86486
1.89189
1.81333
1.72973
1.86842
2.27500
3.00000
3.00000
2.70513
1.77333
1.82432
1.82667
2.00000
2.00000
2.03846
2.02500
2.01266
2.00000
2.03797
12.08861
72.00000
1.02532
1.05063
1.01266
1.27848
1.65000
1.68354
1.72152
1.70886
1.57500
1.55696
1.59494
1.63291
1.82278
2.00000
2.00000
2.00000
2.01266
1.91139
1.72152
1.68354
1.67089
1.75000
1.67089
1.74684
1.78481
1.70886
1.78750
1.67089
1.67089
1.68354
1.68750
1.69620
1.87342
21.24675
81.72152
81.92405
81.92500
81.91139
81.77215
81.00000
81.00000
81.00000
81.00000
81.00000
81.00000
81.06329
81.79747
81.29114
81.13924
81.18987
81.46250
81.78481
81.98734
82.00000
81.87179
81.75000
82.01266
82.06250
82.55696
82.88608
82.10127
82.05063
82.01250
82.00000
82.03750
82.03797
82.03797
82.08861
82.03797
82.00000
82.02532
82.29114
82.54430
82.53165
82.29114
82.38750
82.48101
83.00000
83.02532
83.07500
83.10256
82.42500
82.05063
82.25316
82.62025
82.51250
82.59494
82.28205
82.23750
82.21519
82.54430
82.83607
82.74684
82.72152
82.27848
82.31646
82.21519
82.77778
83.03947
83.00000
83.00000
82.67089
82.06329
82.05063
82.18750
82.24051
82.06329
82.00000
82.01266
82.07595
82.10000
82.11392
82.05063
82.05063
82.00000
82.00000
82.01266
82.03797
82.62025
82.97468
82.94937
82.93671
82.57500
82.00000
82.01266
81.96250
82.00000
81.98734
82.00000
81.98750
81.89873
81.82278
81.78481
81.58228
84.37500
164.51899
85.67089
80.75000
80.83544
81.07595
80.88608
80.41772
80.92500
80.83544
80.51899
80.17722
79.58228
78.89474
80.00000
80.02500
80.12658
80.59494
80.26582
80.22500
80.77215
80.97468
81.31646
81.63291
81.18750
81.21519
64.43038
1.50633
1.83117
1.77027
1.84000
1.74324
1.72973
1.85333
1.77027
1.85135
1.73333
1.78378
1.83784
1.82667
1.72973
1.78378
1.81333
1.85135
1.96053
2.01250
2.03797
2.00000
2.00000
1.86842
1.79730
1.82432
1.81333
1.75676
1.86486
1.84000
1.77027
1.84000
1.89189
1.78378
1.83784
1.85333
1.85135
1.79730
1.85333
2.06329
2.00000
2.00000
2.05063
1.93506
1.80000
1.89189
1.79730
1.78667
1.85135
1.71622
1.81333
1.81081
1.74324
1.74667
1.83784
1.86667
1.79730
1.74324
1.80000
2.02632
2.00000
2.05063
2.00000
2.00000
1.87013
1.87838
1.71622
1.81333
1.77027
1.83784
1.78667
1.84000
1.89189
1.82432
1.90541
1.77027
1.85333
1.86486
1.77027
1.93333
2.07595
2.00000
2.00000
2.06329
1.98718
1.89333
1.83784
1.82432
1.82667
1.83784
1.89189
1.82667
1.91892
1.87838
1.92000
1.93243
1.87838
1.88000
1.89189
1.75676
1.92105
2.00000
2.03797
2.00000
2.00000
1.96104
1.85333
1.89189
1.85333
1.95946
1.91892
1.85135
1.88000
1.83784
1.63158
1.11392
1.68750
1.96203
1.98734
1.98734
1.65823
1.11392
0.98734
1.00000
1.13924
77.83544
6.16456
1.06250
1.13924
1.10127
1.11392
1.13924
1.25316
1.46250
1.46835
1.27848
1.34177
1.46835
1.49367
1.73750
2.00000
2.00000
2.00000
2.05063
1.87500
1.58228
1.63291
1.59494
1.72152
1.60000
1.59494
1.64557
16.35000
79.96154
80.08750
80.31646
80.37975
80.63291
80.68354
80.61538
81.56962
81.90000
81.78481
81.74684
81.13924
80.50633
80.72152
80.92500
81.00000
81.02532
81.00000
80.98750
81.00000
81.03797
81.08750
81.03797
81.11392
81.10127
81.13924
81.77215
82.00000
82.01266
82.00000
81.94937
81.16456
81.53750
81.98734
81.46835
81.08861
81.15190
81.11250
81.06329
81.13924
81.44304
81.88608
81.51899
81.56962
81.67089
81.63291
82.27848
82.55000
82.62025
82.63291
82.20253
81.91139
81.97468
82.00000
82.03797
82.01266
82.05063
82.02532
82.06250
82.25316
82.51899
82.32911
82.38750
82.02532
82.02532
82.91139
82.98734
83.00000
83.00000
82.67089
82.00000
81.89873
81.98734
81.97500
81.98734
81.96203
81.92405
81.93671
81.88608
82.00000
82.02500
82.00000
81.94937
81.91139
82.00000
82.06329
82.01266
82.06250
81.98734
81.26582
81.10127
81.47500
81.84810
81.30380
81.01266
81.16456
81.47500
81.48101
81.31646
81.05063
81.01250
81.67089
82.02532
82.00000
82.94937
82.40506
82.01266
81.97500
81.67949
81.03750
81.40506
81.54430
108.94937
80.40789
80.50633
80.00000
80.27500
80.15190
79.97468
79.69620
79.02532
78.61039
78.42857
78.98734
28.22785
1.81250
1.78205
1.70000
1.88608
1.90667
1.85135
1.85135
1.85333
1.79730
1.89189
1.92000
1.86486
2.06329
2.00000
2.00000
2.21519
3.00000
3.00000
2.89873
1.85135
1.88000
1.83784
2.10256
2.05063
2.01266
2.00000
2.07595
2.00000
2.00000
2.05063
1.94872
1.88000
1.89189
1.90541
1.91892
1.89333
1.85135
1.89333
1.78378
1.89189
1.82432
1.88000
1.89189
1.86486
2.10390
2.03797
2.00000
2.00000
2.06329
1.87013
1.82432
1.91892
1.87838
1.85333
1.86486
1.93243
1.93333
1.85135
1.90541
1.88000
1.95946
1.91892
1.89474
2.05000
2.02532
2.00000
2.03797
1.86842
1.92000
1.94595
1.83784
1.85333
1.93243
1.85135
1.89333
1.83784
1.91892
1.92000
1.75676
1.90541
1.84000
2.64103
2.06250
2.00000
2.00000
1.97436
1.86486
1.87838
1.90541
1.91892
1.89189
1.89189
1.94595
1.83784
1.95946
1.88000
1.87838
1.91892
1.85333
2.00000
2.08861
2.01266
2.02500
1.98734
1.94595
1.85333
1.86486
1.83784
1.89333
1.83784
1.85135
1.96000
1.87838
1.87838
1.85333
1.85135
1.87838
2.10390
2.02532
2.03797
2.02500
1.97436
1.86486
1.92000
1.89189
1.87838
1.90667
1.89189
1.90541
1.82667
1.86486
1.79730
1.75325
1.15190
1.65000
1.58974
1.61842
1.71622
1.65385
1.00000
1.02564
1.00000
1.02532
1.00000
1.00000
1.03846
1.00000
1.00000
0.98734
1.67949
2.36364
1.98734
1.97468
32.02532
80.40506
79.46753
80.05063
80.02532
80.07500
80.00000
80.07595
80.18987
80.56962
81.24051
81.15000
81.06329
81.06329
80.93671
80.49367
80.81013
80.92500
80.50633
79.89873
80.13750
79.97468
79.96203
79.82278
80.03797
80.12658
80.21519
80.30380
80.29114
80.43750
80.67089
81.51899
82.54667
81.98649
81.09333
81.14667
80.89333
80.89873
81.32911
81.95000
81.79487
81.80000
81.77215
81.50633
81.39241
81.61250
81.32911
81.44304
81.87342
82.15190
82.12658
82.27848
82.03797
81.41772
81.31250
81.68354
81.78481
81.77215
81.81013
81.62025
81.53750
81.69620
81.75949
81.98734
81.82278
81.98734
82.30000
82.53165
82.50633
82.72152
81.72152
81.58750
81.56962
81.69620
81.92405
82.00000
81.86076
81.82278
81.88750
81.84810
81.94937
81.93671
82.07595
82.33750
82.56962
82.40506
82.65823
82.08861
81.96250
82.05063
81.97468
81.97468
82.00000
82.00000
82.07595
81.96250
82.00000
81.93590
82.01250
82.00000
82.25316
82.78481
82.51899
82.11392
81.98750
81.55696
81.68354
81.49367
81.35000
81.27848
81.74684
81.86076
82.02532
81.87342
81.92500
81.77215
81.21519
81.03797
81.08861
80.89610
81.21795
81.10667
81.18182
80.92500
80.93671
80.98734
80.96203
80.72152
80.65823
30.22500
1.39241
36.41772
82.46835
81.00000
80.35443
69.17500
1.87342
2.02532
1.88608
29.91139
27.72152
25.98750
122.13924
282.62338
281.81013
272.79747
140.77215
1.90000
1.62025
1.70886
2.03797
2.07595
2.03797
1.59494
1.53165
1.60000
1.36709
1.46835
1.39241
1.37975
1.19737
1.20270
1.24000
1.24324
1.21622
1.29730
1.85897
2.03797
2.00000
2.00000
1.69333
1.53333
1.70270
1.70270
1.78667
1.74324
1.58108
1.74324
1.77027
1.82432
1.72000
1.78667
2.17722
2.11250
2.11392
1.84211
1.80000
1.77027
1.70270
1.65333
1.77027
1.86486
1.77333
1.74324
1.78667
1.68919
1.75676
2.20253
2.11392
2.08861
2.01282
1.76000
1.72973
1.78667
1.83784
1.79730
1.77333
1.83784
1.64865
1.73333
1.71622
1.82432
2.17722
2.02532
2.02500
2.00000
1.83784
1.67568
1.77333
1.72973
1.79730
1.72000
1.77027
1.76712
1.76000
1.74324
1.77333
2.16456
2.07595
2.03797
1.85897
1.72973
1.82432
1.77027
1.75676
1.82667
1.83784
1.82432
1.73333
1.79730
1.75676
1.70667
2.10256
2.08861
2.13924
2.06329
1.81081
1.89333
1.72973
1.75676
1.73333
1.81081
1.77027
1.73333
1.72973
1.89333
1.74324
1.80263
1.75641
2.06329
2.05063
2.13924
1.69620
1.35000
1.30380
1.53165
1.44304
1.17722
1.11392
1.06250
1.03797
1.16456
1.12658
0.98734
1.25316
1.87500
2.02532
1.98734
1.72152
1.30000
1.24051
3.50633
30.38961
27.05063
1.60759
1.53165
1.42500
1.48101
1.36709
1.44304
1.67500
2.03797
10.10127
81.75949
82.50633
82.55696
82.37975
80.85000
80.60256
80.56250
81.16456
81.34177
81.35443
81.35000
81.29114
81.34177
81.70886
81.78481
81.02532
81.01250
80.93671
80.88608
80.88608
80.93671
81.00000
80.98750
81.25316
81.46835
81.01266
81.31646
81.30303
82.01266
81.74667
81.41772
81.49367
78.53846
76.25333
76.28000
76.04054
76.10811
76.05405
76.22973
80.41772
81.10127
81.24051
81.55696
79.10256
76.44595
76.76316
77.92405
80.93671
82.39241
82.64557
82.29114
80.88608
81.03797
81.75949
82.43038
82.02532
82.03797
82.01266
81.90000
81.98734
82.00000
82.00000
82.00000
82.56962
82.70886
82.77215
82.89873
82.37500
82.08861
81.98734
82.02532
82.02532
82.12658
82.11392
82.21250
82.15190
82.07595
82.15190
82.15190
82.21519
82.39241
83.07595
82.92500
82.98734
82.87342
82.41772
82.25316
82.22500
82.29114
82.22785
82.13924
82.35443
82.31250
82.15190
82.21519
82.06329
82.10127
82.12658
82.84810
83.00000
83.02532
82.89873
82.21519
82.10000
82.21519
82.53165
82.54430
82.73418
82.56962
82.54430
82.24051
82.20000
81.96203
82.01266
81.91139
81.96203
82.30380
82.36709
82.48750
82.05063
81.53165
81.16456
81.06329
27.51948
1.79747
1.64557
1.41558
1.77632
2.08861
2.08861
2.02500
1.88608
1.12658
1.13924
1.11250
1.01282
1.01250
25.30380
28.13924
26.32500
206.89873
280.12658
277.58228
258.69620
43.58228
1.41772
1.24051
1.21519
1.60759
2.05063
2.01266
1.98750
2.00000
1.53947
7.68919
1.35135
23.33333
81.42500
79.92405
78.48101
42.93506
1.57333
1.64384
1.70270
1.72000
1.68919
1.86667
2.07595
2.12658
2.01266
1.98750
1.66216
1.13333
1.58228
1.68831
1.66667
1.68750
1.68354
1.65823
1.73418
1.60759
1.62025
1.63291
1.71250
1.97468
2.00000
2.02532
2.01250
0.83544
0.64103
1.20513
1.27848
1.17722
1.26582
0.76250
1.92308
1.72152
1.58974
1.50000
1.39744
1.51899
1.37975
1.45570
1.57143
1.32895
1.58974
1.49351
1.66667
1.46753
1.46154
1.89744
2.02564
2.02532
2.05195
1.70667
1.58667
1.49333
1.93333
1.10390
1.27848
1.23750
1.31646
1.78481
1.97468
1.85897
1.26582
1.00000
0.93506
1.24359
1.12500
1.20253
1.49367
1.64557
1.49367
1.72500
1.75949
1.91139
2.11392
2.11392
2.06250
2.00000
1.83544
1.72152
1.82278
1.81250
1.70270
1.86842
1.40541
1.34667
1.35135
1.48649
1.38667
1.36486
1.75325
2.05063
1.98734
2.00000
1.50000
1.44595
1.36000
1.25676
1.41333
1.22785
1.25316
1.44304
1.31250
1.32911
1.32911
2.00000
2.08861
2.07500
2.08861
1.78481
1.55000
1.69620
1.78481
1.86076
1.83750
1.77215
1.73418
1.88608
1.78750
1.77215
1.78481
2.10000
2.01266
2.01266
1.87342
1.79747
1.82278
1.75000
1.73418
1.78481
1.64557
1.70886
1.86076
1.84810
1.74684
1.83750
1.92405
1.84810
2.00000
32.90000
81.00000
80.82278
80.67089
80.84810
80.93671
80.98734
80.32911
80.23750
80.46835
76.94805
76.59459
75.98667
75.89333
76.48052
76.32911
78.52632
80.73684
80.57500
80.62025
80.86076
76.89189
77.00000
76.98667
78.41333
81.36709
81.58750
82.02532
79.98734
80.40506
81.08861
82.29114
82.82500
82.69620
82.03797
82.00000
82.05063
82.03750
82.13924
82.44304
82.92405
82.68354
82.15190
82.31646
82.55696
82.82278
83.11392
83.02532
83.00000
82.60256
82.82278
82.91250
82.84810
82.74684
82.59494
82.39241
82.81250
82.97468
82.94937
82.87342
82.77215
82.78481
83.01250
83.00000
83.03797
82.83544
82.91250
82.88608
82.96154
82.98750
82.94937
82.83544
82.82278
82.83544
82.96250
82.89873
82.87342
83.18987
83.13924
83.13750
83.01266
82.94937
82.78481
82.71250
82.68354
82.77215
82.88750
82.88608
82.87342
82.94937
83.02532
83.02532
83.30380
83.48101
78.78481
1.96250
1.71622
39.96053
87.24051
155.97500
290.10127
285.01316
287.72727
287.04054
272.05195
261.41772
119.06329
0.00000
0.00000
0.00000
0.00000
0.00000
0.00000
0.00000
0.00000
0.00000
0.00000
0.00000
0.21519
0.32911
0.26250
0.27848
0.01266
0.00000
0.00000
0.00000
0.00000
0.00000
0.00000
0.32911
0.31646
0.25316
0.07595
0.00000
0.00000
0.00000
0.00000
0.00000
0.00000
0.00000
0.00000
0.00000
0.00000
0.00000
0.00000
0.20253
0.34177
0.31646
0.23750
0.07595
0.00000
0.00000
0.00000
0.00000
0.00000
0.00000
0.33333
0.25316
0.89873
1.17500
1.07595
0.42857
0.00000
0.00000
0.27632
0.40000
0.45570
0.40506
0.37975
0.24051
0.28750
0.24359
0.00000
0.00000
0.00000
0.00000
0.00000
0.00000
0.00000
0.00000
0.29487
0.26582
0.22500
0.39241
0.10526
0.00000
0.00000
0.00000
0.00000
0.00000
0.00000
0.00000
0.00000
0.00000
0.01266
0.03750
0.00000
0.00000
0.00000
0.00000
0.00000
0.00000
0.00000
0.00000
0.00000
0.00000
0.00000
0.00000
0.08108
0.22500
0.17722
0.11392
0.07792
0.00000
0.00000
0.00000
0.00000
0.00000
0.01351
0.00000
0.00000
0.00000
0.00000
1.42308
83.61538
80.83333
80.65385
79.74026
79.93671
80.12658
79.84810
79.65823
79.77215
79.43038
79.08750
79.05063
79.00000
42.06494
0.05128
0.31646
0.18182
0.26316
0.15385
0.00000
0.00000
30.77215
78.40506
78.44156
78.93671
79.00000
79.08861
79.01250
79.00000
79.02532
79.02532
79.01266
79.01250
79.41772
79.91139
79.82278
79.30000
79.01266
78.43038
78.31646
78.62025
78.57500
78.67089
78.39241
78.24051
78.25316
78.86076
78.91250
78.86076
78.73418
78.67089
78.63291
79.11250
79.02532
79.31646
79.00000
79.00000
79.00000
79.00000
79.00000
79.02532
79.03797
79.01266
79.00000
79.05063
79.58228
79.97468
79.86076
79.95000
80.39241
80.43038
80.24051
80.72152
80.02500
80.01266
80.01266
80.01266
79.98750
79.93671
80.00000
80.00000
80.00000
80.00000
80.00000
80.00000
80.07595
80.12658
80.97468
81.00000
80.88608
80.68354
80.24051
80.35000
80.25316
80.16456
80.20253
80.35443
80.44304
80.35443
80.46835
80.48750
80.78481
80.98734
80.96203
81.03750
81.49367
81.36709
81.49367
81.17722
80.94937
80.92405
80.89873
80.75949
80.74684
80.80000
80.92405
80.97468
80.94937
80.97468
80.90000
80.87342
80.86076
81.35443
81.37975
81.31646
81.05000
80.82278
80.79747
80.89873
80.96203
80.88608
80.68750
80.68354
80.46835
80.82278
80.89873
80.89873
80.32500
80.25316
80.26582
80.69620
81.03797
81.00000
81.01250
80.98734
80.73418
80.37975
80.59494
80.23750
80.03797
80.01266
80.10127
80.98734
81.32911
80.88608
80.48750
80.29114
80.31646
80.07595
80.01266
80.00000
79.98750
80.00000
80.31646
80.18987
80.01266
80.00000
80.00000
80.00000
80.00000
79.97468
71.63291
0.15789
10.25000
82.98718
80.13514
79.73418
78.06410
73.67089
0.00000
0.00000
0.00000
0.00000
0.00000
0.37975
0.29114
0.18987
0.00000
0.00000
0.00000
0.00000
0.00000
0.00000
0.00000
0.00000
0.00000
0.00000
0.00000
0.00000
0.00000
0.00000
0.00000
0.00000
0.06757
0.36250
0.40506
0.26582
0.20513
0.00000
0.00000
0.00000
0.00000
0.00000
0.00000
0.00000
0.28205
0.21250
0.16456
0.00000
0.00000
0.00000
0.00000
0.00000
0.00000
0.00000
0.00000
0.00000
0.00000
0.00000
0.00000
0.00000
0.00000
0.00000
0.00000
0.00000
0.35065
0.39241
0.40506
0.18750
0.06579
0.00000
0.00000
0.00000
0.00000
0.00000
0.00000
0.00000
0.22078
0.41250
0.28205
0.12821
0.00000
0.00000
0.00000
0.00000
0.00000
0.00000
0.00000
0.00000
0.00000
0.00000
0.00000
0.00000
0.00000
0.00000
0.00000
0.00000
0.38462
0.39241
0.30380
0.32500
0.14667
0.00000
0.00000
0.00000
0.00000
0.00000
0.00000
0.00000
0.00000
0.29487
0.36709
0.34177
0.17949
0.00000
0.00000
0.00000
0.00000
0.00000
0.00000
0.00000
0.00000
0.00000
0.00000
0.00000
0.00000
0.00000
0.00000
0.00000
0.13333
0.50633
0.32500
0.44304
0.24359
0.00000
0.00000
0.00000
0.00000
0.00000
0.00000
0.00000
0.00000
0.00000
0.00000
0.00000
0.01351
0.39241
0.35443
0.30380
0.31646
0.00000
0.00000
0.00000
0.00000
0.00000
0.00000
0.00000
0.00000
0.00000
0.00000
0.00000
0.00000
66.96203
78.16456
78.43590
79.05063
78.98750
78.91139
78.98734
78.58974
78.70886
78.91026
78.98718
78.58974
78.61538
78.91139
78.96154
79.00000
79.08974
79.27848
79.20513
79.29487
79.43038
80.02564
80.06250
80.01266
79.94937
79.91139
79.97403
80.00000
80.00000
79.63636
79.92405
79.93590
79.83544
79.94872
80.10127
80.02564
80.00000
80.00000
80.49367
80.78481
81.01250
81.07595
80.66667
80.56410
80.47436
80.51282
80.71795
80.40506
80.41026
80.51282
80.45570
80.64103
80.58228
80.88462
80.92308
80.92308
81.05063
81.30380
81.31646
81.48750
81.41026
81.07595
80.96154
80.38462
80.29487
80.29114
80.75641
80.88312
80.88608
80.97436
80.57692
80.88608
81.26250
81.26582
81.31646
80.91139
80.88462
80.72727
80.84615
80.97468
80.98734
80.93590
80.97468
80.87179
80.74359
80.71795
80.88608
80.87179
80.93671
80.93671
80.92308
81.32500
81.46835
81.51899
81.92405
82.29114
82.15190
80.94937
80.44872
80.79487
81.06410
81.35000
81.41772
81.13924
81.03750
81.01266
81.16456
81.12500
80.33766
79.28947
80.15190
80.19231
80.11538
80.24051
80.20513
79.85714
80.06329
80.44872
80.33333
81.06329
81.24051
81.16456
82.58228
154.75949
82.35897
81.50633
80.35897
23.61538
0.00000
0.00000
0.00000
0.00000
66.52632
79.01316
75.67089
76.35897
76.68354
76.73418
76.88608
76.29114
76.12658
76.00000
78.46835
79.05063
79.17722
79.33750
79.20253
79.59494
75.81013
75.84211
79.61250
80.00000
80.54430
79.18987
78.93750
78.93671
78.96203
78.32911
78.58228
79.88608
79.85897
79.68831
79.82278
79.57692
79.43038
80.00000
80.00000
80.00000
79.58974
79.63291
79.17949
79.08974
79.00000
79.62821
79.97436
79.94937
79.84615
79.50000
79.56410
79.65823
80.15190
80.03750
80.02532
79.32911
79.24359
79.16667
79.33333
79.31646
79.67949
79.40260
79.01266
79.02564
79.07692
79.08974
79.03846
79.36709
80.00000
79.98734
79.96250
79.20253
79.20513
79.20513
79.50000
79.35443
79.21519
79.32051
79.84615
79.88608
79.81818
79.68354
79.65385
80.00000
80.06329
80.17722
79.97468
79.98718
79.88462
79.89873
79.93590
79.94872
79.94937
79.81013
79.96154
79.80769
79.64557
79.84615
80.06329
80.02532
80.00000
79.82500
79.49367
79.73077
79.87179
79.98734
80.00000
79.98718
79.97436
79.79747
79.80769
79.94872
79.93590
80.26582
80.74684
80.51899
80.22785
80.05063
80.01282
80.00000
80.00000
80.00000
80.00000
80.00000
80.01266
80.02083
80.00000
0.00000
0.00000
0.00000
0.00000
0.00000
0.00000
0.00000
0.00000
0.00000
0.00000
0.00000
0.00000
0.00000
0.00000
0.00000
0.00000
0.00000
0.00000
0.00000
0.00000
0.00000
0.00000
0.00000
0.00000
0.00000
0.00000
0.00000
0.00000
0.00000
0.00000
0.00000
0.00000
0.00000
0.00000
0.00000
0.00000
0.00000
0.00000
0.00000
0.00000
0.00000
0.00000
0.00000
0.00000
0.00000
0.00000
0.00000
0.00000
0.00000
0.00000
0.00000
0.00000
0.00000
0.00000
0.00000
0.00000
0.00000
0.00000
0.00000
0.00000
0.00000
0.00000
0.00000
0.00000
0.00000
0.00000
0.00000
0.00000
0.00000
0.00000
0.00000
0.00000
0.00000
0.00000
0.00000
0.00000
0.00000
0.00000
0.00000
0.00000
0.00000
0.00000
0.00000
0.00000
0.00000
0.00000
0.00000
0.00000
0.00000
0.00000
0.00000
0.00000
0.00000
0.00000
0.00000
0.00000
0.00000
0.00000
0.00000
0.00000
0.00000
0.00000
0.00000
0.00000
0.00000
0.00000
0.00000
0.00000
0.00000
0.00000
0.00000
0.00000
0.00000
0.00000
0.00000
0.00000
0.00000
0.00000
0.00000
0.00000
0.00000
0.00000
0.00000
0.00000
0.00000
0.00000
0.00000
0.00000
0.00000
0.00000
0.00000
0.00000
0.00000
0.00000
0.00000
0.00000
0.00000
0.00000
0.00000
0.00000
0.00000
0.00000
0.00000
0.00000
0.00000
0.00000
0.00000
0.00000
0.00000
0.00000
0.00000
0.00000
0.00000
0.00000
0.00000
0.00000
0.00000
0.00000
0.00000
0.00000
0.00000
0.00000
0.00000
0.00000
0.00000
0.00000
0.00000
0.00000
0.00000
0.00000
0.00000
0.00000
0.00000
0.00000
0.00000
0.00000
0.00000
0.00000
0.00000
0.00000
0.00000
0.00000
0.00000
0.00000
0.00000
0.00000
0.00000
0.00000
0.00000
0.00000
0.00000
0.00000
0.00000
0.00000
0.00000
0.00000
0.00000
0.00000
0.00000
0.00000
0.00000
0.00000
0.00000
0.00000
0.00000
0.00000
0.00000
0.00000
0.00000
0.00000
0.00000
0.00000
0.00000
0.00000
0.00000
0.00000
0.00000
0.00000
0.00000
0.00000
0.00000
0.00000
0.00000
0.00000
0.00000
0.00000
0.00000
0.00000
0.00000
0.00000
0.00000
0.00000
0.00000
0.00000
0.00000
0.00000
0.00000
0.00000
0.00000
0.00000
0.00000
0.00000
0.00000
0.00000
0.00000
0.00000
0.00000
0.00000
0.00000
0.00000
0.00000
0.00000
0.00000
0.00000
0.00000
0.00000
0.00000
0.00000
0.00000
0.00000
0.00000
0.00000
0.00000
0.00000
0.00000
0.00000
0.00000
0.00000
0.00000
0.00000
0.00000
0.00000
0.00000
0.00000
0.00000
0.00000
0.00000
0.00000
0.00000
0.00000
0.00000
0.00000
0.00000
0.00000
0.00000
0.00000
0.00000
0.00000
0.00000
0.00000
0.00000
0.00000
0.00000
0.00000
0.00000
0.00000
0.00000
0.00000
0.00000
0.00000
0.00000
0.00000
0.00000
0.00000
0.00000
0.00000
0.00000
0.00000
0.00000
0.00000
0.00000
0.00000
0.00000
0.00000
0.00000
0.00000
0.00000
0.00000
0.00000
0.00000
0.00000
0.00000
0.00000
0.00000
0.00000
0.00000
0.00000
0.00000
0.00000
0.00000
0.00000
0.00000
0.00000
0.00000
0.00000
0.00000
0.00000
0.00000
0.00000
0.00000
0.00000
0.00000
0.00000
0.00000
0.00000
0.00000
0.00000
0.00000
0.00000
0.00000
0.00000
0.00000
0.00000
0.00000
0.00000
0.00000
0.00000
0.00000
0.00000
0.00000
0.00000
0.00000
0.00000
0.00000
0.00000
0.00000
0.00000
0.00000
0.00000
0.00000
0.00000
0.00000
0.00000
0.00000
0.00000
0.00000
0.00000
0.00000
0.00000
0.00000
0.00000
0.00000
0.00000
0.00000
0.00000
0.00000
0.00000
0.00000
0.00000
0.00000
0.00000
0.00000
0.00000
0.00000
0.00000
0.00000
0.00000
0.00000
0.00000
0.00000
0.00000
0.00000
0.00000
0.00000
0.00000
0.00000
0.00000
0.00000
0.00000
0.00000
0.00000
0.00000
0.00000
0.00000
0.00000
0.00000
0.00000
0.00000
0.00000
0.00000
0.00000
0.00000
0.00000
0.00000
0.00000
0.00000
0.00000
0.00000
0.00000
0.00000
0.00000
0.00000
0.00000
0.00000
0.00000
0.00000
0.00000
0.00000
0.00000
0.00000
0.00000
0.00000
0.00000
0.00000
0.00000
0.00000
0.00000
0.00000
0.00000
0.00000
0.00000
0.00000
0.00000
0.00000
0.00000
0.00000
0.00000
0.00000
0.00000
0.00000
0.00000
0.00000
0.00000
0.00000
0.00000
0.00000
0.00000
0.00000
0.00000
0.00000
0.00000
0.00000
0.00000
0.00000
0.00000
0.00000
0.00000
0.00000
0.00000
0.00000
0.00000
0.00000
0.00000
0.00000
0.00000
0.00000
0.00000
0.00000
0.00000
0.00000
0.00000
0.00000
0.00000
0.00000
0.00000
0.00000
0.00000
0.00000
0.00000
0.00000
0.00000
0.00000
0.00000
0.00000
0.00000
0.00000
0.00000
0.00000
0.00000
0.00000
0.00000
0.00000
0.00000
0.00000
0.00000
0.00000
0.00000
0.00000
0.00000
0.00000
0.00000
0.00000
0.00000
0.00000
0.00000
0.00000
0.00000
0.00000
0.00000
0.00000
0.00000
0.00000
0.00000
0.00000
0.00000
0.00000
0.00000
0.00000
0.00000
0.00000
0.00000
0.00000
0.00000
0.00000
0.00000
0.00000
0.00000
0.00000
0.00000
0.00000
0.00000
0.00000
0.00000
0.00000
0.00000
0.00000
0.00000
0.00000
0.00000
0.00000
0.00000
0.00000
0.00000
0.00000
0.00000
0.00000
0.00000
0.00000
0.00000
0.00000
0.00000
0.00000
0.00000
0.00000
0.00000
0.00000
0.00000
0.00000
0.00000
0.00000
0.00000
0.00000
0.00000
0.00000
0.00000
0.00000
0.00000
0.00000
0.00000
0.00000
0.00000
0.00000
0.00000
0.00000
0.00000
0.00000
0.00000
0.00000
0.00000
0.00000
0.00000
0.00000
0.00000
0.00000
0.00000
0.00000
0.00000
0.00000
0.00000
0.00000
0.00000
0.00000
0.00000
0.00000
0.00000
0.00000
0.00000
0.00000
0.00000
0.00000
0.00000
0.00000
0.00000
0.00000
0.00000
0.00000
0.00000
0.00000
0.00000
0.00000
0.00000
0.00000
0.00000
0.00000
0.00000
0.00000
0.00000
0.00000
0.00000
0.00000
0.00000
0.00000
0.00000
0.00000
0.00000
0.00000
0.00000
0.00000
0.00000
0.00000
0.00000
0.00000
0.00000
0.00000
0.00000
0.00000
0.00000
0.00000
0.00000
0.00000
0.00000
0.00000
0.00000
0.00000
0.00000
0.00000
0.00000
0.00000
0.00000
0.00000
0.00000
0.00000
0.00000
0.00000
0.00000
0.00000
0.00000
0.00000
0.00000
0.00000
0.00000
0.00000
0.00000
0.00000
0.00000
0.00000
0.00000
0.00000
0.00000
0.00000
0.00000
0.00000
0.00000
0.00000
0.00000
0.00000
0.00000
0.00000
0.00000
0.00000
0.00000
0.00000
0.00000
0.00000
0.00000
0.00000
0.00000
0.00000
0.00000
0.00000
0.00000
0.00000
0.00000
0.00000
0.00000
0.00000
0.00000
0.00000
0.00000
0.00000
0.00000
0.00000
0.00000
0.00000
0.00000
0.00000
0.00000
0.00000
0.00000
0.00000
0.00000
0.00000
0.00000
0.00000
0.00000
0.00000
0.00000
0.00000
0.00000
0.00000
0.00000
0.00000
0.00000
0.00000
0.00000
0.00000
0.00000
0.00000
0.00000
0.00000
0.00000
0.00000
0.00000
0.00000
0.00000
0.00000
0.00000
0.00000
0.00000
0.00000
0.00000
0.00000
0.00000
0.00000
0.00000
0.00000
0.00000
0.00000
0.00000
0.00000
0.00000
0.00000
0.00000
0.00000
0.00000
0.00000
0.00000
0.00000
0.00000
0.00000
0.00000
0.00000
0.00000
79.02667
79.00000
79.01266
79.00000
79.07595
79.03797
79.00000
78.98734
79.06329
79.02532
79.17722
79.17500
79.74684
79.97468
80.00000
79.54430
79.51899
80.00000
80.00000
80.00000
80.00000
80.01266
80.01250
80.41772
80.64557
80.16456
79.97468
79.96250
79.96203
80.00000
80.00000
80.00000
80.00000
80.00000
80.00000
80.00000
80.00000
80.00000
80.07595
80.81013
80.96203
81.00000
80.22785
80.06329
80.01250
80.00000
80.00000
80.00000
80.01266
80.01266
80.07595
80.64557
80.98734
81.00000
80.25316
80.01250
80.01282
80.01250
80.00000
80.00000
80.01266
80.01266
79.84810
79.30380
79.10127
79.16250
79.87342
80.08861
80.60759
81.00000
81.00000
79.86076
79.78481
79.82500
79.91139
80.16456
80.10127
80.00000
80.10127
80.46835
80.84810
80.92405
80.07500
79.89873
79.96203
79.98734
80.06329
80.02532
80.01250
79.74684
79.43038
79.68354
79.46835
80.20253
80.43038
80.27848
80.20000
79.87342
79.97468
79.98734
80.01266
79.94937
80.00000
79.98734
79.85000
79.64557
79.18987
79.40506
80.00000
80.00000
79.86076
79.16456
79.00000
79.00000
79.06329
79.02532
79.03750
78.98734
79.62025
79.92405
79.78481
78.78481
79.03750
79.00000
79.00000
79.00000
79.00000
79.00000
79.00000
79.07595
79.16250
78.91139
78.78481
79.08861
79.26582
79.70886
79.61250
79.06329
78.73418
78.91139
79.16456
79.55696
79.62500
79.34615
79.63750
79.62025
79.37975
79.34177
79.83544
80.12658
80.27848
80.67500
80.05063
79.84810
79.93671
79.97468
79.97468
80.00000
80.00000
80.00000
80.00000
80.06329
80.12658
80.87342
81.01250
81.00000
80.62025
80.46835
80.86076
80.91139
80.93750
80.98734
81.00000
80.34177
80.13924
80.29114
80.43038
80.68354
80.52500
81.00000
81.01471
81.06329
81.01266
80.94937
80.92405
80.96203
80.94937
80.96154
81.00000
81.00000
81.00000
81.00000
80.97468
81.25316
81.78481
81.72152
81.79747
81.00000
81.00000
81.00000
81.00000
81.00000
81.02500
81.00000
81.00000
81.00000
81.00000
81.01266
81.21519
81.93671
81.81013
81.77215
81.01250
81.01266
81.01266
81.00000
81.00000
81.00000
81.00000
81.08861
81.06329
81.10127
81.07595
81.32500
81.92405
81.96203
81.84810
81.24051
81.37975
81.12500
80.88608
80.86076
80.84810
80.86076
80.74684
80.62025
80.36709
80.07500
80.03797
80.69620
81.00000
80.89873
80.27848
79.93671
79.83544
79.34177
79.86076
79.34177
79.05063
79.23750
79.44304
79.75949
79.84810
80.03797
53.05000
0.17949
0.03947
2.13333
84.36709
81.67089
80.43038
79.92405
79.30000
27.68831
0.00000
0.00000
0.00000
0.00000
0.22785
0.27848
0.16456
0.10127
0.00000
0.00000
0.00000
0.00000
0.00000
0.00000
0.00000
0.00000
0.10526
0.13924
0.24051
0.14103
0.00000
0.01316
0.00000
0.00000
0.00000
0.00000
0.00000
0.00000
0.00000
0.00000
0.00000
0.00000
0.00000
0.16456
0.01266
0.25641
0.17722
0.00000
0.00000
0.00000
0.00000
0.00000
0.00000
0.00000
0.00000
0.00000
0.00000
0.00000
0.21053
0.43038
0.27500
0.34177
0.00000
0.00000
36.50649
10.53947
0.00000
0.00000
0.00000
0.00000
0.00000
0.00000
0.00000
0.41026
0.36250
0.24051
0.11688
0.00000
0.00000
0.00000
0.00000
0.00000
0.00000
0.00000
0.00000
0.00000
0.00000
0.00000
0.17105
0.37975
0.18987
0.08861
0.01333
0.00000
0.00000
0.00000
0.00000
0.00000
0.00000
0.00000
0.00000
0.00000
0.00000
0.00000
0.25316
0.11392
0.08861
0.10127
0.00000
0.00000
0.00000
0.00000
0.00000
0.00000
0.00000
0.00000
0.00000
0.00000
0.00000
0.15190
0.27500
0.17949
0.18750
0.00000
0.00000
0.00000
0.00000
0.00000
0.00000
0.00000
0.00000
0.00000
0.00000
0.00000
0.30380
0.29114
0.25316
0.06329
0.00000
0.00000
0.00000
0.00000
0.00000
0.00000
0.00000
0.00000
0.00000
0.00000
0.00000
0.02532
0.13924
0.18987
0.15190
0.01250
0.00000
0.00000
0.00000
0.00000
10.51899
1.94937
1.95000
1.96203
1.98734
1.94937
2.58228
2.39241
2.25316
1.43750
1.24051
1.21519
1.88608
31.10000
81.97436
82.01266
82.00000
81.84810
81.48750
81.49367
80.97468
80.96203
80.92405
80.98734
81.00000
80.98734
81.00000
81.00000
81.00000
80.93671
80.96250
80.94937
80.97468
81.27848
81.97468
82.01266
82.13924
81.78750
81.53165
81.91139
82.00000
82.00000
82.01266
82.01250
81.91139
81.75949
81.81013
81.75949
82.26582
82.44304
82.53750
82.15190
82.00000
82.05063
82.00000
82.02500
82.06329
82.03797
82.00000
82.00000
82.03797
82.12500
82.29114
82.40506
82.98734
83.00000
83.01266
82.67089
82.59494
82.32911
82.02532
82.02500
82.00000
82.00000
82.02532
82.05063
82.00000
82.03797
83.00000
82.97468
82.91139
82.01266
82.03750
82.02532
82.01266
82.01266
82.02532
82.03797
82.00000
82.00000
82.03797
82.00000
82.00000
82.02532
82.72152
82.96203
82.94937
82.50000
82.00000
82.06250
82.69620
82.77215
82.81013
82.78481
82.58228
82.28750
82.26582
83.05063
83.00000
82.84810
82.03797
82.01266
82.06250
82.08861
82.06329
82.00000
33.00000
1.68919
1.61333
1.71622
43.66234
84.67089
88.81013
111.67089
109.05063
160.65823
287.10390
286.09091
275.51899
262.16456
262.78481
261.56962
262.36709
261.51899
260.32911
260.25000
260.01266
259.83544
259.97500
96.85897
1.98718
1.27848
1.00000
1.03797
1.10127
1.66234
1.00000
1.49367
1.97500
2.25316
2.72152
2.49367
2.00000
1.05063
1.01250
1.03797
1.86076
1.96250
1.89744
1.98750
1.83544
1.68919
1.67568
1.58228
1.24051
1.30380
1.37500
1.31646
1.30380
1.37975
1.39241
1.68750
2.02532
2.12658
1.97468
1.41772
1.56962
1.30263
1.24359
1.38462
1.41558
1.35443
1.65823
1.58974
1.61039
1.40260
1.51899
1.79487
2.32911
2.20253
2.24051
2.07595
1.82278
1.76316
1.90541
1.86667
1.80645
1.71622
1.64000
1.72973
1.77027
1.64000
1.71622
1.82667
2.06329
2.03797
2.08861
1.84416
1.70270
1.63514
1.74667
1.67568
1.77027
1.66667
1.74324
1.81081
1.65333
1.70270
1.79730
1.73333
2.05063
2.12658
2.01266
1.87013
1.70270
1.76000
1.68919
1.77027
1.52632
1.31081
1.79487
2.02532
1.63291
1.47297
0.92405
1.46154
1.58667
1.62667
1.86667
1.79730
1.82432
1.87838
1.81333
1.81081
1.85135
2.05063
2.05063
2.01250
1.90789
1.78667
1.83784
1.81333
1.77027
1.82432
1.78667
1.50000
1.74667
1.94667
1.90541
1.93243
1.88000
2.11392
2.11392
2.05063
36.32911
41.51250
41.27848
116.07595
120.97468
119.62500
119.32911
119.00000
118.97468
119.00000
119.02532
119.10390
102.65333
41.11250
41.14286
41.24359
40.87179
40.22078
40.37179
37.96154
35.32895
35.82895
35.51316
35.94737
36.87179
36.44304
38.59740
40.54430
40.59494
40.86076
41.13924
36.05405
36.09459
36.06667
36.35135
40.89873
40.98734
41.98734
40.70886
40.49367
40.10000
41.10127
41.98734
42.07595
42.02532
42.02532
42.06329
41.73750
41.73418
41.84810
41.91139
41.97468
41.89873
41.84810
41.92500
41.67089
41.87342
41.88608
41.94937
42.28750
42.32911
42.39241
42.70000
42.36709
71.20253
54.72152
42.45570
42.21250
42.63291
42.73418
42.48101
42.01266
41.98750
42.00000
42.05063
42.00000
42.06329
42.97468
42.86076
42.85000
42.91139
42.10127
42.01266
42.00000
41.98734
42.00000
42.01266
42.00000
42.01266
42.03797
42.55696
42.98734
42.98734
42.84810
42.03750
42.01266
42.05063
42.01266
42.03797
42.02532
42.06329
42.00000
42.03750
42.05063
42.05063
42.07595
42.05000
42.07595
42.00000
42.81013
42.88750
42.86076
42.92405
42.05063
42.00000
42.01266
41.98734
41.98750
41.96203
41.86076
41.87342
41.96203
42.27848
42.27848
42.35000
42.13924
41.86076
41.38158
41.61039
41.82278
41.25316
41.32911
41.13924
41.50633
41.35443
41.15190
41.08861
41.13924
41.08861
41.13924
41.88608
41.85000
41.63291
41.49367
40.96203
41.02532
40.55844
40.88462
27.70886
1.60759
1.77215
1.68421
184.84615
289.32911
286.12658
284.49367
284.31646
283.16456
283.38750
282.77215
35.70667
1.87500
1.74684
1.67089
1.96203
1.94872
1.93243
1.87838
1.93333
1.78378
1.88158
2.01266
2.00000
2.03797
1.96104
1.85135
1.83784
1.84000
1.86486
1.86486
1.78667
1.85135
1.78378
1.84000
1.96000
2.00000
2.01266
1.97468
1.86486
1.86667
1.77027
1.85135
1.88000
1.86486
1.87838
1.88000
1.79730
1.77027
1.76000
1.83784
1.82432
1.96053
2.00000
2.05063
2.00000
1.94737
1.82432
1.85333
1.89189
1.81081
1.81333
1.87838
1.90541
1.89333
1.90541
1.90789
2.00000
2.00000
2.00000
1.87838
1.83784
1.71622
1.86667
1.83784
1.87838
1.93243
1.81081
1.81081
1.85135
1.89333
1.87838
1.94667
2.02532
2.06250
2.00000
1.89474
1.86486
1.91892
1.88000
1.79730
1.86667
1.81081
1.85135
1.87838
1.90541
2.00000
2.00000
2.00000
2.03896
1.76000
1.90541
1.86667
1.94737
1.87838
1.89189
1.82432
1.81333
1.90541
1.82432
1.88158
2.00000
2.01250
2.02532
1.93333
1.89189
1.85135
1.86486
1.83784
1.90541
1.89189
1.81081
1.87838
1.86667
1.87838
1.86486
1.75676
1.47368
1.55000
2.01266
1.97468
1.98734
1.26582
1.18987
1.05063
1.06250
1.39241
2.00000
2.00000
1.96203
2.00000
2.00000
2.00000
1.98667
1.37500
1.03797
1.54430
1.96203
1.82278
2.00000
2.00000
2.05063
2.00000
1.87342
1.87342
1.75000
1.18987
1.55696
1.64474
1.52000
1.64000
0.60526
0.49333
0.49333
1.85333
1.36364
1.06329
2.44304
39.82667
40.16456
75.40541
77.59459
77.97297
80.10667
81.98667
82.41558
82.60759
80.88608
81.15190
81.46835
82.15190
82.49367
82.31646
82.58750
82.29114
82.10127
82.12658
82.90000
83.00000
82.82278
82.86076
83.00000
82.50633
82.27848
82.33750
82.02532
82.82278
83.00000
82.62025
82.56962
82.91250
82.88608
83.03797
82.98734
83.00000
83.00000
51.03750
42.02532
42.00000
42.00000
42.02500
42.00000
42.00000
42.00000
42.05063
42.00000
42.03797
43.00000
43.01266
42.97468
42.79747
42.28750
42.02532
42.00000
42.00000
42.05063
42.00000
42.00000
42.00000
42.03797
42.00000
42.00000
42.00000
42.08861
42.96203
42.98734
42.97468
42.98750
42.32911
42.00000
42.05000
42.00000
42.00000
42.00000
42.03797
42.00000
41.98750
42.00000
42.02532
42.00000
42.00000
42.63291
42.96203
42.86250
42.73418
42.60759
42.00000
42.02500
42.08861
42.06329
42.02532
42.01266
42.08861
42.10127
42.21250
93.76923
84.17500
82.40506
81.55696
82.12658
82.05063
82.00000
82.00000
81.72152
81.21519
81.01250
80.96203
80.23077
79.89744
79.98734
82.34177
285.72152
283.56250
282.19231
279.35526
280.26250
257.87179
48.14103
2.00000
2.03797
2.00000
2.00000
1.86667
1.68919
1.78667
1.91892
1.89189
1.78667
1.82432
1.77027
1.80000
1.79730
1.77333
1.91892
1.81081
1.90909
2.00000
2.02532
2.01266
2.00000
1.72000
1.86486
1.73750
178.12658
248.20253
246.78481
245.74684
246.78481
142.39241
1.74684
1.75641
1.66216
1.70667
1.71622
2.05063
2.00000
2.05063
2.00000
1.92308
1.84000
1.81081
1.78378
1.73333
1.81081
1.82432
1.62667
1.68919
1.78378
1.77333
1.75676
1.80000
1.82192
1.82667
1.98718
2.00000
2.03797
2.00000
1.93590
1.87838
1.82667
1.82432
1.83784
1.86486
1.80000
1.56757
1.67568
1.73333
1.54054
1.58667
1.74324
1.67568
1.78378
1.90909
2.02532
2.00000
2.00000
1.97468
1.77027
1.78378
1.77333
1.81081
1.81081
1.81333
1.78667
1.75676
1.78667
1.81081
1.72973
1.73333
1.81081
1.67568
1.92105
2.05063
2.00000
2.01266
2.00000
1.82895
1.78667
1.86486
1.86486
1.84000
1.79730
1.74324
1.81333
1.79730
1.72973
1.76000
1.74324
1.74324
1.75676
1.74667
2.00000
2.00000
2.00000
2.03797
1.93671
1.78378
1.82432
1.83784
1.87838
1.77027
1.81081
1.79730
1.79730
1.86486
1.80000
1.75676
1.77027
1.78378
1.82432
1.98718
2.00000
2.00000
2.03797
1.97468
1.83784
1.78378
1.77333
1.77027
1.76000
1.75342
1.77333
1.79730
1.83784
1.65333
1.77027
1.77027
1.84000
1.78378
1.82667
2.00000
2.00000
2.01266
2.00000
5.31250
41.12658
41.02532
41.00000
41.00000
41.02532
41.00000
41.00000
41.00000
41.03797
41.07595
41.05000
41.00000
41.07595
41.12658
41.86076
42.02532
42.00000
42.00000
41.91139
41.59494
41.83750
42.00000
41.98734
42.00000
41.98734
41.98734
41.45000
41.43038
41.53165
41.79747
41.75949
41.91250
41.88608
41.96203
42.12658
42.06329
42.05063
42.12500
41.96203
41.98718
42.00000
42.01266
42.00000
42.00000
42.00000
42.02532
42.00000
42.00000
42.00000
42.05063
42.00000
42.00000
42.10127
42.69620
42.79747
42.77215
42.78481
42.21519
42.00000
42.00000
42.02532
42.00000
42.00000
42.00000
42.02532
42.00000
42.00000
42.00000
42.06329
42.00000
42.00000
42.05000
42.69620
42.94937
43.00000
43.00000
42.60759
42.00000
42.00000
42.00000
42.01250
42.01266
42.05063
42.02532
42.00000
42.00000
42.03797
42.00000
42.00000
42.00000
42.03797
42.59494
42.91139
42.89873
42.81013
42.40000
42.00000
42.01266
42.00000
42.00000
42.02532
42.07500
42.05063
42.01266
42.00000
42.01266
42.01266
42.01266
42.02500
42.05063
42.00000
42.78481
42.50633
42.65823
42.31646
42.06329
41.31646
41.40506
41.59211
41.69231
41.05063
41.00000
40.98750
41.00000
40.93671
40.96203
41.00000
41.02532
41.90000
42.00000
42.00000
41.48750
57.11392
123.58228
108.83544
33.00000
1.22785
1.41772
1.81013
1.66250
1.64557
1.81013
1.73418
1.71250
1.79747
2.00000
2.05000
1.97468
1.70886
1.83544
1.75949
1.73418
1.65823
1.72500
1.68354
1.75949
1.75949
1.78481
1.72500
1.69620
2.00000
2.15190
3.00000
3.00000
2.84810
1.83750
1.72152
1.65823
1.96203
2.02500
2.00000
2.00000
2.03797
2.00000
2.00000
1.69620
1.63291
1.75949
1.68750
1.75949
1.72152
1.72152
1.66250
1.70886
1.68354
1.74684
1.70000
1.87179
2.00000
2.00000
2.00000
1.75949
1.64557
1.62025
1.68750
1.79747
1.70886
1.64557
1.73418
1.69620
1.70886
1.63291
2.03797
2.00000
2.00000
1.74684
1.69620
1.81013
1.70886
1.77215
1.77215
1.80000
1.68354
1.74684
1.79487
1.73418
1.95000
2.03797
2.00000
1.91250
1.79747
1.70886
1.70886
1.73418
1.75000
1.72152
1.72152
1.69620
1.77500
1.77215
1.73418
2.00000
2.03797
2.00000
1.70886
1.84810
1.75000
1.74684
1.73418
1.64557
1.74684
1.65823
1.72500
1.69620
1.72152
1.86076
2.00000
2.03797
1.96250
1.78481
1.73418
1.68354
1.71250
1.65823
1.68354
1.70886
1.59494
1.70886
1.65823
1.75000
1.92405
2.01266
2.03797
1.87500
1.63291
1.67089
1.69620
1.78481
1.73418
1.62500
1.56962
1.73418
1.68354
1.59494
1.57500
1.91139
2.00000
2.03797
1.83544
15.46250
41.00000
41.00000
40.98701
41.01266
41.01266
41.00000
41.00000
41.03797
41.24051
41.96203
42.00000
41.94937
41.03797
41.00000
41.00000
41.02532
41.00000
41.00000
41.00000
41.10127
41.00000
41.00000
41.91250
42.01266
42.00000
41.55696
41.15190
52.20253
41.01250
41.07595
41.20253
41.20253
41.33750
41.26582
41.36709
41.46835
41.64557
42.13924
42.06250
42.00000
41.94937
41.82278
41.93671
41.93671
42.00000
41.96203
42.00000
42.00000
41.98734
41.97500
41.98734
42.00000
42.41772
42.81250
42.93671
42.53165
42.00000
41.98734
41.98734
42.00000
42.02532
41.97468
42.00000
42.00000
42.02500
42.00000
42.00000
42.46835
42.98734
42.97468
42.74684
42.03797
42.01250
42.00000
42.00000
42.05063
42.00000
42.00000
42.00000
42.05000
42.00000
42.00000
42.58228
42.98734
42.98734
42.87342
42.05000
42.02532
42.08861
42.03750
42.06329
42.11392
42.02500
42.01266
42.08861
42.00000
42.00000
42.34177
43.00000
43.00000
42.84810
42.03797
42.00000
42.00000
42.01266
42.03797
42.00000
42.00000
42.00000
42.00000
42.00000
42.00000
42.17722
42.91139
42.63291
43.00000
42.08861
42.00000
42.00000
42.00000
41.88608
41.88750
42.00000
42.00000
42.00000
41.98734
42.00000
54.77500
89.21519
81.70513
80.39474
80.74026
80.06329
80.00000
80.07595
80.74684
79.63636
79.44304
1.83544
1.73750
1.77215
1.77215
1.65789
2.00000
2.00000
2.00000
1.80263
1.70270
1.74324
1.74324
1.54054
1.71622
1.61333
1.70270
1.65333
1.68919
1.75676
1.78667
2.00000
2.00000
1.97500
1.66216
1.70667
1.74324
1.73333
1.77027
1.78378
1.69333
1.77027
1.72973
1.77333
1.70270
1.89610
2.00000
2.00000
1.82051
1.68919
1.76000
1.77027
1.67568
1.70270
1.78378
1.75676
1.65333
1.69841
1.66216
1.80000
2.05063
2.00000
1.97468
1.70667
1.64865
1.72000
1.74324
1.75676
1.77333
1.74324
1.78378
1.72000
1.85135
1.70270
1.90909
2.02532
2.00000
1.84416
1.74324
1.78378
1.73333
1.77027
1.70270
1.68000
1.63514
1.78378
1.67568
1.68919
1.68919
2.07500
2.05063
2.00000
1.81333
1.76000
1.79730
1.71622
1.79730
1.77027
1.72973
1.74324
1.75676
1.81081
1.74667
1.89474
2.00000
2.05063
1.94805
1.63514
1.74667
1.79730
1.70270
1.68919
1.79730
1.72973
1.74667
1.74324
1.77027
1.76000
2.00000
2.00000
2.02532
1.76000
1.67568
1.84000
1.70270
1.72973
1.80000
1.71622
1.78378
1.77333
1.72973
1.78378
2.02597
2.00000
2.00000
0.00000
0.00000
0.00000
0.00000
0.00000
0.00000
0.00000
0.00000
0.00000
0.00000
0.00000
0.00000
0.00000
0.00000
0.00000
0.00000
0.00000
0.00000
0.00000
0.00000
0.00000
0.00000
0.00000
0.00000
0.00000
0.00000
0.00000
0.00000
2.00000
1.87013
1.71622
1.66216
1.76000
1.81081
1.74324
1.78667
1.81081
1.75676
1.66667
1.62162
1.84000
2.03797
2.00000
2.00000
1.81081
1.67568
1.68000
23.02564
41.31250
41.12658
41.01266
41.08861
41.08861
41.40506
41.64557
41.86250
42.06329
42.00000
41.78481
41.56962
41.78481
42.00000
41.96250
41.96203
41.79747
41.73418
41.82500
41.91139
41.94937
42.16456
42.84810
42.41772
42.30380
42.00000
42.02532
41.98750
42.00000
41.98734
42.00000
41.98750
42.00000
42.00000
42.02532
42.00000
42.45570
42.90000
42.91139
42.56962
42.00000
42.01266
42.00000
42.00000
42.00000
42.03797
42.00000
42.00000
42.00000
42.01266
42.06329
42.98750
43.00000
42.97468
42.00000
42.00000
42.05063
42.00000
42.00000
42.01266
42.03797
42.01266
42.00000
42.00000
42.05063
42.73418
42.98734
42.97500
42.33333
42.00000
42.00000
42.02532
42.00000
42.00000
42.00000
42.02500
42.00000
42.00000
42.01266
42.36709
42.91139
43.00000
43.31250
43.56962
42.84810
42.00000
42.02532
42.00000
42.97500
42.94937
42.96203
42.94872
42.85000
42.65823
42.68750
41.98734
42.00000
42.02532
42.00000
41.93750
41.93671
41.98734
120.72152
90.37500
71.13924
30.58228
3.89333
1.84615
1.88608
1.58442
2.00000
1.96203
1.65823
1.02532
1.02500
1.60759
1.26582
1.24051
1.60000
1.86842
1.68919
1.62162
1.96104
2.05063
2.00000
2.00000
1.89474
1.74324
1.76712
1.75000
1.75676
1.77333
1.77027
1.85333
1.63514
1.75676
1.78378
1.70667
1.84416
2.00000
2.00000
2.00000
1.77922
1.81081
1.74324
1.70270
1.84000
1.60811
1.71622
1.68919
1.85333
1.75676
1.70270
1.85333
1.77027
1.80263
2.00000
2.05063
2.00000
1.95000
1.74324
1.70667
1.82432
1.71622
1.78667
1.79730
1.78378
1.72000
1.83784
1.85135
1.76000
1.79730
1.86667
2.00000
2.00000
2.00000
1.92308
1.75676
1.69333
1.77027
1.81333
1.82432
1.79730
1.78667
1.67568
1.77027
1.76000
1.79730
1.75676
1.76000
1.80000
2.02532
2.00000
2.00000
2.02532
1.80000
1.74324
1.78378
1.80000
1.72973
1.82432
1.85333
1.75676
1.79730
1.85333
1.86486
1.81081
1.82667
1.78378
2.07595
2.00000
2.00000
2.00000
1.88000
1.78667
1.83784
1.83784
1.80000
1.81333
1.77027
1.81333
1.75676
1.74324
1.80000
1.85135
1.87838
1.90789
2.00000
2.02532
2.00000
2.00000
1.82667
1.86667
1.86486
1.89189
1.85333
1.86486
1.83784
1.82667
1.87838
1.87838
1.90667
1.83784
1.86486
1.82432
1.96203
2.00000
2.03797
2.00000
1.86250
1.70886
1.81013
132.44304
210.44304
207.92405
92.87500
83.06329
81.98734
81.87342
81.35443
81.00000
81.00000
80.88750
81.13924
81.11392
81.07595
81.00000
80.68354
79.98734
79.97500
80.31646
80.67089
80.89873
80.78481
80.58228
80.53165
80.72152
80.38750
80.05063
80.03797
80.05063
80.22785
80.93671
80.97500
80.96203
80.93671
80.39241
80.16456
42.42500
41.29870
41.21333
41.68421
41.28000
41.55263
41.94937
41.94937
42.10000
42.41558
42.10390
42.15190
42.06494
41.73077
41.72368
42.00000
41.87342
41.81579
41.52000
41.72368
41.96104
42.17500
42.10127
42.03797
42.02532
42.02500
42.14103
42.93750
43.00000
42.98734
67.83544
49.63291
42.96203
42.97500
43.00000
43.00000
42.79747
42.37975
42.21519
42.37500
42.16456
42.11392
42.22785
42.13924
42.11392
42.54430
43.05000
43.00000
43.00000
42.88608
42.48101
42.63291
42.48101
42.11392
42.10000
42.13924
42.07595
42.12658
42.11392
42.20253
42.26582
42.40506
42.21250
42.10127
42.96203
43.00000
43.00000
43.00000
42.35000
42.12658
42.12658
42.08861
42.18987
42.20253
42.18987
42.17500
42.31646
42.46835
42.41772
42.48750
42.25316
42.21519
42.53165
43.05063
43.00000
43.00000
42.74684
42.03797
42.06329
42.08861
42.27500
42.35443
42.25316
42.45570
42.50633
42.59494
42.46250
42.50633
42.10127
42.03797
42.37975
43.00000
43.02500
42.97468
42.51899
42.05063
42.00000
42.26582
42.44304
42.62025
42.21519
42.01266
26.98718
20.61039
1.41333
1.50000
1.94872
1.93671
1.64557
1.01266
1.05063
1.00000
1.01266
1.39241
30.50000
278.50633
290.07500
287.80769
269.51899
261.49367
156.48750
2.90789
2.61039
2.00000
1.93590
1.41333
1.39474
1.48052
1.41333
1.47368
43.97368
82.57895
81.40789
80.70667
80.45455
80.20779
80.03947
80.48101
80.92405
81.00000
81.02500
80.51899
80.83544
81.21519
20.61842
1.74324
1.72973
2.10127
2.01266
2.00000
2.00000
1.78947
1.72000
1.65333
1.68919
1.77027
1.79730
1.81081
1.71622
1.85333
1.74324
1.75676
1.81081
1.94737
2.85897
2.02532
2.05063
2.00000
2.00000
2.00000
2.00000
1.84810
1.82278
1.82500
1.81013
1.82278
1.79487
1.87342
1.86076
2.00000
2.00000
2.05063
1.91026
1.72973
1.85135
1.81333
1.75676
1.75676
1.75676
1.70270
1.81081
1.70667
2.62821
2.00000
2.00000
1.96203
1.78378
1.77027
1.82432
1.76000
1.75676
1.85333
1.82432
1.78378
1.75676
1.82667
1.86667
2.02532
2.00000
2.00000
2.00000
1.77215
1.72152
1.72152
1.76250
1.75949
1.75949
1.75949
1.76250
1.68354
1.72152
1.77215
1.70886
1.81013
1.74684
1.68750
1.72152
1.67089
1.86076
1.65823
1.72152
1.98750
11.64557
2.05063
2.00000
2.00000
1.60759
1.74684
1.20253
0.98734
0.98718
0.97468
1.08861
1.80000
2.19231
2.26250
1.79221
1.00000
1.02532
1.08861
1.98734
9.56962
42.01266
42.00000
42.00000
41.64103
41.78378
41.82667
41.98649
41.19737
40.77027
40.26582
40.51282
38.01266
35.65000
35.60759
35.23750
35.32911
36.05195
36.06579
40.55128
40.69620
41.13924
41.48101
38.71429
37.13158
37.50000
37.62821
41.31081
41.82432
43.39744
47.08861
40.47500
40.00000
41.62025
41.98734
42.00000
42.00000
42.00000
41.98734
42.00000
41.98750
42.16667
42.95000
42.98734
42.97468
42.74684
42.00000
41.96203
41.93671
41.93750
42.00000
41.96203
42.00000
42.00000
42.00000
41.98734
42.00000
42.03797
42.03750
42.01266
42.00000
42.01266
42.00000
42.20253
43.00000
43.00000
42.98750
43.00000
42.51899
42.40506
42.40000
42.43038
42.64557
42.26582
42.74684
42.92500
42.88608
42.81013
42.93671
42.94937
43.02532
43.00000
43.00000
43.01266
42.10127
42.01266
42.03797
42.03797
42.13750
42.18987
42.17722
42.20253
42.08861
42.18750
42.18987
42.34177
42.41772
42.32911
42.21519
42.15190
42.18987
42.16250
42.93671
43.05063
43.00000
43.00000
42.51899
42.31646
42.20253
42.11250
42.25316
42.05063
42.03797
42.07595
42.46835
43.00000
43.00000
42.81013
42.13924
42.06329
42.11392
42.31646
42.27848
42.00000
42.00000
42.03797
42.02532
42.02500
42.00000
42.03797
42.00000
42.01266
42.03750
12.25641
1.24051
1.51899
1.96154
2.55844
2.21795
1.74684
1.05063
1.02532
1.05000
1.02532
1.07595
1.06329
1.03797
1.05000
1.01266
1.02532
1.01250
1.35443
1.60759
1.75949
1.53750
1.62025
52.43038
138.67089
289.88462
284.58442
281.36709
277.24675
278.64103
277.15190
255.70513
102.01282
2.00000
2.39744
1.84810
1.87342
2.03797
2.00000
1.93671
1.91139
1.91139
1.68750
1.74684
1.73418
1.69620
1.67089
1.62500
1.77215
1.81013
1.65823
1.70886
1.74684
1.70886
1.75949
1.78750
1.73077
2.03797
2.00000
2.02500
2.00000
1.97468
1.75949
1.70886
1.70886
1.78481
1.76250
1.65823
1.74684
2.00000
1.98750
1.64557
1.77922
1.00000
1.03797
1.05063
1.54430
1.58750
1.68354
1.74684
1.68354
1.69620
1.93671
2.00000
2.00000
2.03750
1.12658
1.00000
1.02532
1.08861
1.03797
1.11250
1.05063
1.11392
1.07595
1.08861
1.16456
1.18750
1.49367
2.00000
2.02532
2.00000
1.91139
1.21250
1.20253
1.36709
1.36709
1.41772
1.57500
1.83544
2.02532
2.03797
1.97468
2.01250
1.87342
1.78481
1.81013
1.81013
1.80000
1.75949
1.81013
1.83544
1.79747
1.74684
1.73750
1.84810
1.86076
1.77215
1.88608
1.73418
1.80000
1.88608
1.79747
2.03797
2.07500
2.01266
2.00000
2.02532
1.86076
11.05000
1.77215
1.73418
1.81013
1.82278
2.00000
1.91026
0.55696
1.62025
2.00000
4.77922
10.08861
0.86076
0.81013
0.94872
1.03797
1.05063
1.58228
1.95000
2.00000
2.01266
68.61039
206.05128
204.11392
204.93671
238.83544
262.12500
260.62025
132.26582
1.25316
1.27500
1.22785
1.37975
1.26582
1.25316
1.26582
1.35000
1.26582
6.39241
1.31646
1.31646
1.30000
1.30380
7.73418
2.00000
4.77500
2.00000
1.37975
1.43038
1.43038
2.50000
2.72000
2.97297
2.96000
2.95946
2.91892
1.68831
0.98734
1.50633
29.17949
42.25974
42.14103
38.00000
37.28947
38.75000
41.03797
41.17500
41.05063
49.50633
57.85135
37.16216
37.29730
41.07692
42.00000
42.76250
41.69620
40.88608
41.01266
41.98734
42.43038
42.55696
42.96203
43.00000
43.00000
43.00000
43.00000
42.56962
41.98734
42.06250
42.02564
42.00000
42.01266
42.12658
42.01266
42.25000
42.98734
43.00000
42.98734
42.46835
42.06329
42.07500
42.00000
42.00000
42.06329
42.01250
42.03797
42.01266
42.08861
42.01266
42.02532
42.06329
42.01250
42.02532
42.01266
42.06329
42.02500
42.00000
42.00000
42.18987
43.00000
43.00000
42.97468
42.98734
42.98734
42.12500
42.03797
42.00000
42.00000
42.01266
42.06329
42.01250
42.25316
43.00000
42.98734
43.00000
42.26250
42.24051
42.44304
42.49367
42.41772
42.27848
42.00000
42.00000
42.00000
42.03797
42.02532
42.00000
42.01266
42.03750
42.00000
42.00000
48.70886
125.16456
122.29487
120.97436
121.02703
269.45946
328.10811
325.98718
324.57500
322.34177
316.79747
299.12658
84.08861
41.63750
41.12000
25.02532
2.41772
3.00000
3.00000
2.76923
1.73418
1.86076
1.88608
2.07595
2.00000
2.01266
2.05000
2.00000
2.00000
2.00000
2.03750
1.72152
1.36709
1.35443
1.31646
1.35443
1.39241
1.39241
1.43750
1.41772
1.96104
2.00000
7.81013
1.91139
1.58228
0.61538
1.46835
1.44304
1.40506
1.37975
1.40506
1.10127
1.41772
1.38750
1.44304
21.44304
17.25316
1.36709
1.41772
1.32500
1.44304
2.01266
2.06329
2.01266
2.03797
2.00000
1.73418
1.78481
1.77215
1.68354
1.82278
2.16456
1.97436
1.78481
1.85000
1.81013
1.72152
6.86076
1.74684
1.75000
1.78481
1.26582
1.10127
1.76250
2.00000
2.00000
2.01266
2.00000
1.53165
1.24051
1.29114
1.41250
1.37975
1.41772
1.48101
1.46835
1.58228
1.55696
1.72500
1.72152
1.74684
1.69620
1.80000
1.73418
1.75949
1.69620
1.70886
1.86076
2.01266
2.03750
2.00000
2.00000
1.91250
1.74684
1.64557
1.59494
1.67089
1.69620
1.51899
1.65000
1.70886
1.63291
1.69620
1.68354
1.63291
1.42500
1.17722
1.48101
1.87013
2.00000
1.93421
1.92000
1.90789
2.28000
2.50000
1.05128
0.22785
6.20253
0.56962
1.81818
3.02703
2.52632
2.03797
1.68831
1.00000
1.22973
1.84810
0.43038
0.20253
0.24051
1.12821
27.50633
38.11250
18.83333
1.42308
1.43038
1.42105
1.76623
1.06329
1.00000
1.22785
1.06329
1.10127
1.52500
1.96154
2.05000
2.00000
1.81013
1.65823
1.54430
1.54430
1.62025
1.63291
1.63750
1.63291
2.00000
2.03797
1.91139
1.70886
1.62025
1.76250
7.97468
41.98734
41.98734
41.88608
42.02532
42.34177
42.35000
42.00000
42.00000
42.00000
43.15584
42.00000
41.98734
42.30380
42.51250
42.70886
42.05063
42.00000
42.00000
42.00000
42.00000
42.03797
42.00000
48.18750
43.11392
43.44304
43.22785
43.00000
43.00000
42.08861
42.01266
42.01266
42.05063
42.10127
42.55696
43.00000
42.84810
66.15190
49.36709
42.41772
42.78750
42.25316
42.10127
42.08861
42.67500
43.00000
42.64557
42.21519
42.15190
42.22785
42.56962
42.47500
42.35443
42.13924
42.84810
43.02532
42.43038
42.07595
42.02500
42.06329
42.03797
42.12658
42.06329
42.11392
42.62500
43.00000
42.68354
42.16456
42.12500
42.08861
42.15190
42.07595
42.03797
42.05063
42.20253
43.00000
43.00000
42.08861
42.07595
42.05063
42.13750
42.12658
42.08861
42.01266
42.02532
42.64557
42.98750
42.44304
42.06329
42.07595
42.05063
42.02532
42.01266
42.08861
42.03797
42.28750
43.03797
43.00000
42.02532
42.01266
42.00000
42.00000
41.97468
42.00000
41.98734
42.00000
88.54430
125.22500
168.67089
329.82278
324.70886
319.94595
320.57895
321.37179
305.83544
295.88608
108.56410
39.22973
40.07692
40.22785
40.00000
40.00000
40.00000
40.00000
40.00000
40.00000
40.06329
40.18987
40.98734
41.00000
40.01266
40.01266
40.06329
40.07595
40.02532
40.01266
40.00000
40.00000
40.56962
40.96203
40.36709
40.00000
40.00000
40.00000
40.00000
40.00000
40.00000
40.00000
40.08861
40.88608
40.86076
40.00000
40.00000
39.98734
40.00000
39.98734
40.00000
40.00000
40.00000
40.53165
40.97500
40.50633
40.00000
40.00000
40.00000
40.00000
40.00000
40.00000
40.08861
40.86076
40.81013
40.01266
39.98734
40.00000
40.00000
40.00000
40.00000
40.00000
40.00000
40.43038
40.72152
40.49367
40.00000
40.00000
40.00000
40.00000
40.00000
40.00000
40.02500
40.01266
40.96203
40.98734
40.13924
40.07595
40.00000
40.00000
170.56962
249.80000
256.50633
305.24051
231.86076
213.55696
40.58228
40.08861
40.96154
40.05063
40.00000
40.01266
40.00000
40.00000
40.22785
40.96250
40.87342
40.00000
40.00000
40.00000
40.00000
40.00000
40.00000
40.00000
40.00000
40.16456
40.97468
40.90000
40.00000
40.00000
39.98734
40.00000
40.00000
39.98734
39.98750
40.00000
40.17500
40.72152
40.29114
39.21519
39.11392
39.31646
39.57500
39.92405
39.93671
39.94937
39.75949
40.13924
40.16250
40.18987
40.03846
39.25316
39.20253
39.10127
39.26582
39.26250
39.32911
39.51899
40.00000
40.03797
40.01250
39.96154
39.59494
39.20000
39.17722
39.29114
39.13924
37.05063
38.41772
39.22785
39.34615
40.00000
39.31646
39.74684
38.94937
39.59494
38.84810
39.12821
39.87342
39.36250
39.54430
39.74684
39.72152
40.21250
40.36709
40.39241
40.10127
39.98734
39.91139
39.93421
40.00000
40.00000
40.00000
46.40506
40.45570
41.11392
41.32500
41.49367
41.05063
40.00000
40.00000
40.02532
41.00000
41.00000
35.30380
9.03797
0.13924
0.16456
0.12500
0.07595
0.00000
0.00000
8.94937
0.00000
0.00000
0.00000
0.00000
0.00000
0.27848
0.17722
0.11250
0.16456
0.00000
7.82278
0.00000
0.00000
0.00000
0.00000
0.00000
0.10000
4.32911
18.88608
41.05063
40.96250
40.94937
41.00000
41.00000
41.00000
41.00000
41.00000
41.03797
41.06250
41.07595
40.92405
41.00000
40.94937
40.98734
41.00000
41.00000
41.00000
41.00000
40.97468
52.39241
63.03797
40.80000
38.70130
35.70130
35.74667
37.93506
39.98734
40.27848
40.08861
39.81013
35.39726
35.18919
35.85526
40.15190
40.31646
41.01266
39.35000
39.00000
39.07595
39.39241
39.00000
39.69620
40.50633
40.62025
40.71250
40.48101
40.72152
41.00000
40.98734
40.49367
40.31646
40.36709
40.52500
40.35443
40.07595
40.01266
40.00000
40.00000
40.00000
40.35000
41.00000
61.59494
123.45000
121.39241
118.84416
119.13158
119.76923
119.53165
118.93671
118.53846
118.87838
119.54667
119.88462
119.96203
118.98701
119.14474
120.03797
40.00000
40.00000
40.00000
26.86076
0.00000
0.18987
0.20253
0.06329
0.00000
0.00000
0.00000
0.00000
0.00000
0.00000
0.00000
0.00000
0.00000
0.13158
0.13750
0.08861
0.00000
0.00000
0.00000
0.00000
0.00000
0.00000
0.00000
0.00000
0.18750
0.13924
0.01333
0.00000
0.00000
0.00000
0.00000
0.00000
0.00000
0.00000
0.00000
0.00000
0.00000
0.18987
0.15190
0.03846
0.00000
0.00000
0.00000
0.00000
0.00000
0.00000
0.00000
0.11688
0.10127
0.05063
0.00000
0.00000
0.00000
0.00000
0.00000
0.00000
0.00000
0.00000
0.00000
0.00000
0.18987
0.13924
0.03846
0.00000
0.00000
0.00000
0.00000
0.00000
0.00000
0.00000
0.00000
0.00000
0.16883
0.08861
0.06329
0.00000
0.00000
0.00000
0.00000
0.00000
0.00000
0.00000
0.00000
0.00000
0.16883
0.07595
0.10127
0.00000
0.00000
0.00000
0.00000
0.00000
0.00000
0.00000
0.00000
0.00000
0.25316
0.06329
0.03896
0.00000
0.00000
0.00000
0.00000
0.00000
0.00000
0.00000
0.00000
0.00000
0.09091
0.16456
0.07692
0.00000
0.00000
0.00000
0.00000
0.00000
0.00000
0.00000
0.09211
0.11392
117.77215
209.24051
206.34177
206.23750
256.50633
262.73418
62.65333
0.00000
0.00000
0.00000
0.00000
0.14474
0.05000
0.05063
0.00000
0.00000
0.00000
0.00000
0.00000
0.00000
0.00000
10.41250
40.01266
40.00000
39.39241
39.01266
39.00000
39.07595
46.56962
39.67532
39.81013
40.01266
40.08861
40.02500
39.73418
39.68354
39.94937
39.93671
39.92405
39.77500
39.65823
39.75949
39.93671
45.11392
40.00000
40.63750
40.29114
40.20253
40.00000
40.00000
40.00000
40.00000
40.00000
40.00000
40.00000
40.52564
41.00000
41.00000
40.24051
40.00000
40.00000
40.00000
40.01266
40.05063
40.18987
41.00000
41.00000
40.17722
40.21519
40.24051
40.13924
40.08861
40.05000
40.17722
51.69620
41.00000
40.97468
40.36709
40.31646
40.27848
40.27848
40.31646
40.46250
40.53165
40.74684
41.00000
41.02532
40.79747
40.91250
40.83544
40.50633
40.25316
40.21250
40.25316
40.65823
41.01266
41.01266
40.89873
40.62025
40.63750
40.68354
40.86076
40.91139
40.74684
40.66250
40.88608
41.00000
40.89873
40.87342
40.74684
40.77500
40.65823
40.74684
40.83544
40.92500
41.01282
41.10000
41.01266
40.81013
40.69620
40.87500
40.87179
40.68354
40.70000
40.54430
40.48101
40.94937
41.06329
40.88608
40.77500
40.50633
40.11392
40.01266
40.00000
40.07595
40.13924
40.13924
40.02532
40.30380
41.00000
41.00000
40.32911
40.10000
40.05063
40.03797
40.05063
40.16456
40.05063
40.15000
41.00000
40.98734
40.07595
40.00000
40.00000
40.00000
40.00000
40.00000
40.00000
24.81013
0.13924
0.02597
0.15385
0.00000
0.00000
0.00000
0.00000
0.00000
0.00000
0.00000
0.00000
0.00000
0.00000
0.00000
0.10127
0.30380
0.16456
1.00000
0.06329
0.00000
0.00000
0.00000
0.00000
0.00000
0.00000
0.00000
0.00000
0.00000
0.08861
0.18987
0.13924
0.10000
0.00000
0.00000
0.00000
0.00000
0.00000
0.00000
0.00000
0.20253
0.10127
0.10127
0.00000
0.00000
0.00000
0.00000
0.00000
0.00000
0.00000
81.90000
81.34177
37.65823
0.64935
0.00000
0.00000
0.00000
0.00000
0.00000
0.00000
0.00000
0.14474
0.27848
0.21519
0.01316
0.00000
0.00000
0.00000
0.00000
0.00000
0.00000
0.00000
0.25000
0.12500
0.11392
0.00000
0.00000
0.00000
0.00000
0.00000
0.00000
0.00000
0.00000
0.25316
0.15000
0.15190
0.00000
0.00000
0.00000
0.00000
0.00000
0.00000
0.00000
0.00000
0.00000
0.01266
0.00000
0.00000
0.00000
0.00000
0.00000
0.00000
0.00000
0.00000
0.12500
0.68354
1.02532
0.98734
0.25316
0.00000
3.50000
26.91139
0.05063
0.17500
0.18987
0.16456
0.12658
0.13924
0.06250
0.01266
0.00000
0.00000
0.00000
0.00000
0.00000
0.00000
0.03797
0.22785
0.13924
0.17500
0.01266
0.00000
0.00000
0.00000
0.00000
0.00000
0.00000
0.00000
0.03750
0.00000
0.00000
0.00000
0.00000
0.00000
0.00000
0.00000
0.00000
0.00000
0.00000
0.06329
0.06329
0.05000
0.02532
0.00000
0.00000
0.00000
0.00000
0.00000
0.00000
0.00000
0.00000
0.11250
0.03797
0.03797
0.01266
0.00000
0.00000
0.00000
0.00000
0.00000
15.63291
2.18750
0.00000
5.39241
40.31646
40.49367
40.21519
39.98750
39.97468
39.98734
40.00000
39.98734
40.00000
40.00000
40.00000
40.39241
40.79747
40.72500
40.19231
40.00000
40.03797
40.05063
40.00000
40.00000
40.01266
40.00000
40.00000
40.65823
41.00000
41.00000
40.43038
40.77215
40.32911
40.34177
40.37975
40.39241
40.30380
40.26582
40.43038
40.97500
41.00000
40.89873
48.52500
55.53165
40.68354
40.77215
40.70886
40.70886
40.84810
40.87500
41.05063
41.24051
41.08861
41.02500
40.96203
40.96203
41.00000
40.92405
40.88750
40.83544
40.87342
40.93671
41.12658
41.20253
41.10000
40.89873
40.88608
40.88608
40.96250
40.96203
40.97468
40.92405
40.93671
40.96203
41.40000
41.25316
41.16456
40.97468
40.88608
40.87342
40.93750
40.87179
40.92500
40.89744
40.59494
40.83544
41.12658
41.17722
40.98734
40.93671
40.83544
40.48750
40.54430
40.87342
40.78481
40.62025
40.62500
40.89873
41.00000
40.89873
40.37975
40.22500
40.02532
40.01266
40.24051
40.35443
40.55000
40.43038
40.53165
41.00000
41.00000
53.58228
124.37975
122.74684
106.44304
80.16456
79.96250
41.96154
0.00000
0.02667
0.00000
0.00000
0.00000
0.00000
0.00000
0.00000
0.00000
0.00000
0.00000
0.00000
0.00000
0.00000
0.17500
0.06494
0.01299
0.00000
0.00000
0.00000
0.00000
0.00000
0.00000
0.00000
0.00000
0.00000
0.00000
0.03750
0.22785
0.20253
0.16456
0.00000
0.00000
0.00000
0.00000
0.00000
0.00000
0.00000
11.63291
181.55696
181.02532
180.72152
192.85000
242.24051
180.41772
180.51899
180.39241
180.77215
180.98734
180.91139
181.11538
180.88608
180.88462
181.06494
181.47368
178.76316
179.09333
178.97403
180.16883
182.00000
181.98701
182.03750
181.13924
180.20253
179.73750
179.94937
180.08861
180.10127
180.01266
180.01266
179.45570
179.17500
180.01266
180.87342
181.34177
181.70886
180.78481
180.41250
180.26582
180.94937
181.00000
181.01266
181.55696
181.75949
181.96203
181.10127
181.94937
182.73750
181.74684
181.21519
181.27848
181.17722
181.77215
181.55000
181.06329
181.06329
180.96203
180.73418
180.67089
170.16456
83.78750
81.84810
80.94937
79.94937
79.34177
79.32911
79.55000
79.30380
6.03797
0.00000
0.00000
0.08861
0.33750
0.17722
0.06329
0.00000
0.00000
0.00000
0.00000
0.00000
0.00000
0.00000
0.00000
0.00000
0.00000
0.13924
0.36709
0.25316
0.10127
0.00000
0.00000
0.00000
15.69620
36.96203
0.00000
0.00000
0.00000
0.00000
0.00000
0.08861
0.40506
0.31250
0.21519
0.15190
0.16250
0.03797
0.00000
0.00000
0.00000
0.00000
0.00000
0.00000
0.00000
0.18987
0.25316
0.17722
0.25000
0.01316
5.25316
131.36842
3.97297
2.59211
0.00000
0.00000
0.00000
0.00000
2.94667
2.80000
37.80000
0.12658
0.00000
0.00000
0.00000
5.88608
2.51899
0.00000
0.00000
0.00000
15.49367
12.08861
32.67500
40.06329
40.00000
40.18750
40.00000
40.00000
40.00000
40.00000
40.00000
40.00000
40.00000
39.98734
40.00000
40.00000
40.49367
49.88608
41.98750
59.58228
40.13924
40.01266
40.00000
40.06329
40.08861
40.03797
40.02532
40.03750
40.34177
41.00000
41.00000
40.97468
40.40506
40.36709
40.45570
40.66250
40.89873
40.87342
50.93671
40.15190
40.27848
40.63750
40.79747
40.94937
41.03797
41.01266
40.91139
40.59494
40.80000
40.77215
40.86076
40.88608
40.86250
40.84810
40.83544
40.92405
40.86076
41.00000
41.02532
41.00000
40.82278
40.69620
40.93671
40.93671
40.94937
40.93671
40.85000
40.91139
40.84810
40.96203
40.97468
41.12658
41.01250
41.01282
40.83750
40.97468
40.92405
40.91139
40.82278
40.83544
40.73418
40.86250
40.89873
41.00000
41.37975
41.40506
41.67089
42.07595
42.21519
42.08750
41.00000
41.00000
41.00000
41.67500
41.74684
41.07595
41.03797
41.01266
41.01266
40.78481
40.20253
40.30000
40.25641
40.49367
40.27500
23.81013
0.00000
0.00000
0.00000
0.01266
0.15385
0.00000
0.00000
0.00000
0.00000
0.00000
0.00000
0.00000
0.00000
28.41250
12.65823
2.00000
2.00000
2.00000
2.62500
2.86076
2.87342
2.82051
2.00000
2.00000
2.00000
2.02532
2.00000
2.00000
2.00000
1.78481
1.68354
1.77215
1.87342
2.05063
2.01266
1.91250
1.74684
1.70886
1.83544
1.73418
1.72152
1.72500
1.65823
1.65823
1.73418
1.75949
1.94937
2.00000
2.05063
1.78481
1.65000
1.69620
1.83544
1.74684
1.84810
1.62025
1.81013
1.92405
2.00000
2.05000
170.65385
288.48101
283.22500
270.72152
11.46835
1.84810
1.83544
1.78750
1.21519
1.98734
2.01266
2.00000
1.16456
1.03797
1.08861
1.02532
25.67089
1.12658
1.12658
1.08750
1.11392
1.13924
1.16883
1.79747
2.00000
2.03797
1.87342
1.67089
1.75949
1.77215
1.75949
1.79747
1.83333
1.81081
1.79730
1.85333
1.87671
2.11392
2.01266
2.00000
1.85526
1.78667
1.82432
1.76316
1.76623
1.75342
1.83784
1.94667
2.00000
2.00000
2.00000
1.94872
1.75676
1.92000
1.86486
1.83784
1.82432
1.76000
1.82432
1.83784
1.84000
2.01266
2.07595
2.01266
1.92308
1.89189
1.88000
1.85135
1.83784
1.85135
46.76623
82.98734
81.18987
80.55696
80.40000
80.50633
80.93671
80.50633
80.26582
80.11392
80.06250
80.00000
79.91139
80.00000
80.00000
79.96203
79.94937
23.73418
2.01266
2.00000
1.91139
1.32911
1.32500
1.64557
1.77215
1.83544
1.74684
1.96203
1.78481
1.97468
2.05000
2.00000
1.91139
1.77215
1.74684
1.79747
1.80000
1.73418
2.03797
2.00000
2.00000
1.82278
1.82278
1.87342
1.86076
1.75000
1.75949
21.17722
42.03797
41.93671
41.70886
47.35000
42.20253
41.94937
41.98734
42.00000
42.48101
42.24051
41.82500
41.58228
41.67089
41.91139
41.98734
42.00000
42.01266
42.20000
42.27848
42.02532
42.00000
42.00000
42.00000
42.01266
42.00000
42.27848
42.65823
42.67089
41.98734
42.00000
42.00000
42.00000
42.00000
42.13924
48.75949
43.00000
42.87342
42.55000
42.55556
42.54430
42.00000
42.00000
42.05063
42.55696
42.48101
42.08861
42.02500
42.00000
42.00000
42.00000
42.00000
42.45570
42.98734
42.61250
42.01266
42.00000
42.00000
42.02500
42.00000
42.00000
42.83544
43.01266
42.20253
42.00000
42.00000
42.05063
42.01250
42.03797
42.20253
42.75949
42.63291
42.00000
42.01266
42.00000
42.00000
42.00000
42.01266
42.41772
42.80000
42.41772
42.03797
42.00000
42.00000
42.01266
42.00000
41.98750
42.77215
42.89873
42.12658
42.02532
42.00000
42.15190
42.10127
42.13924
42.17500
43.05063
42.98734
42.43038
42.37975
42.24051
11.11538
1.82278
1.03896
1.00000
1.42105
1.94595
1.80769
1.02667
1.03896
1.00000
1.08861
1.03797
1.02532
1.06329
1.70886
1.96250
1.35443
1.05063
0.87342
0.46835
0.79747
1.48718
3.08108
2.94737
2.26667
2.00000
2.50667
2.77027
2.42667
1.00000
0.82278
0.89744
1.07692
2.55128
2.24051
1.94937
2.20513
0.94937
1.00000
1.77215
1.32911
0.35443
0.05063
1.42105
1.88158
2.01266
1.93671
121.17105
290.46835
285.15190
283.46835
282.17722
283.17722
273.17722
257.91139
11.97468
2.01250
1.97436
1.97436
2.61538
2.10256
1.98734
1.97468
1.96250
1.97468
2.03797
2.00000
2.00000
2.00000
1.83544
1.84810
1.83544
1.79487
1.84615
1.74684
1.93671
2.07792
2.00000
2.00000
1.98718
1.94595
1.97403
1.79487
1.15000
1.26582
1.22785
1.22785
1.17722
1.21519
1.16250
1.20253
1.39241
1.98734
2.00000
2.63291
3.00000
3.00000
2.46835
1.25316
1.31646
1.48101
2.00000
1.94937
1.93590
2.02564
2.05063
2.01282
1.98718
2.00000
2.01266
2.03750
1.84810
1.72152
1.58228
1.63291
1.62500
1.60759
1.65823
1.78481
2.04615
2.01266
2.00000
2.00000
1.94937
1.98718
1.48718
1.33766
1.63636
1.84615
5.50633
9.55696
1.88608
1.88608
1.87500
1.88608
1.92405
2.03797
2.00000
2.00000
1.94937
1.04000
1.08000
1.08000
1.09211
1.14667
1.04000
1.02667
1.38462
1.56250
2.40260
4.37333
1.24051
1.10667
1.83333
2.00000
1.98750
1.53165
1.59494
1.75000
1.21519
1.22785
1.39241
0.96000
1.28378
1.48649
1.89744
2.24051
3.03797
3.01266
2.98649
2.93243
20.82667
40.00000
40.28205
40.12000
40.28205
35.97297
36.00000
35.98649
36.22973
40.02532
40.58442
42.00000
40.72727
40.43421
40.05333
41.29114
41.00000
41.05063
41.07595
41.41772
41.26582
41.20253
41.98734
42.01250
42.00000
42.05063
42.02500
42.06329
42.11392
42.63291
42.83544
42.05000
42.05063
42.02564
42.01266
42.10127
42.15385
42.22500
42.49367
42.41935
42.72152
42.88750
42.98734
42.87342
42.36709
41.96203
41.92405
42.17500
49.03797
58.20253
59.87342
42.07595
42.08750
42.26582
42.00000
42.03797
42.00000
42.00000
42.01266
42.00000
42.00000
42.00000
42.03797
42.00000
42.00000
42.00000
42.05063
42.00000
42.00000
42.02532
42.00000
42.00000
42.00000
42.03797
42.00000
42.00000
42.00000
42.02532
42.00000
41.98734
42.00000
42.00000
42.55000
42.81013
42.77215
42.56962
42.76250
42.82278
42.05063
42.00000
42.00000
42.00000
42.00000
42.00000
42.00000
42.00000
42.01266
42.00000
42.87500
42.93671
42.83544
42.79747
42.56962
42.00000
42.00000
42.00000
42.00000
42.03797
42.00000
42.00000
42.00000
42.02532
42.00000
42.00000
42.75949
42.78481
42.32911
42.05000
42.02532
42.00000
41.97468
41.98734
41.88608
42.00000
41.98734
41.98734
76.15190
81.84211
81.07895
81.75000
81.41772
81.37975
81.12658
80.72152
80.28571
80.20779
80.95000
80.91139
4.72152
1.72152
1.64557
1.74684
1.72152
1.53750
1.62025
1.73418
2.00000
2.00000
2.02500
1.89873
1.67089
1.69620
1.63291
203.32911
292.17722
288.28205
0.00000
0.00000
0.00000
0.00000
0.00000
0.00000
0.00000
0.00000
0.00000
0.00000
0.00000
0.00000
0.00000
1.27273
1.10000
1.10127
1.06329
1.10127
1.16456
1.06329
1.20000
1.29114
1.89873
2.00000
2.00000
2.00000
1.10127
1.16250
1.17722
1.21519
1.20253
1.08861
1.07500
1.12658
1.13924
1.20253
1.17722
1.44304
1.98734
1.97500
1.98734
1.55696
1.00000
1.05063
1.11842
1.14865
1.17333
1.10811
1.20270
1.28000
1.32911
1.27500
1.81013
2.00000
2.00000
1.87342
1.36709
1.32911
1.48101
1.33750
1.50633
1.59494
1.43038
1.51899
1.52500
1.54430
1.53165
1.60759
1.96203
2.00000
2.05063
1.83750
1.48101
1.53165
1.35443
1.58750
1.32911
1.16456
1.13924
1.20253
1.50633
1.10000
1.01266
1.01266
1.67089
1.97468
1.77215
1.78750
0.98734
1.03797
1.01266
1.00000
1.03797
1.00000
1.01250
1.05063
1.03797
1.02532
1.93671
1.92500
1.92405
1.88608
1.07595
29.88608
208.73418
206.21519
204.84810
202.56962
200.16456
201.93506
249.09091
229.35526
174.31646
175.70000
176.07595
176.74684
177.24051
178.38462
179.09091
178.75000
179.01282
91.93333
41.56962
41.46250
41.67089
41.41772
41.08861
41.15190
41.05063
40.68354
40.71250
40.70513
40.60000
40.68354
40.97468
41.00000
41.00000
41.03797
41.58228
41.88608
41.86076
41.92500
41.93671
41.25316
41.00000
41.02532
41.00000
41.00000
41.05063
41.01266
41.00000
41.11392
41.15190
41.05063
41.00000
41.08861
41.12658
41.00000
40.53165
40.98734
39.92308
36.52632
36.43421
40.85526
36.40541
36.98701
37.02564
38.79221
41.07500
41.22785
41.07595
41.25316
36.79730
36.97368
36.98649
36.89610
40.25316
41.00000
41.74684
47.33750
54.79747
41.00000
42.18987
43.00000
43.03797
42.97468
42.97468
42.18750
42.01266
42.00000
42.05063
42.00000
42.00000
42.02532
42.00000
42.00000
42.00000
42.05063
42.00000
42.00000
42.00000
42.17722
42.98734
43.00000
42.97468
42.95000
42.24051
42.00000
42.03797
42.01266
42.01266
42.00000
42.03797
42.00000
42.02532
42.00000
42.10127
42.00000
42.00000
42.03797
42.54430
43.00000
43.00000
43.00000
42.64557
42.01266
42.00000
42.02532
42.00000
42.00000
42.00000
42.05063
42.01266
42.03750
42.11392
42.00000
42.00000
42.00000
42.03797
42.81013
42.98734
43.00000
42.92405
42.22785
42.00000
42.00000
42.00000
42.00000
41.98734
41.78481
41.77215
41.63750
41.93671
41.98734
41.96203
41.74684
69.25316
100.06329
81.06410
153.25000
284.89189
283.21333
280.32000
278.89474
254.46835
108.50000
1.31646
1.07595
1.03797
1.01266
1.02532
1.14103
1.43243
1.76316
1.86842
1.81818
1.21795
1.31646
1.77500
1.83333
1.85526
1.78667
1.68493
1.66667
1.74667
1.71233
1.62667
1.76316
2.01266
2.05063
2.00000
1.94872
1.82432
1.79730
1.74324
1.88000
1.84000
1.86486
1.79452
1.72973
1.83784
1.81333
1.96053
2.02532
2.05063
2.01266
1.88312
1.85135
1.79730
1.71622
1.72000
1.70270
1.74324
1.68000
1.75676
1.74324
1.74667
1.89333
2.02532
2.06329
2.00000
1.89610
1.85135
1.88000
1.77027
1.79730
1.77027
1.77027
1.78378
1.74667
1.72973
1.78378
1.77027
1.93590
2.06329
2.00000
2.00000
1.80000
1.74324
1.83784
1.78378
1.81333
1.86486
1.74324
1.86667
1.86486
1.78378
1.77333
1.73333
2.05195
0.00000
0.00000
0.00000
0.00000
0.00000
0.00000
0.00000
0.00000
0.00000
0.00000
0.00000
0.00000
0.00000
0.00000
0.00000
0.00000
