0.32051
0.25000
0.18987
0.42857
0.16667
0.05063
0.02532
0.01266
0.00000
0.03750
0.05063
0.02532
0.00000
1.26582
1.82500
1.82278
0.29114
0.00000
0.02500
0.07595
0.00000
0.00000
0.00000
0.00000
0.00000
0.02532
0.00000
0.00000
0.01266
0.00000
0.00000
0.01266
0.00000
0.00000
0.03797
0.01266
0.03750
0.01266
0.00000
0.00000
0.01333
0.00000
0.00000
0.00000
0.01351
0.00000
0.00000
0.00000
0.03947
0.01266
0.00000
0.01282
0.01351
0.01351
0.00000
0.00000
0.00000
0.00000
0.00000
0.01351
0.03947
0.00000
0.00000
0.00000
0.00000
0.00000
0.01316
0.00000
0.12658
0.13924
0.00000
0.01266
0.00000
0.01351
0.00000
0.00000
0.00000
0.00000
0.00000
0.01282
0.01266
0.00000
0.23077
0.00000
0.00000
0.01266
0.00000
0.00000
0.01266
0.00000
0.01266
0.00000
0.01266
0.01266
0.01316
0.00000
0.00000
0.00000
0.00000
0.16456
0.00000
0.00000
0.00000
0.00000
0.00000
0.00000
0.00000
0.00000
0.00000
0.01266
0.08974
0.06410
1.43590
0.83544
0.31646
0.81013
0.54430
0.66250
0.48718
0.86076
0.00000
0.00000
0.01250
0.01266
0.00000
0.00000
0.01266
0.01250
0.00000
4.73418
164.49351
138.59740
128.52564
910.85897
1007.97333
1108.60811
1104.98649
1101.79730
1092.95946
928.04000
205.78750
179.98734
196.03896
87.57500
927.38462
1087.60256
1091.32895
1089.67105
598.61842
213.45570
112.64557
39.03797
462.90000
333.34177
218.16456
0.00000
0.00000
0.00000
0.01250
0.01266
0.00000
0.00000
0.06250
0.03797
0.00000
0.00000
0.60000
0.01250
0.00000
0.00000
0.01266
0.00000
0.00000
0.00000
0.00000
0.00000
0.01266
0.01250
0.00000
0.00000
0.00000
0.07595
0.05000
0.02532
0.00000
0.00000
0.00000
0.00000
0.00000
0.00000
0.00000
0.00000
0.00000
0.00000
0.05063
0.01250
0.01266
0.01266
0.01266
0.00000
0.00000
0.00000
0.01266
0.00000
0.00000
0.00000
0.00000
0.01266
0.00000
0.05063
0.00000
0.01266
0.00000
0.01266
0.00000
0.00000
0.01250
0.00000
0.00000
0.00000
0.00000
0.05063
0.01266
0.00000
0.01266
0.00000
0.00000
0.00000
0.01266
0.00000
0.00000
0.01250
0.00000
0.00000
0.01266
0.07595
0.06329
0.00000
0.00000
0.00000
0.01266
0.00000
0.00000
0.01266
0.00000
0.00000
0.00000
0.01266
0.17722
0.01266
0.00000
0.01250
0.01266
0.02532
0.00000
0.01266
0.00000
0.01250
0.00000
0.00000
0.00000
0.08861
0.00000
0.06410
0.10390
0.00000
0.00000
0.00000
0.00000
0.00000
0.00000
0.00000
0.00000
0.00000
0.00000
0.00000
0.00000
0.24051
0.08861
0.06329
0.01266
0.00000
0.00000
0.00000
0.00000
0.00000
0.00000
0.00000
0.00000
0.30380
0.27848
0.45455
0.00000
0.00000
0.00000
0.00000
0.00000
0.00000
0.00000
0.00000
0.00000
0.00000
0.00000
0.00000
0.12658
0.10127
0.07595
0.07595
0.00000
0.00000
0.00000
0.00000
0.00000
0.00000
0.00000
0.00000
0.00000
0.00000
0.00000
0.20000
0.08861
0.07595
0.01429
0.00000
0.00000
0.00000
0.00000
0.00000
0.00000
0.00000
0.00000
0.00000
0.21519
0.03750
0.06329
0.00000
0.00000
0.00000
0.00000
0.00000
0.00000
0.00000
0.00000
0.00000
0.00000
0.00000
0.44304
0.11392
0.10000
0.01266
0.00000
0.00000
0.00000
0.00000
0.00000
0.00000
0.00000
0.00000
0.39241
0.11392
0.01266
0.00000
0.00000
0.00000
0.00000
0.00000
0.00000
0.00000
0.00000
0.00000
0.21519
0.12658
0.05063
0.01250
0.00000
0.00000
0.00000
0.00000
0.00000
0.00000
0.00000
0.00000
0.00000
0.00000
0.20253
0.61039
0.16456
0.02532
0.00000
0.00000
0.00000
0.00000
0.00000
0.00000
0.00000
0.00000
0.00000
0.10127
0.08750
0.08861
0.02083
0.00000
0.00000
0.00000
0.00000
0.00000
0.00000
0.00000
0.00000
0.00000
0.00000
0.00000
0.00000
0.00000
0.00000
0.00000
0.00000
0.00000
0.00000
0.00000
0.00000
0.00000
0.00000
0.00000
0.46835
0.21519
0.08861
0.01266
0.00000
0.00000
0.00000
0.00000
0.00000
0.00000
0.00000
0.00000
0.00000
0.00000
0.36709
0.08861
0.08861
0.02500
0.00000
0.00000
0.00000
0.00000
0.00000
0.00000
0.00000
0.00000
0.00000
0.17722
0.21519
0.06329
0.00000
0.00000
0.00000
0.00000
0.00000
0.00000
0.00000
0.00000
0.00000
0.00000
0.12658
0.11250
0.02532
0.02532
0.00000
0.00000
0.00000
0.00000
0.00000
0.00000
0.00000
0.00000
0.00000
0.08861
0.17722
0.03797
0.01250
0.00000
0.00000
0.00000
0.00000
0.00000
0.00000
0.00000
0.00000
0.00000
0.00000
0.00000
0.21250
0.23529
2.00000
2.00000
2.00000
0.10127
0.00000
0.00000
0.40506
0.36250
0.24051
0.15190
0.10000
0.01266
0.07595
0.00000
0.00000
0.00000
0.00000
0.00000
0.00000
0.00000
0.00000
0.00000
0.00000
0.00000
0.00000
0.17722
0.16456
0.06329
0.01266
0.00000
0.00000
0.00000
0.00000
0.00000
0.00000
0.00000
0.02532
0.10127
0.07595
0.01266
0.00000
0.00000
0.00000
0.00000
0.00000
0.00000
0.00000
0.00000
0.26923
0.17722
0.03797
0.02532
0.00000
0.00000
0.00000
0.00000
0.00000
0.00000
0.00000
0.00000
0.00000
0.13924
0.15190
0.08861
0.05000
0.00000
0.00000
0.00000
0.00000
0.00000
0.00000
0.00000
0.00000
0.06329
0.06579
0.06410
0.20253
0.00000
0.00000
0.00000
0.00000
0.00000
0.00000
0.00000
0.00000
0.00000
0.00000
0.00000
0.21333
0.17500
0.08861
0.02532
0.00000
0.00000
0.00000
0.00000
0.00000
0.00000
0.00000
0.00000
0.00000
0.17105
0.12658
0.07500
0.00000
0.00000
0.00000
0.00000
0.00000
0.00000
0.00000
0.00000
0.00000
0.00000
0.00000
0.14474
0.15000
0.03797
0.02597
0.00000
0.01351
0.00000
0.00000
0.00000
0.00000
0.00000
0.00000
0.00000
0.00000
0.23377
0.12500
0.03797
0.01333
0.00000
0.00000
0.00000
0.00000
0.00000
0.00000
0.00000
0.00000
0.00000
0.00000
0.14474
0.10127
0.06250
0.03896
0.00000
0.00000
0.00000
0.00000
0.00000
0.00000
0.00000
0.00000
0.00000
0.00000
0.16456
0.10127
0.02532
0.00000
0.00000
0.00000
0.00000
0.00000
0.00000
0.00000
0.00000
0.00000
0.00000
0.00000
0.14286
0.12658
0.06329
0.02532
0.00000
0.00000
0.00000
0.00000
0.00000
0.00000
0.00000
0.11250
0.18987
0.01266
0.01266
0.00000
0.00000
0.00000
0.00000
0.00000
0.00000
0.00000
0.00000
0.00000
0.00000
0.21519
0.17722
0.05063
0.01266
0.00000
0.00000
0.00000
0.00000
0.00000
0.00000
0.00000
0.00000
0.00000
0.00000
0.24051
0.16456
0.07595
0.05063
0.00000
0.00000
0.00000
0.00000
0.00000
0.00000
0.00000
0.00000
0.00000
0.18987
0.25316
0.20253
0.11392
0.00000
0.00000
0.00000
0.00000
0.00000
0.00000
0.00000
0.00000
0.00000
0.00000
0.10127
0.16456
0.16250
0.02532
0.00000
0.00000
0.00000
0.00000
0.00000
0.00000
0.00000
0.00000
0.00000
0.00000
0.22785
0.18750
0.12658
0.05063
0.00000
0.00000
0.00000
0.00000
0.00000
0.00000
0.00000
0.00000
0.00000
0.00000
0.00000
0.17722
0.21519
0.16250
0.01282
0.00000
0.00000
0.00000
0.00000
0.00000
0.00000
0.00000
0.00000
0.00000
0.06329
0.20253
0.13924
0.00000
0.00000
0.00000
0.00000
0.00000
0.00000
0.00000
0.00000
0.00000
0.00000
0.00000
0.00000
0.25316
0.16456
0.07595
0.01266
0.00000
0.00000
0.00000
0.00000
0.00000
0.00000
0.00000
0.00000
0.00000
0.00000
0.37975
0.17722
0.10000
0.06329
0.00000
0.00000
0.00000
0.00000
0.00000
0.00000
0.00000
0.00000
0.00000
0.00000
0.13750
0.21519
0.10127
0.02532
0.00000
0.00000
0.00000
0.00000
0.00000
0.00000
0.00000
0.00000
0.00000
0.00000
0.10667
0.08861
0.12658
0.00000
0.00000
0.00000
0.00000
0.00000
0.00000
0.00000
0.00000
0.00000
0.67089
0.12658
0.07500
0.00000
0.00000
0.00000
0.00000
0.00000
0.00000
0.00000
0.00000
0.00000
0.00000
0.00000
0.32051
0.29114
0.15190
0.00000
0.00000
0.00000
0.00000
0.00000
0.00000
0.00000
0.00000
0.00000
0.00000
0.51948
0.15000
0.10127
0.01316
0.00000
0.00000
0.00000
0.00000
0.00000
0.00000
0.00000
0.00000
0.00000
0.00000
0.42105
0.16456
0.13924
0.10256
0.00000
0.00000
0.00000
0.00000
0.00000
0.00000
0.00000
0.00000
0.00000
0.00000
0.19481
0.20253
0.16456
0.03896
0.00000
0.00000
0.00000
0.00000
0.00000
0.00000
0.00000
0.00000
0.00000
0.00000
0.87013
0.12658
0.20000
0.02632
0.00000
0.00000
0.00000
0.00000
0.00000
0.00000
0.00000
0.00000
0.00000
0.00000
0.34615
0.07500
0.13924
0.01333
0.00000
0.00000
0.00000
0.00000
0.00000
0.00000
0.00000
0.00000
0.00000
0.25974
0.20253
0.16250
0.03846
0.00000
0.00000
0.00000
0.00000
0.00000
0.00000
0.00000
0.00000
0.00000
0.32051
0.12500
0.10127
0.00000
0.00000
0.00000
0.00000
0.00000
0.00000
0.00000
0.00000
0.00000
0.00000
0.00000
0.00000
0.00000
0.00000
0.00000
0.00000
0.00000
0.00000
0.00000
0.00000
0.00000
0.00000
0.00000
0.00000
0.00000
0.00000
0.00000
0.00000
0.00000
0.00000
0.00000
0.00000
0.00000
0.00000
0.00000
0.00000
0.00000
0.21519
0.56000
0.03797
0.02500
0.00000
0.00000
0.00000
0.00000
0.00000
0.00000
0.00000
0.00000
0.00000
0.00000
0.00000
0.00000
0.00000
0.00000
0.13750
0.25316
0.07595
0.03750
0.00000
0.00000
0.00000
0.00000
0.00000
0.00000
0.00000
0.00000
0.56962
2.00000
2.00000
1.08861
0.00000
0.00000
0.00000
0.58228
0.32911
0.28750
0.30380
0.12658
0.07595
0.02532
0.02532
0.00000
0.00000
0.00000
0.00000
0.00000
0.00000
0.00000
0.00000
0.00000
0.18750
0.15190
0.12658
0.01266
0.00000
0.00000
0.00000
0.00000
0.00000
0.00000
0.00000
0.10127
0.11392
0.08861
0.00000
0.00000
0.00000
0.00000
0.00000
0.00000
0.00000
0.00000
0.00000
0.00000
0.24051
0.15190
0.02532
0.00000
0.00000
0.00000
0.00000
0.00000
0.00000
0.00000
0.00000
0.00000
0.00000
0.00000
0.18987
0.10127
0.03750
0.00000
0.00000
0.00000
0.00000
0.00000
0.00000
0.00000
0.00000
0.00000
0.03797
0.17722
0.06329
0.00000
0.00000
0.00000
0.00000
0.00000
0.00000
0.00000
0.00000
0.00000
0.00000
0.00000
0.00000
0.00000
0.13924
0.11392
0.10000
0.00000
0.00000
0.00000
0.00000
0.00000
0.00000
0.00000
0.00000
0.10667
0.11392
0.02532
0.01250
0.00000
0.00000
0.00000
0.00000
0.00000
0.00000
0.00000
0.00000
0.00000
0.00000
0.21795
0.31250
0.05063
0.00000
0.00000
0.00000
0.00000
0.00000
0.00000
0.00000
0.00000
0.00000
0.00000
0.20253
0.07500
0.01266
0.00000
0.00000
0.00000
0.00000
0.00000
0.00000
0.00000
0.00000
0.00000
0.00000
0.04054
0.33750
0.08861
0.05128
0.00000
0.00000
0.00000
0.00000
0.00000
0.00000
0.00000
0.00000
0.00000
0.00000
0.00000
0.00000
0.09333
0.20253
0.12658
0.06329
0.00000
0.00000
0.00000
0.00000
0.00000
0.00000
0.00000
0.00000
0.00000
0.43590
0.07595
0.07595
0.00000
0.00000
0.00000
0.00000
0.00000
0.00000
0.00000
0.00000
0.00000
0.00000
0.00000
0.00000
0.00000
0.31646
0.15190
0.05063
0.00000
0.00000
0.00000
0.00000
0.00000
0.00000
0.00000
0.00000
0.00000
0.20779
0.21519
0.07500
0.00000
0.00000
0.00000
0.00000
0.00000
0.00000
0.00000
0.00000
0.00000
0.00000
0.00000
0.00000
0.00000
0.30380
0.22785
0.05063
0.00000
0.00000
0.00000
0.00000
0.00000
0.00000
0.00000
0.00000
0.00000
0.00000
0.24359
0.13924
0.05063
0.00000
0.00000
0.00000
0.00000
0.00000
0.00000
0.00000
0.00000
0.00000
0.00000
0.00000
0.37662
0.24051
0.13924
0.03846
0.00000
0.00000
0.00000
0.00000
0.00000
0.00000
0.00000
0.00000
0.00000
0.00000
0.00000
0.00000
0.29487
0.18987
0.12658
0.03896
0.00000
0.00000
0.00000
0.00000
0.00000
0.00000
0.00000
0.00000
0.29114
0.17722
0.10000
0.00000
0.00000
0.00000
0.00000
0.00000
0.00000
0.00000
0.00000
0.00000
0.00000
0.00000
0.20253
0.22785
0.07595
0.01266
0.00000
0.00000
0.00000
0.00000
0.00000
0.00000
0.00000
0.00000
0.00000
0.00000
0.00000
0.00000
0.15000
0.31646
0.08861
0.12658
0.01266
0.00000
0.00000
0.00000
0.00000
0.00000
0.00000
0.00000
0.00000
0.17500
0.16456
0.08861
0.03797
0.00000
0.00000
0.00000
0.00000
0.00000
0.00000
0.00000
0.00000
0.00000
0.00000
0.00000
0.00000
0.29114
0.16456
0.03750
0.00000
0.00000
0.00000
0.00000
0.00000
0.00000
0.00000
0.00000
0.00000
0.00000
0.07595
0.15190
0.12658
0.01266
0.00000
0.00000
0.00000
0.00000
0.00000
0.00000
0.00000
0.00000
0.00000
0.00000
0.00000
0.00000
0.30380
0.08861
0.07500
0.00000
0.00000
0.00000
0.00000
0.00000
0.00000
0.00000
0.00000
0.00000
0.00000
0.15190
0.10127
0.05063
0.00000
0.00000
0.00000
0.00000
0.00000
0.00000
0.00000
0.00000
0.00000
0.00000
0.00000
0.00000
0.00000
0.16667
0.16456
0.08861
0.01316
0.00000
0.00000
0.00000
0.00000
0.00000
0.00000
0.00000
0.00000
0.04054
0.20253
0.06250
0.02597
0.00000
0.00000
0.00000
0.00000
0.00000
0.00000
0.00000
0.00000
0.00000
0.00000
0.16883
0.14865
0.05405
0.01299
0.00000
0.00000
0.00000
0.00000
0.00000
0.00000
0.00000
0.00000
0.00000
0.00000
0.21519
0.16250
0.11392
0.01266
0.00000
0.00000
0.00000
0.00000
0.00000
0.00000
0.00000
0.00000
0.00000
0.37179
0.22785
0.07595
0.01266
0.00000
0.00000
0.00000
0.00000
0.00000
0.00000
0.00000
0.00000
0.00000
0.00000
82.16667
162.11842
80.11842
544.39744
996.46154
1050.86076
1101.44737
1098.67568
1103.36000
1099.45946
305.00000
194.88608
194.98750
135.60000
669.01282
1113.00000
1117.50000
1114.77333
391.09091
224.13750
57.11392
188.21795
369.27848
372.06250
118.37975
0.00000
0.00000
0.00000
0.57692
0.28205
0.05000
0.02532
0.01266
0.57143
0.94667
0.88000
0.34177
0.64557
0.43750
0.00000
0.02532
0.01316
0.00000
0.00000
0.01333
0.00000
0.00000
0.00000
0.00000
0.00000
0.00000
0.00000
0.00000
0.12987
0.36250
0.03797
0.11392
0.15190
0.29487
1.80769
0.88462
1.11688
0.02632
0.00000
0.00000
0.29114
0.08861
0.16456
0.05063
0.03750
0.03797
0.00000
0.01266
0.01266
0.00000
0.00000
0.01351
0.00000
0.00000
0.01351
0.00000
0.00000
0.00000
0.01333
0.00000
0.00000
0.00000
0.00000
0.00000
0.01351
0.10000
0.06329
0.02532
0.02532
0.00000
0.00000
0.00000
0.01351
0.00000
0.00000
0.00000
0.01333
0.00000
0.00000
0.00000
0.00000
0.00000
0.00000
0.00000
0.00000
0.32895
0.06329
0.00000
0.01266
0.02500
0.00000
0.00000
0.00000
0.00000
0.00000
0.00000
0.00000
0.00000
0.00000
0.00000
0.01333
0.00000
0.01351
0.02667
0.00000
0.01351
0.21519
0.30000
0.20253
0.01266
0.01282
0.00000
0.00000
0.00000
0.00000
0.00000
0.00000
0.00000
0.00000
0.00000
0.00000
0.00000
0.00000
0.00000
0.00000
0.00000
0.76923
0.12500
0.11392
0.05063
0.02532
0.00000
0.00000
0.00000
0.00000
0.00000
0.00000
0.00000
0.00000
0.00000
0.00000
0.00000
0.00000
0.00000
0.00000
0.00000
0.00000
0.31646
0.12658
0.05063
0.06329
0.00000
0.00000
0.00000
0.00000
0.00000
0.00000
0.00000
0.00000
0.00000
0.00000
0.00000
0.00000
0.00000
0.00000
0.00000
0.00000
0.00000
0.21519
0.10000
0.02532
0.05063
0.01266
0.00000
0.00000
0.00000
0.00000
0.00000
0.00000
0.00000
0.00000
0.00000
0.00000
0.00000
0.00000
0.00000
0.00000
0.00000
0.00000
0.18987
0.13924
0.00000
0.01266
0.03797
0.00000
0.00000
0.00000
0.00000
0.00000
0.00000
0.00000
0.00000
0.00000
0.00000
0.00000
0.00000
0.00000
0.00000
0.00000
0.00000
0.24051
0.05063
0.10127
0.14286
0.07595
0.00000
0.00000
0.00000
0.00000
0.00000
0.00000
0.00000
0.00000
0.00000
0.00000
0.00000
0.00000
0.00000
0.23684
0.46753
0.20779
0.09211
0.05195
0.01316
0.00000
0.00000
0.00000
0.00000
0.00000
0.00000
0.00000
0.00000
0.00000
0.00000
0.00000
0.00000
0.00000
0.00000
0.00000
0.00000
0.25641
0.16456
0.07595
0.05063
0.06329
0.02532
0.00000
0.00000
0.00000
0.00000
0.00000
0.00000
0.00000
0.00000
0.00000
0.00000
0.00000
0.00000
0.62821
0.57143
0.91026
0.80769
0.63291
0.83750
0.75949
0.29114
0.00000
0.00000
0.00000
0.00000
0.00000
0.00000
0.00000
0.00000
1.77632
0.82051
0.68354
0.74684
0.80769
0.75000
0.06410
0.34615
0.00000
0.00000
0.00000
0.00000
0.00000
0.00000
0.00000
0.18987
0.22785
0.13924
0.05000
0.01266
0.00000
0.00000
0.00000
0.00000
5.64557
174.12658
135.67089
135.43750
936.29870
996.35897
1096.07895
1097.44737
1096.53947
1096.54667
248.65823
199.16250
181.24051
133.15190
692.27848
1104.50000
1102.98649
892.05333
218.95000
186.16667
4.17722
382.11392
327.58228
341.00000
0.00000
0.00000
0.00000
0.00000
0.22785
0.13924
0.06329
0.05063
0.01266
0.02500
0.01266
0.00000
0.00000
0.00000
0.01266
0.00000
0.00000
0.00000
0.00000
0.00000
0.00000
0.00000
0.00000
0.00000
0.00000
0.00000
0.15190
0.36709
0.29114
0.21250
0.30769
0.59211
0.05063
0.01429
0.00000
0.00000
0.00000
0.00000
0.00000
0.00000
0.00000
0.00000
0.00000
0.00000
0.00000
0.00000
0.00000
0.00000
0.00000
0.00000
0.38750
0.20253
0.15190
0.12658
0.11392
0.01266
0.00000
0.00000
0.00000
0.00000
0.00000
0.00000
0.00000
0.00000
0.00000
0.00000
0.00000
0.00000
0.00000
0.00000
0.22500
0.17722
0.06329
0.11392
0.07595
0.00000
0.00000
0.00000
0.00000
0.00000
0.00000
0.00000
0.00000
0.00000
0.00000
0.01266
0.00000
0.00000
0.00000
0.00000
0.30000
0.11392
0.10127
0.05063
0.02532
0.00000
0.00000
0.00000
0.00000
0.00000
0.00000
0.00000
0.00000
0.00000
0.00000
0.00000
0.00000
0.00000
0.00000
0.18750
0.12658
0.02532
0.05063
0.01266
0.00000
0.00000
0.00000
0.00000
0.00000
0.00000
0.00000
0.00000
0.00000
0.00000
0.00000
0.00000
0.00000
0.00000
0.75949
0.08861
1.33750
2.00000
2.00000
1.01266
0.00000
0.00000
0.34177
0.32911
0.29114
0.20253
0.10127
0.05063
0.07500
0.05063
0.02532
0.01266
0.00000
0.00000
0.00000
0.00000
0.00000
0.00000
0.00000
0.00000
0.00000
0.00000
0.00000
0.00000
0.00000
0.29114
0.28205
0.57333
0.25000
0.12162
0.02564
0.00000
0.00000
0.00000
0.00000
0.00000
0.00000
0.15190
0.23750
0.20253
0.13924
0.18750
0.00000
0.00000
0.00000
0.00000
0.00000
0.00000
0.00000
0.00000
0.00000
0.00000
0.00000
0.00000
0.00000
0.00000
0.00000
0.00000
0.00000
0.33333
0.45570
0.16456
0.20253
0.10127
0.00000
0.00000
0.00000
0.00000
0.00000
0.00000
0.00000
0.00000
0.00000
0.00000
0.00000
0.00000
0.00000
0.00000
0.34211
0.44304
0.32911
0.21519
0.20253
0.01299
0.06667
0.00000
0.00000
0.00000
0.00000
0.00000
0.00000
0.00000
0.00000
0.00000
0.00000
0.00000
0.00000
0.49367
0.27848
0.26582
0.25000
0.03896
0.00000
0.00000
0.00000
0.00000
0.00000
0.00000
0.00000
0.00000
0.00000
0.33333
0.24051
0.12658
0.07595
0.00000
0.00000
0.00000
0.00000
0.00000
0.00000
0.00000
0.00000
0.00000
0.00000
0.51282
0.22785
0.36709
0.08861
0.10000
0.00000
0.00000
0.00000
0.00000
0.00000
0.00000
0.00000
0.00000
0.00000
0.00000
0.00000
0.41772
0.20253
0.21519
0.07595
0.01266
0.00000
0.00000
0.00000
0.00000
0.00000
0.00000
0.00000
0.00000
0.00000
0.00000
0.00000
0.00000
0.00000
0.00000
0.00000
0.00000
0.00000
0.00000
0.01266
0.54430
0.37975
0.33333
0.31169
0.41558
0.05063
0.00000
0.00000
0.00000
0.00000
0.00000
0.00000
0.00000
0.00000
0.00000
0.00000
0.00000
0.18987
0.29114
0.16456
125.40789
166.77632
100.12658
729.25000
1067.08000
1037.12000
1103.13514
1101.44595
1100.41892
1074.86667
213.21519
196.26582
181.02532
113.02532
778.18421
1100.10667
1098.19481
1096.22078
537.07692
217.41772
92.37500
107.18987
427.41772
332.94937
175.38750
0.00000
0.00000
0.00000
0.00000
0.00000
0.00000
0.00000
0.16456
0.07500
0.05063
0.03797
0.00000
0.00000
0.01250
0.00000
0.00000
0.00000
0.00000
0.01250
0.00000
0.00000
0.00000
0.00000
0.00000
0.01266
0.00000
0.08750
0.10127
0.05063
0.01266
0.00000
0.01266
0.01266
0.00000
0.00000
0.00000
0.00000
0.00000
0.01266
0.00000
0.00000
0.00000
0.00000
0.01250
0.00000
0.15190
0.00000
0.03797
0.00000
0.01250
0.01266
0.01266
0.00000
0.00000
0.02532
0.01266
0.01266
0.00000
0.01266
0.01266
0.00000
0.00000
0.00000
0.08861
0.03797
0.02532
0.01266
0.00000
0.00000
0.00000
0.01266
0.00000
0.00000
0.01250
0.00000
0.00000
0.00000
0.01266
0.00000
0.00000
0.00000
0.08861
0.02532
0.01266
0.00000
0.01266
0.00000
0.00000
0.00000
0.02532
0.00000
0.00000
0.00000
0.01266
0.00000
0.00000
0.00000
0.00000
0.28750
0.02532
0.02532
0.01266
0.02532
0.00000
0.00000
0.01266
0.00000
0.00000
0.32468
0.10256
0.00000
0.01266
0.00000
0.00000
0.01316
0.00000
0.05063
0.00000
0.03750
0.02532
0.00000
0.14103
0.05128
0.00000
0.01351
0.01351
0.00000
0.00000
0.00000
0.01333
0.00000
0.00000
0.00000
0.00000
0.00000
0.00000
0.00000
0.00000
0.00000
0.00000
0.00000
0.28205
8.09211
170.53165
138.06329
692.17722
1081.66234
342.46154
106.46250
790.48718
1129.24675
1127.55128
243.27500
223.34177
18.81013
267.10127
398.41772
390.54430
300.13924
392.94937
285.97436
0.00000
0.00000
0.00000
0.00000
0.00000
0.00000
0.00000
0.00000
0.00000
0.00000
0.00000
0.00000
0.00000
0.00000
0.00000
0.00000
0.00000
0.23077
0.11250
0.03797
0.03797
0.02532
0.02597
0.00000
0.00000
0.00000
0.00000
0.00000
0.00000
0.00000
0.01333
0.12821
0.08750
0.07595
0.03797
0.00000
0.00000
0.00000
0.00000
0.00000
0.00000
0.00000
0.00000
0.00000
0.00000
0.01351
0.00000
0.00000
0.00000
0.00000
0.00000
0.00000
0.00000
0.00000
0.24359
0.06329
0.01250
0.00000
0.01266
0.01299
0.00000
0.00000
0.00000
0.00000
0.00000
0.00000
0.00000
0.01333
0.00000
0.09211
0.67500
2.00000
2.00000
1.51282
0.02667
0.00000
0.00000
0.46154
0.20000
0.17949
0.03750
0.08861
0.01266
0.05063
0.02532
0.00000
0.00000
0.00000
0.00000
0.00000
0.00000
0.00000
0.00000
0.00000
0.00000
0.00000
0.00000
0.00000
0.06329
0.07595
0.02532
0.01250
0.01266
0.00000
0.00000
0.00000
0.00000
0.00000
0.00000
0.00000
0.01266
0.00000
0.00000
0.00000
0.00000
0.00000
0.00000
0.00000
0.00000
0.00000
0.26582
0.03797
0.00000
0.01266
0.01266
0.01266
0.00000
0.00000
0.00000
0.00000
0.00000
0.00000
0.00000
0.00000
0.00000
0.00000
0.02500
0.00000
0.00000
0.00000
0.00000
0.10000
0.03797
0.02500
0.02532
0.01266
0.01266
0.00000
0.00000
0.01282
0.00000
0.00000
0.00000
0.00000
0.00000
0.00000
0.00000
0.00000
0.00000
0.00000
0.01266
0.00000
0.29114
0.07595
0.03797
0.00000
0.01282
0.00000
0.00000
0.00000
0.00000
0.00000
0.00000
0.00000
0.00000
0.00000
0.00000
0.00000
0.00000
0.00000
0.00000
0.00000
0.00000
0.05556
0.03947
0.01266
0.03797
0.01266
0.00000
0.00000
0.00000
0.00000
0.00000
0.00000
0.00000
0.00000
0.00000
0.00000
0.00000
0.00000
0.00000
0.00000
0.00000
0.00000
0.15190
0.01266
0.01266
0.01266
0.00000
0.00000
0.00000
0.00000
0.00000
0.00000
0.00000
0.00000
0.00000
0.00000
0.00000
0.00000
0.00000
0.00000
0.00000
0.03947
0.02532
0.03797
0.02532
0.01266
0.01250
0.00000
0.00000
0.00000
0.00000
0.00000
0.00000
0.00000
0.00000
0.00000
0.00000
0.00000
0.00000
0.01266
0.11392
0.06329
0.05000
0.00000
0.00000
0.00000
0.00000
0.00000
0.00000
0.00000
0.00000
0.00000
0.00000
0.00000
0.00000
0.00000
0.00000
0.00000
0.00000
0.00000
0.00000
0.00000
0.13158
0.05000
0.06329
0.01266
0.02532
0.01316
0.00000
0.00000
0.00000
0.00000
0.00000
0.00000
0.00000
0.00000
0.00000
0.00000
0.00000
0.00000
0.00000
0.00000
0.06667
0.13924
0.01250
0.02532
0.03797
0.00000
0.00000
0.00000
0.00000
0.00000
0.00000
0.00000
0.00000
0.00000
0.00000
0.00000
0.00000
0.00000
0.00000
0.00000
0.00000
0.14474
0.07595
0.02532
0.02532
0.00000
0.01299
0.00000
0.00000
0.00000
0.00000
0.00000
0.00000
0.00000
0.00000
0.00000
0.00000
0.00000
0.00000
0.00000
0.00000
0.16000
0.21519
0.05000
0.01266
0.00000
0.00000
0.00000
0.00000
0.01351
0.00000
0.00000
0.00000
0.01333
0.00000
0.00000
0.00000
0.00000
0.00000
0.00000
0.00000
0.00000
0.21053
0.08861
0.03797
0.03750
0.02532
0.00000
0.00000
0.00000
0.00000
0.00000
0.00000
0.00000
0.00000
0.00000
0.00000
0.02532
0.25000
0.07595
0.00000
0.02532
0.02532
0.03797
0.01266
0.00000
0.00000
0.00000
0.00000
0.00000
0.00000
0.01266
0.00000
0.00000
0.00000
0.00000
0.00000
0.00000
0.00000
0.00000
0.00000
0.10000
0.08861
0.06329
0.03797
0.03797
0.00000
0.00000
0.00000
0.01266
0.00000
0.00000
0.00000
0.00000
0.00000
0.00000
0.00000
0.00000
0.00000
0.00000
0.00000
2.02564
0.12658
0.08750
0.01266
0.05063
0.01266
0.00000
0.00000
0.00000
0.00000
0.00000
0.00000
0.00000
0.00000
0.00000
0.01250
0.00000
0.00000
0.00000
0.00000
0.16456
0.02500
0.05063
0.02532
0.01266
0.00000
0.00000
0.00000
0.00000
0.00000
0.00000
0.00000
0.00000
0.00000
0.00000
0.00000
0.00000
0.00000
0.00000
0.03797
0.16456
0.07500
0.00000
0.03797
0.01266
0.00000
0.00000
0.00000
0.00000
0.00000
0.00000
0.00000
0.00000
0.00000
0.00000
0.00000
0.00000
0.00000
0.00000
0.24051
0.15190
0.05000
0.02532
0.02532
0.00000
0.00000
0.00000
0.00000
0.00000
0.00000
0.00000
0.00000
0.00000
0.00000
0.00000
0.00000
0.00000
0.00000
0.22785
0.06329
0.03797
0.01250
0.00000
0.00000
0.00000
0.00000
0.00000
0.00000
0.00000
0.00000
0.00000
0.00000
0.00000
0.00000
0.00000
0.00000
0.00000
0.00000
0.29114
0.11392
0.06329
0.03750
0.00000
0.00000
0.00000
0.00000
0.00000
0.01316
0.00000
0.00000
0.05000
0.05063
0.01266
0.00000
0.00000
0.01299
0.00000
0.00000
0.00000
0.00000
0.00000
0.00000
0.00000
0.00000
0.00000
0.00000
0.00000
0.00000
0.00000
0.00000
0.00000
0.26582
0.11392
0.02500
0.27848
2.00000
2.00000
1.74684
0.00000
0.01333
0.00000
0.32051
0.12658
0.07595
0.03750
0.03797
0.02532
0.00000
0.01266
0.02564
0.00000
0.00000
0.00000
0.00000
0.00000
0.00000
0.00000
0.00000
0.00000
0.00000
0.00000
0.00000
0.00000
0.19481
0.12658
0.06329
0.01250
0.01266
0.00000
0.00000
0.00000
0.00000
0.00000
0.00000
0.00000
0.00000
0.00000
0.00000
0.00000
0.00000
0.00000
0.13158
0.06250
0.06329
0.02532
0.01266
0.00000
0.00000
0.01351
0.00000
0.00000
0.00000
0.00000
0.00000
0.00000
0.00000
0.00000
0.00000
0.00000
0.00000
0.34615
0.07500
0.03797
0.02532
0.00000
0.00000
0.00000
0.00000
0.02703
0.00000
0.00000
0.00000
0.00000
0.00000
0.00000
0.00000
0.00000
0.00000
0.10526
0.12658
0.03797
0.00000
0.02532
0.00000
0.00000
0.00000
0.00000
0.00000
0.00000
0.00000
0.00000
0.00000
0.00000
0.00000
0.00000
0.00000
0.32468
0.07595
0.05063
0.02500
0.02564
0.00000
0.00000
0.00000
0.00000
0.00000
0.00000
0.00000
0.00000
0.00000
0.00000
0.00000
0.17722
0.13750
0.07692
0.07895
0.04054
0.01282
0.00000
0.00000
0.01266
0.00000
0.00000
0.00000
0.00000
0.00000
0.00000
0.00000
0.29487
0.50649
0.03797
0.02532
0.01266
0.00000
0.00000
0.00000
0.00000
0.00000
0.00000
0.00000
0.00000
0.00000
0.26582
0.10000
0.02532
0.01266
0.00000
0.00000
0.00000
0.00000
0.01266
0.00000
0.00000
0.00000
0.00000
0.00000
0.00000
0.00000
0.00000
0.00000
0.00000
0.00000
0.00000
0.17722
0.62667
0.24324
0.02667
0.02667
0.00000
0.00000
0.00000
0.00000
0.00000
0.00000
0.00000
0.00000
0.00000
0.00000
0.00000
0.00000
0.17722
0.06329
0.07595
0.06329
0.02532
0.00000
0.00000
0.00000
0.00000
0.00000
0.00000
0.01266
0.00000
0.00000
0.00000
0.00000
0.00000
0.08861
0.17500
0.03797
0.03797
0.01266
0.00000
0.00000
0.00000
0.00000
0.00000
0.01266
0.00000
0.00000
0.00000
0.00000
0.00000
0.00000
0.07595
0.03750
0.08861
0.02532
0.01266
0.00000
0.00000
0.00000
0.00000
0.00000
0.00000
0.00000
0.00000
0.00000
0.00000
0.00000
0.00000
0.00000
0.21519
0.10127
0.08861
0.00000
0.01250
0.00000
0.00000
0.00000
0.00000
0.00000
0.00000
0.00000
0.00000
0.00000
0.00000
0.00000
0.00000
0.00000
0.00000
0.05195
0.10256
0.41333
0.18182
0.00000
0.00000
0.01266
0.00000
0.00000
0.00000
0.00000
0.00000
0.00000
0.00000
0.00000
0.00000
0.00000
0.10127
0.06329
0.07595
0.01266
0.00000
0.00000
0.00000
0.00000
0.00000
0.00000
0.00000
0.00000
0.00000
0.08861
0.11392
0.08861
0.03797
0.00000
0.00000
0.00000
0.00000
0.00000
0.00000
0.00000
0.00000
0.00000
0.00000
0.00000
0.00000
0.00000
0.23077
0.07595
0.05063
0.01266
0.00000
0.01333
0.00000
0.00000
0.00000
0.00000
0.00000
0.00000
0.00000
0.00000
0.00000
0.13333
0.15190
0.06250
0.03797
0.00000
0.00000
0.00000
0.00000
0.00000
0.00000
0.00000
0.00000
0.00000
0.01333
0.00000
0.00000
0.12658
0.05063
0.02532
0.01282
0.00000
0.00000
0.00000
0.00000
0.00000
0.00000
0.00000
0.00000
0.00000
0.00000
0.00000
0.17722
0.07595
0.02500
0.02564
0.00000
0.00000
0.00000
0.00000
0.00000
0.00000
0.00000
0.00000
0.00000
0.00000
0.08000
0.12658
0.05063
0.00000
0.03846
0.00000
0.01351
0.00000
0.00000
0.00000
0.00000
0.00000
0.00000
0.00000
0.00000
0.00000
0.23077
0.06329
0.01266
0.03797
0.00000
0.00000
0.00000
0.00000
0.00000
0.00000
0.00000
0.00000
0.00000
0.00000
0.00000
0.00000
0.10256
0.11392
0.01266
0.01266
0.00000
0.00000
0.00000
0.00000
0.01266
0.01266
0.00000
0.00000
0.00000
0.00000
0.00000
0.00000
0.10127
0.10000
0.07595
0.01266
0.00000
0.00000
0.00000
0.00000
0.00000
0.00000
0.00000
0.00000
0.00000
0.01266
0.00000
0.00000
0.12500
0.08861
0.00000
0.05063
2.00000
2.00000
2.00000
0.27500
0.00000
0.00000
0.32911
0.29114
0.13924
0.11250
0.06329
0.03797
0.05063
0.00000
0.00000
0.00000
0.00000
0.00000
0.00000
0.00000
0.00000
0.00000
0.01266
0.00000
0.00000
0.00000
0.00000
0.22785
121.04000
168.34177
101.98734
692.87179
1067.12000
1100.78667
1138.02703
1134.28378
1133.00000
1131.31081
329.87342
210.87342
184.18987
148.74684
626.74359
1138.77027
1133.26316
1128.05063
528.25316
225.34177
85.00000
124.32911
430.79747
338.81013
171.06329
0.00000
0.00000
0.00000
0.00000
0.00000
0.00000
0.00000
0.00000
0.00000
0.21519
0.08861
0.02532
0.03797
0.01250
0.00000
0.00000
0.00000
0.01266
0.00000
0.00000
0.00000
0.00000
0.00000
0.00000
0.00000
0.00000
0.12658
0.15190
0.11250
0.06329
0.02532
0.00000
0.00000
0.00000
0.00000
0.00000
0.00000
0.00000
0.00000
0.00000
0.00000
0.00000
0.00000
0.01266
0.10127
0.08861
0.02532
0.00000
0.00000
0.00000
0.00000
0.00000
0.00000
0.00000
0.00000
0.01266
0.00000
0.00000
0.01266
0.00000
0.00000
0.11392
0.12658
0.06329
0.02500
0.00000
0.00000
0.00000
0.01266
0.01299
0.00000
0.00000
0.00000
0.25000
0.06329
0.05063
0.02500
0.01266
0.00000
0.00000
0.00000
0.01282
0.00000
0.00000
0.00000
0.00000
0.00000
0.00000
0.00000
0.00000
0.00000
0.00000
0.00000
0.00000
0.08861
0.01266
0.02532
0.01250
0.00000
0.00000
0.00000
0.00000
0.00000
0.00000
0.00000
0.03797
0.00000
0.00000
0.00000
0.00000
0.01333
0.00000
0.06667
0.02532
0.01266
0.00000
0.00000
0.00000
0.01333
0.00000
0.23377
0.81333
0.83750
0.40506
0.48101
0.64557
0.00000
0.00000
0.00000
0.00000
0.21519
0.12658
0.07595
0.06250
1.45570
1.35897
1.34615
1.18987
1.41772
1.22785
1.61250
0.12821
0.10127
0.01282
0.00000
0.00000
0.00000
0.00000
0.00000
0.00000
0.00000
0.66667
0.55844
0.53846
0.28571
0.92308
0.30769
0.25641
0.08861
0.10390
0.06667
0.00000
0.00000
0.00000
0.00000
0.00000
0.00000
0.00000
0.45570
0.17722
0.16667
0.11392
0.00000
0.00000
0.00000
0.00000
0.00000
0.00000
0.00000
0.00000
0.00000
0.00000
0.17722
0.24051
0.26582
0.10000
0.11538
0.72152
0.41772
0.43038
0.55000
0.00000
0.00000
0.00000
0.00000
0.00000
0.00000
0.00000
0.00000
0.22078
0.13924
0.10127
0.01266
0.00000
0.00000
0.00000
0.00000
0.00000
0.00000
0.00000
0.00000
0.00000
0.00000
0.00000
0.93506
0.46835
0.35000
0.08861
0.05063
0.00000
0.00000
0.00000
0.00000
0.00000
0.00000
0.00000
0.00000
0.00000
0.00000
0.01266
0.47500
0.30380
0.16456
0.07595
0.00000
0.00000
0.00000
0.00000
0.00000
0.00000
0.00000
0.00000
0.00000
0.00000
0.00000
0.00000
0.11392
0.39241
0.31250
0.15190
0.11392
0.00000
0.00000
0.00000
1.07595
141.03797
154.80000
114.02532
833.71429
996.83784
1141.01333
1142.17333
1140.77922
1135.58228
706.92105
226.65789
170.25000
213.40506
216.12658
1133.89189
1130.45946
1128.60000
814.92000
228.79747
160.07500
2.00000
434.10127
336.88608
300.92405
0.07595
0.01250
0.01266
0.00000
0.00000
0.00000
0.00000
0.00000
0.01266
0.00000
0.00000
0.00000
0.00000
0.00000
0.05063
0.16456
0.03797
0.00000
0.01282
0.00000
0.00000
0.01266
0.01266
0.00000
0.00000
0.00000
0.00000
0.00000
0.00000
0.00000
0.25316
0.08750
0.11392
0.01266
0.01266
0.00000
0.00000
0.01282
0.00000
0.00000
0.00000
0.00000
0.01266
0.00000
0.00000
0.05063
0.10127
0.01266
0.01250
0.00000
0.01266
0.01266
0.00000
0.00000
0.00000
0.00000
0.02532
0.00000
0.00000
0.00000
0.00000
0.16456
0.03797
0.03797
0.05000
0.00000
0.00000
0.00000
0.01250
0.00000
0.17105
0.09091
0.48649
0.06494
0.00000
0.00000
0.00000
0.00000
0.00000
0.00000
0.00000
0.00000
0.00000
0.00000
0.00000
0.00000
0.00000
0.22785
0.27848
0.15000
0.05063
0.00000
0.00000
0.00000
0.00000
0.00000
0.00000
0.00000
0.41772
0.25316
0.08861
0.01266
0.00000
0.00000
0.00000
0.00000
0.00000
0.00000
0.00000
0.00000
0.00000
0.00000
0.00000
0.00000
0.74684
0.25316
0.17722
0.12500
0.01266
0.00000
0.00000
0.00000
0.00000
0.00000
0.00000
0.20513
0.25316
1.55696
2.00000
2.00000
0.80519
0.00000
0.00000
0.32895
0.60000
0.34177
0.22785
0.18987
0.08861
0.08750
0.03846
0.00000
0.00000
0.00000
0.00000
0.00000
0.00000
0.00000
0.00000
0.20513
0.16456
0.18750
0.12658
0.05263
0.00000
0.00000
0.00000
0.00000
0.00000
0.00000
0.00000
0.15789
0.27848
0.10127
0.07500
0.00000
0.00000
0.00000
0.00000
0.00000
0.00000
0.00000
0.00000
0.00000
0.00000
0.00000
0.00000
0.17568
0.28750
0.21519
0.15190
0.03896
0.00000
0.00000
0.00000
0.00000
0.00000
0.00000
0.00000
0.00000
0.00000
0.00000
0.17949
0.21795
0.14103
0.05128
0.51948
0.27848
0.31646
0.00000
0.00000
0.00000
0.00000
0.00000
0.00000
0.36709
0.28571
0.11538
0.02532
0.01299
0.13158
0.32051
0.28947
0.00000
0.00000
0.00000
0.00000
0.00000
0.00000
0.00000
0.00000
0.00000
0.00000
0.00000
0.00000
0.00000
0.21519
0.27848
0.18987
0.10000
0.05063
0.00000
0.00000
0.00000
0.00000
0.00000
0.00000
0.00000
0.00000
0.00000
0.00000
0.00000
0.00000
0.00000
0.22785
0.21250
0.12658
0.10127
0.01250
0.00000
0.00000
0.00000
0.00000
0.00000
0.00000
0.00000
0.00000
0.00000
0.00000
0.00000
0.00000
0.00000
0.40506
0.12658
0.58228
0.07595
0.00000
0.00000
0.00000
0.00000
0.00000
0.00000
0.00000
0.00000
0.00000
0.00000
0.00000
0.00000
0.00000
0.00000
0.39241
0.16250
0.11392
0.05063
0.00000
0.00000
0.00000
0.00000
0.00000
0.00000
0.00000
0.00000
0.00000
0.00000
0.00000
0.00000
0.00000
0.10000
0.27848
0.13924
0.13924
0.05063
0.00000
0.00000
0.00000
0.00000
0.00000
0.00000
0.00000
0.00000
0.00000
0.00000
0.00000
0.00000
0.10127
0.16456
0.12658
0.08861
0.00000
0.00000
0.00000
0.00000
0.00000
0.00000
0.00000
0.00000
0.00000
0.00000
0.00000
0.00000
0.00000
0.00000
0.00000
0.00000
0.34177
0.11392
0.06250
0.01266
0.00000
0.00000
0.00000
0.00000
0.00000
0.00000
0.00000
0.20253
0.10127
0.06329
0.00000
0.00000
0.00000
0.00000
0.00000
0.00000
0.00000
0.00000
0.00000
0.00000
0.00000
0.00000
0.00000
0.00000
0.00000
0.00000
0.00000
0.17105
0.27500
0.08974
0.01351
0.16456
0.00000
0.00000
0.00000
0.00000
0.00000
0.00000
0.00000
0.27848
0.07595
0.03797
0.00000
0.00000
0.00000
0.00000
0.00000
0.00000
0.00000
0.00000
0.00000
0.00000
0.00000
0.00000
0.00000
0.00000
0.00000
0.00000
0.06757
0.26250
0.17722
0.10127
0.02564
0.00000
0.00000
0.00000
0.00000
0.00000
0.00000
0.00000
0.30769
0.13750
0.07595
0.00000
0.00000
0.00000
0.00000
0.00000
0.00000
0.00000
0.00000
0.00000
0.00000
0.00000
0.00000
0.00000
0.00000
0.00000
0.00000
0.00000
0.31169
0.30380
0.24051
0.11250
0.00000
0.00000
0.00000
0.00000
0.00000
0.00000
0.00000
0.00000
0.27273
0.20000
0.15385
0.07692
0.00000
0.00000
0.00000
0.00000
0.00000
0.00000
0.00000
0.00000
0.00000
0.00000
0.00000
0.00000
0.00000
0.00000
0.00000
0.00000
0.29487
0.24051
0.08861
0.07500
0.04000
0.00000
0.00000
0.00000
0.00000
0.00000
0.00000
0.00000
0.00000
0.24359
0.24051
0.11392
0.06410
0.00000
0.00000
0.00000
0.00000
0.00000
0.00000
0.00000
0.00000
0.00000
0.00000
0.00000
0.00000
0.00000
0.00000
0.00000
0.16000
0.36709
0.16250
0.15190
0.08974
0.00000
0.00000
0.00000
0.00000
0.00000
0.00000
0.00000
0.00000
0.00000
0.00000
0.00000
0.02703
0.34177
0.17722
0.22785
0.10127
0.00000
0.00000
0.00000
0.00000
0.00000
0.00000
0.00000
0.00000
0.00000
0.00000
0.00000
0.00000
0.00000
0.00000
0.23077
0.25316
0.21250
0.07595
0.07595
0.00000
0.00000
0.00000
0.00000
0.00000
0.00000
0.00000
0.00000
0.00000
0.00000
0.00000
0.00000
0.00000
0.18987
0.38462
0.12500
0.16456
0.03797
0.00000
0.00000
0.00000
0.00000
0.00000
0.00000
0.00000
0.00000
0.00000
0.00000
0.00000
0.00000
0.00000
0.37975
0.17722
0.06250
0.10127
0.01282
0.00000
0.00000
0.00000
0.00000
0.00000
0.00000
0.00000
0.00000
0.00000
0.00000
0.00000
0.00000
0.00000
0.08861
0.30380
0.18987
0.12500
0.07692
0.00000
0.00000
0.00000
0.00000
0.00000
0.00000
0.00000
0.00000
0.00000
0.00000
0.24051
0.27500
0.08861
0.05063
0.00000
0.00000
0.00000
0.00000
0.00000
0.00000
0.00000
0.00000
0.00000
0.00000
0.00000
0.00000
0.00000
0.00000
0.00000
0.07692
0.33750
0.13924
0.06329
1.32911
2.00000
2.00000
0.55696
0.00000
0.00000
0.21795
0.46250
0.34177
0.22785
0.20000
0.10127
0.12658
0.03750
0.00000
0.00000
0.00000
0.00000
0.00000
0.00000
0.00000
0.00000
0.00000
0.00000
0.00000
0.22785
0.18987
0.13924
0.08861
0.01266
0.00000
0.00000
0.00000
0.00000
0.00000
0.00000
0.00000
0.00000
82.89474
172.15789
180.06329
888.37179
764.94937
804.87342
746.83544
788.87342
841.63291
877.87500
356.97468
215.62025
191.02532
158.92500
187.22785
136.65823
983.40506
1064.85526
299.45000
220.73418
38.62025
229.41772
397.97500
387.20253
295.17722
388.64557
308.05063
0.00000
0.01282
0.00000
0.00000
0.00000
0.06329
0.13924
0.08861
0.05063
0.00000
0.00000
0.01282
0.00000
0.00000
0.00000
0.00000
0.00000
0.01282
0.00000
0.00000
0.07595
0.10127
0.07500
0.06329
0.00000
0.00000
0.00000
0.00000
0.00000
0.00000
0.00000
0.00000
0.00000
0.00000
0.00000
0.00000
0.20253
0.11392
0.03797
0.05000
0.01266
0.00000
0.00000
0.00000
0.00000
0.00000
0.00000
0.00000
0.00000
0.00000
0.00000
0.08974
0.11250
0.06329
0.07595
0.01266
0.00000
0.00000
0.00000
0.00000
0.00000
0.00000
0.00000
0.00000
0.00000
0.00000
0.01282
0.21519
0.08861
0.03797
0.01250
0.00000
0.00000
0.00000
0.00000
0.00000
0.00000
0.00000
0.00000
0.00000
0.00000
0.00000
0.11392
0.08861
0.07595
0.03797
0.03797
0.00000
0.00000
0.00000
0.01299
0.00000
0.00000
0.00000
0.00000
0.00000
0.00000
0.00000
0.00000
0.00000
0.00000
0.00000
0.00000
0.00000
0.00000
0.00000
0.00000
0.00000
0.00000
0.00000
0.00000
0.00000
0.00000
0.00000
0.00000
0.00000
0.00000
0.00000
0.00000
0.00000
0.00000
0.00000
0.00000
0.00000
0.00000
0.00000
0.00000
0.00000
0.00000
0.00000
0.00000
0.00000
0.00000
0.00000
0.00000
0.00000
0.00000
0.00000
0.00000
0.00000
0.00000
0.00000
0.00000
0.00000
0.00000
0.00000
0.00000
0.00000
0.00000
0.00000
0.00000
0.00000
0.00000
0.00000
0.00000
0.00000
0.00000
0.00000
0.00000
0.00000
0.00000
0.00000
0.00000
0.00000
0.00000
0.00000
0.00000
0.00000
0.00000
0.00000
0.00000
0.00000
0.00000
0.00000
0.00000
0.00000
0.00000
0.00000
0.00000
0.00000
0.00000
0.00000
0.00000
0.00000
0.00000
0.00000
0.00000
0.00000
0.00000
0.00000
0.00000
0.00000
0.00000
0.00000
0.00000
0.00000
0.00000
0.00000
0.00000
0.00000
0.00000
0.00000
0.00000
0.00000
0.00000
0.00000
0.00000
0.00000
0.00000
0.00000
0.00000
0.00000
0.00000
0.00000
0.00000
0.00000
0.00000
0.00000
0.00000
0.00000
0.00000
0.00000
0.00000
0.00000
0.00000
0.00000
0.00000
0.00000
0.00000
0.00000
0.00000
0.00000
0.00000
0.00000
0.00000
0.00000
0.00000
0.00000
0.00000
0.00000
0.00000
0.00000
0.00000
0.00000
0.00000
0.00000
0.00000
0.00000
0.00000
0.00000
0.00000
0.00000
0.00000
0.00000
0.00000
0.00000
0.00000
0.00000
0.00000
0.00000
0.00000
0.00000
0.00000
0.00000
0.00000
0.00000
0.00000
0.00000
0.00000
0.00000
0.00000
0.00000
0.00000
0.00000
0.00000
0.00000
0.00000
0.00000
0.00000
0.00000
0.00000
0.00000
0.00000
0.00000
0.00000
0.00000
0.00000
0.00000
0.00000
0.00000
0.00000
0.00000
0.00000
0.00000
0.00000
0.00000
0.00000
0.00000
0.00000
0.00000
0.00000
0.00000
0.00000
0.00000
0.00000
0.00000
0.00000
0.00000
0.00000
0.00000
0.00000
0.00000
0.00000
0.00000
0.00000
0.00000
0.00000
0.00000
0.00000
0.00000
0.00000
0.00000
0.00000
0.00000
0.00000
0.00000
0.00000
0.00000
0.00000
0.00000
0.00000
0.00000
0.00000
0.00000
0.00000
0.00000
0.00000
0.00000
0.00000
0.00000
0.00000
0.00000
0.00000
0.00000
0.00000
0.00000
0.00000
0.00000
0.00000
0.00000
0.00000
0.00000
0.00000
0.00000
0.00000
0.00000
0.00000
0.00000
0.00000
0.00000
0.00000
0.00000
0.00000
0.00000
0.00000
0.00000
0.00000
0.00000
0.00000
0.00000
0.00000
0.00000
0.00000
0.00000
0.00000
0.00000
0.00000
0.00000
0.00000
0.00000
0.00000
0.00000
0.00000
0.00000
0.00000
0.00000
0.00000
0.00000
0.00000
0.00000
0.00000
0.00000
0.00000
0.00000
0.00000
0.00000
0.00000
0.00000
0.00000
0.00000
0.00000
0.00000
0.00000
0.00000
0.00000
0.00000
0.00000
0.00000
0.00000
0.00000
0.00000
0.00000
0.00000
0.00000
0.00000
0.00000
0.00000
0.00000
0.00000
0.00000
0.00000
0.00000
0.00000
0.00000
0.00000
0.00000
0.00000
0.00000
0.00000
0.00000
0.00000
0.00000
0.00000
0.00000
0.00000
0.00000
0.00000
0.00000
0.00000
0.00000
0.00000
0.00000
0.00000
0.00000
0.00000
0.00000
0.00000
0.00000
0.00000
0.00000
0.00000
0.00000
0.00000
0.00000
0.00000
0.00000
0.00000
0.00000
0.00000
0.00000
0.00000
0.00000
0.00000
0.00000
0.00000
0.00000
0.00000
0.00000
0.00000
0.00000
0.00000
0.00000
0.00000
0.00000
0.00000
0.00000
0.00000
0.00000
0.00000
0.00000
0.00000
0.00000
0.00000
0.00000
0.00000
0.00000
0.00000
0.00000
0.00000
0.00000
0.00000
0.00000
0.00000
0.00000
0.00000
0.00000
0.00000
0.00000
0.00000
0.00000
0.00000
0.00000
0.00000
0.00000
0.00000
0.00000
0.00000
0.00000
0.00000
0.00000
0.00000
0.00000
0.00000
0.00000
0.00000
0.00000
0.00000
0.00000
0.00000
0.00000
0.00000
0.00000
0.00000
0.00000
0.00000
0.00000
0.00000
0.00000
0.00000
0.00000
0.00000
0.00000
0.00000
0.00000
0.00000
0.00000
0.00000
0.00000
0.00000
0.00000
0.00000
0.00000
0.00000
0.00000
0.00000
0.00000
0.00000
0.00000
0.00000
0.00000
0.00000
0.00000
0.00000
0.00000
0.00000
0.00000
0.00000
0.00000
0.00000
0.00000
0.00000
0.00000
0.00000
0.00000
0.00000
0.00000
0.00000
0.00000
0.00000
0.00000
0.00000
0.00000
0.00000
0.00000
0.00000
0.00000
0.00000
0.00000
0.00000
0.00000
0.00000
0.00000
0.00000
0.00000
0.00000
0.00000
0.00000
0.00000
0.00000
0.00000
0.00000
0.00000
0.00000
0.00000
0.00000
0.00000
0.00000
0.00000
0.00000
0.00000
0.00000
0.00000
0.00000
0.00000
0.00000
0.00000
0.00000
0.00000
0.00000
0.00000
0.00000
0.00000
0.00000
0.00000
0.00000
0.00000
0.00000
0.00000
0.00000
0.00000
0.00000
0.00000
0.00000
0.00000
0.00000
0.00000
0.00000
0.00000
0.00000
0.00000
0.00000
0.00000
0.00000
0.00000
0.00000
0.00000
0.00000
0.00000
0.00000
0.00000
0.00000
0.00000
0.00000
0.00000
0.00000
0.00000
0.00000
0.00000
0.00000
0.00000
0.00000
0.00000
0.00000
0.00000
0.00000
0.00000
0.00000
0.00000
0.00000
0.00000
0.00000
0.00000
0.00000
0.00000
0.00000
0.00000
0.00000
0.00000
0.00000
0.00000
0.00000
0.00000
0.00000
0.00000
0.00000
0.00000
0.00000
0.00000
0.00000
0.00000
0.00000
0.00000
0.00000
0.00000
0.00000
0.00000
0.00000
0.00000
0.00000
0.00000
0.00000
0.00000
0.00000
0.00000
0.00000
0.00000
0.00000
0.00000
0.00000
0.00000
0.00000
0.00000
0.00000
0.00000
0.00000
0.00000
0.00000
0.00000
0.00000
0.00000
0.00000
0.00000
0.00000
0.00000
0.00000
0.00000
0.00000
0.00000
0.00000
0.00000
0.00000
0.00000
0.00000
0.00000
0.00000
0.00000
0.00000
0.00000
0.00000
0.00000
0.00000
0.00000
0.00000
0.00000
0.00000
0.00000
0.00000
0.00000
0.00000
0.00000
0.00000
0.00000
0.00000
0.00000
0.00000
0.00000
0.00000
0.00000
0.00000
0.00000
0.00000
0.00000
0.00000
0.00000
0.00000
0.00000
0.00000
0.00000
0.00000
0.00000
0.00000
0.00000
0.00000
0.00000
0.00000
0.00000
0.00000
0.00000
0.00000
0.00000
0.00000
0.00000
0.00000
0.00000
0.00000
0.00000
0.00000
0.00000
0.00000
0.00000
0.00000
0.00000
0.00000
0.00000
0.00000
0.00000
0.00000
0.00000
0.00000
0.00000
0.00000
0.00000
0.00000
0.00000
0.00000
0.00000
0.00000
0.00000
0.00000
0.00000
0.00000
0.00000
0.00000
0.00000
0.00000
0.00000
0.00000
0.00000
0.00000
0.00000
0.00000
0.00000
0.00000
0.00000
0.00000
0.00000
0.00000
0.00000
0.00000
0.00000
0.00000
0.00000
0.00000
0.00000
0.00000
0.00000
0.00000
0.00000
0.00000
0.00000
0.00000
0.00000
0.00000
0.00000
0.00000
0.00000
0.00000
0.00000
0.00000
0.00000
0.00000
0.00000
0.00000
0.00000
0.00000
0.00000
0.00000
0.00000
0.00000
0.00000
0.00000
0.00000
0.00000
0.00000
0.00000
0.00000
0.00000
0.00000
0.00000
0.00000
0.00000
0.00000
0.00000
0.00000
0.00000
0.00000
0.00000
0.00000
0.00000
0.00000
0.00000
0.00000
0.00000
0.00000
0.00000
0.00000
0.00000
0.00000
0.00000
0.00000
0.00000
0.00000
0.00000
0.00000
0.01266
0.00000
0.00000
0.00000
0.01266
0.00000
0.00000
0.16456
0.06329
0.06329
0.02532
0.00000
0.00000
0.00000
0.00000
0.00000
0.00000
0.00000
0.06329
0.02532
0.06329
0.00000
0.00000
0.00000
0.00000
0.00000
0.00000
0.00000
0.00000
0.00000
0.00000
0.00000
0.00000
0.03797
0.12658
0.06329
0.02532
0.00000
0.00000
0.00000
0.00000
0.00000
0.00000
0.00000
0.00000
0.00000
0.16456
0.08861
0.02532
0.00000
0.00000
0.00000
0.00000
0.00000
0.00000
0.00000
0.00000
0.00000
0.01266
0.00000
0.00000
0.18987
0.10127
1.02532
2.00000
2.00000
0.73418
0.00000
0.00000
0.30380
0.37975
0.24051
0.11392
0.05063
0.05063
0.06329
0.00000
0.00000
0.00000
0.00000
0.00000
0.00000
0.00000
0.00000
0.00000
0.00000
0.00000
0.00000
0.17722
0.16456
0.02532
0.02500
0.00000
0.00000
0.00000
0.00000
0.00000
0.00000
0.00000
0.00000
0.00000
0.00000
0.08861
0.10127
0.10000
0.03797
0.00000
0.00000
0.00000
0.00000
0.00000
0.00000
0.00000
0.10127
0.05063
0.01266
0.02532
0.00000
0.00000
0.00000
0.00000
0.00000
0.00000
0.00000
0.01266
0.00000
0.03797
0.00000
0.12658
0.03797
0.03797
0.00000
0.00000
0.00000
0.00000
0.00000
0.00000
0.00000
0.00000
0.00000
0.00000
0.00000
0.00000
0.13924
0.05063
0.03797
0.02500
0.00000
0.00000
0.00000
0.00000
0.00000
0.00000
0.00000
0.00000
0.00000
0.00000
0.00000
0.11392
0.08750
0.02532
0.00000
0.00000
0.00000
0.00000
0.01250
0.00000
0.00000
0.00000
0.00000
0.00000
0.00000
0.00000
0.05000
0.03846
0.04412
0.02532
0.00000
0.00000
0.00000
0.00000
0.00000
0.00000
0.00000
0.00000
0.00000
0.00000
0.00000
0.10127
0.10127
0.01266
0.02532
0.00000
0.00000
0.00000
0.01266
0.00000
0.00000
0.00000
0.00000
0.00000
0.01250
0.00000
0.08861
0.06329
0.00000
0.01266
0.00000
0.00000
0.00000
0.00000
0.00000
0.00000
0.00000
0.00000
0.00000
0.00000
0.00000
0.12500
0.10127
0.00000
0.01266
0.00000
0.00000
0.00000
0.00000
0.00000
0.00000
0.00000
0.01266
0.00000
0.00000
0.00000
0.00000
0.11392
0.03797
0.02532
0.00000
0.00000
0.00000
0.01266
0.00000
0.00000
0.00000
0.00000
0.00000
0.00000
0.01266
0.11392
0.02500
0.01282
0.00000
0.00000
0.00000
0.00000
0.00000
0.00000
0.00000
0.00000
0.00000
0.00000
0.00000
0.00000
0.10127
0.10127
0.02532
0.01266
0.00000
0.00000
0.00000
0.00000
0.00000
0.00000
0.00000
0.00000
0.27632
0.15190
0.11392
0.05128
0.00000
0.00000
0.24051
0.73418
0.72152
0.68750
0.31646
0.75949
0.00000
0.00000
0.00000
0.00000
0.00000
0.20253
0.03797
0.11538
0.02532
0.00000
0.00000
0.00000
0.00000
0.00000
0.00000
0.00000
0.00000
0.00000
0.00000
0.00000
0.10526
0.06329
0.03750
0.02532
0.00000
0.00000
0.00000
0.00000
0.00000
0.00000
0.00000
0.00000
0.00000
0.00000
0.01351
0.19231
0.10000
0.02532
0.01299
0.00000
0.00000
0.00000
0.00000
0.00000
0.00000
0.00000
0.00000
0.00000
0.00000
0.00000
0.23684
0.07595
0.03797
0.00000
0.00000
0.00000
0.00000
0.00000
0.00000
0.00000
0.00000
0.00000
0.00000
0.00000
0.00000
0.00000
0.18987
0.11392
0.08861
0.00000
0.00000
0.00000
0.00000
0.00000
0.01266
0.00000
0.00000
0.00000
0.00000
0.00000
0.00000
0.16456
0.11250
0.14103
0.03750
0.00000
0.00000
0.00000
0.01266
0.00000
0.00000
0.00000
0.00000
0.00000
0.00000
0.00000
0.20253
0.03797
0.06329
0.01266
0.00000
0.00000
0.01266
0.00000
0.00000
0.00000
0.00000
0.01266
0.00000
0.00000
0.00000
0.06329
0.24051
0.10127
0.08861
0.00000
0.00000
0.00000
0.00000
0.00000
0.00000
0.00000
0.00000
0.00000
0.00000
0.00000
0.18987
0.13924
0.00000
0.01250
0.00000
0.00000
0.00000
0.00000
0.05128
0.11392
0.03797
0.03797
0.00000
0.00000
0.00000
0.00000
0.00000
0.00000
0.00000
0.00000
0.00000
0.00000
0.00000
0.00000
0.00000
0.00000
0.00000
0.12658
0.10127
0.05063
0.01266
0.02500
0.00000
0.00000
0.00000
0.00000
0.00000
0.00000
0.00000
0.00000
0.00000
0.00000
0.31646
0.02532
0.03750
0.01266
0.00000
0.00000
0.00000
0.00000
0.00000
0.00000
0.00000
0.00000
0.00000
0.01250
0.00000
0.00000
0.18987
0.10000
0.02532
0.01266
0.00000
0.00000
0.00000
0.00000
0.00000
0.00000
0.00000
0.00000
0.01266
0.01266
0.20253
0.06329
0.02532
0.00000
0.00000
0.00000
0.00000
0.00000
0.00000
0.00000
0.01250
0.00000
0.00000
0.00000
0.00000
0.00000
0.17722
0.08861
0.02532
0.01250
0.00000
0.00000
0.00000
0.00000
0.00000
0.00000
0.00000
0.00000
0.00000
0.12658
0.01266
0.01266
0.00000
0.00000
0.00000
0.00000
0.00000
0.01266
0.00000
0.00000
0.00000
0.00000
0.00000
0.00000
0.00000
0.00000
0.26582
0.12658
0.15584
0.01299
0.00000
0.00000
0.00000
0.00000
0.00000
0.00000
0.00000
0.00000
0.00000
0.00000
0.38750
0.34615
0.26923
0.06329
0.00000
0.00000
0.00000
0.00000
0.00000
0.21519
0.23750
0.64557
2.00000
2.00000
1.55128
0.00000
0.00000
0.00000
0.64557
0.48750
0.37179
0.26250
0.26582
0.01351
0.10811
1.31646
0.17722
0.74684
0.11250
0.00000
0.00000
0.00000
0.00000
0.13750
0.07595
0.11392
0.05063
0.00000
0.00000
0.00000
0.30769
0.88462
0.74026
0.53165
0.29114
0.80769
0.00000
0.00000
0.00000
0.33333
0.34177
0.43038
0.51899
0.05063
0.00000
0.00000
0.00000
0.00000
0.00000
0.00000
0.00000
0.00000
0.00000
0.00000
0.00000
0.08000
0.20253
0.10127
0.06329
0.02597
0.00000
0.00000
0.00000
0.00000
0.00000
0.00000
0.00000
0.00000
0.00000
0.00000
0.00000
0.02667
0.18987
0.08861
0.02532
0.01299
0.00000
0.00000
0.00000
0.00000
0.00000
0.00000
0.17949
0.07595
0.07595
0.00000
0.01266
0.00000
0.01333
0.00000
0.00000
0.00000
0.00000
0.00000
0.00000
0.00000
0.00000
0.24051
0.12658
0.05000
0.02632
0.00000
0.00000
0.00000
0.00000
0.00000
0.00000
0.00000
0.00000
0.00000
0.00000
0.00000
0.04000
0.36709
0.21519
0.07595
0.02532
0.00000
0.00000
0.00000
0.00000
0.00000
0.00000
0.00000
0.00000
0.00000
0.00000
0.16883
0.06667
0.06250
0.00000
0.00000
94.43590
166.27273
107.70513
589.37179
1018.06579
1026.34211
1090.00000
1084.50000
1081.56410
1069.77215
724.06494
217.73418
184.12658
216.03797
135.73418
1092.98649
1087.55405
1081.12000
1044.37838
230.88608
222.82278
12.37975
281.83544
317.02532
396.12500
24.25316
0.26582
0.07595
0.01266
0.01266
0.01266
0.00000
0.00000
0.01266
0.00000
0.00000
0.00000
0.00000
0.00000
0.00000
0.00000
0.00000
0.00000
0.08750
0.05063
0.02532
0.03750
0.01266
0.00000
0.00000
0.00000
0.00000
0.00000
0.00000
0.00000
0.00000
0.00000
0.00000
0.00000
0.00000
0.03797
0.15190
0.06329
0.10000
0.01266
0.00000
0.00000
0.00000
0.00000
0.00000
0.00000
0.00000
0.00000
0.00000
0.10127
0.11392
0.06329
0.02532
0.01250
0.00000
0.00000
0.01266
0.00000
0.00000
0.00000
0.00000
0.00000
0.00000
0.00000
0.00000
0.00000
0.00000
0.00000
0.12658
0.08750
0.03797
0.02532
0.00000
0.00000
0.00000
0.01266
0.02500
0.00000
0.00000
0.00000
0.00000
0.15190
0.07595
0.02500
0.00000
0.00000
0.00000
0.00000
0.00000
0.00000
0.00000
0.00000
0.00000
0.00000
0.00000
0.00000
0.00000
0.00000
0.05063
0.44304
0.21250
0.18987
0.10127
0.00000
0.00000
0.00000
0.00000
0.00000
0.00000
0.00000
0.00000
0.08974
0.48101
0.25316
0.21519
0.02532
0.00000
0.00000
0.00000
0.00000
0.00000
0.00000
0.00000
0.00000
0.00000
0.00000
0.00000
0.00000
0.00000
0.22368
0.41772
0.35443
0.25316
0.06494
0.00000
0.00000
0.00000
0.00000
0.00000
0.00000
0.00000
0.00000
0.00000
0.17333
0.33750
0.24051
0.11392
0.00000
0.00000
0.00000
0.00000
0.00000
0.00000
0.00000
0.00000
0.00000
0.00000
0.00000
0.00000
0.00000
0.39474
0.43750
0.30380
0.18987
0.03947
0.00000
0.00000
0.00000
0.00000
0.00000
0.00000
0.00000
0.00000
0.00000
0.23684
0.32911
0.27500
0.11392
0.00000
0.00000
0.00000
0.00000
0.00000
0.00000
0.00000
0.00000
0.00000
0.00000
0.00000
0.00000
0.16000
0.46835
0.23750
0.18987
0.03947
0.00000
0.00000
0.00000
0.00000
0.00000
0.00000
0.00000
0.00000
0.00000
0.35065
0.36709
0.20253
0.07792
0.00000
0.00000
0.00000
0.00000
0.00000
0.00000
0.00000
0.00000
0.00000
0.00000
0.19737
0.46835
0.31250
0.25316
0.00000
0.00000
0.00000
0.00000
0.00000
0.00000
0.00000
0.00000
0.00000
0.00000
0.00000
0.00000
0.00000
0.00000
0.30000
0.44304
0.25316
0.13924
0.01266
0.00000
0.00000
0.00000
0.15190
0.64557
0.49367
0.07595
0.25000
0.26582
0.89333
0.64000
0.00000
0.00000
0.00000
0.00000
0.16456
0.24051
0.16250
0.12658
0.26923
0.06329
0.00000
46.68750
183.86076
91.44304
323.52632
986.30667
1023.74667
1085.21053
1081.53333
1079.28000
1083.84000
485.50649
221.67089
175.81013
176.37333
409.34177
1082.97297
1084.02703
1084.41892
630.96000
233.02667
120.44156
34.26582
452.88608
327.82278
210.13924
0.00000
0.00000
0.00000
0.02500
0.00000
0.00000
0.00000
0.11250
0.06329
0.03797
0.02532
0.02532
0.00000
0.00000
0.00000
0.00000
0.00000
0.00000
0.00000
0.01266
0.00000
0.01266
0.13924
0.02532
0.00000
0.02532
0.00000
0.00000
0.00000
0.00000
0.00000
0.00000
0.00000
0.00000
0.00000
0.00000
0.02532
0.15190
0.06329
0.01266
0.00000
0.00000
0.00000
0.00000
0.00000
0.01266
0.00000
0.00000
0.00000
0.00000
0.00000
0.01250
0.00000
0.02532
0.06329
0.03797
0.03797
0.00000
0.00000
0.00000
0.01250
0.00000
0.00000
0.00000
0.00000
0.00000
0.00000
0.00000
0.00000
0.00000
0.00000
0.10127
0.03797
0.03750
0.01266
0.01266
0.00000
0.00000
0.00000
0.01266
0.00000
0.02532
0.00000
0.00000
0.00000
0.00000
0.00000
0.00000
0.00000
0.36709
0.17722
0.06329
0.03797
0.01266
0.00000
0.00000
0.00000
0.00000
0.00000
0.00000
0.00000
0.00000
0.00000
0.01282
0.00000
0.00000
0.02564
0.29487
0.35000
0.17722
0.15000
0.13924
0.02667
0.00000
0.00000
0.00000
0.00000
0.00000
0.00000
0.00000
0.00000
0.00000
0.00000
0.00000
0.00000
0.20779
0.28750
0.15190
0.15190
0.10127
0.00000
0.00000
0.00000
0.00000
0.00000
0.00000
0.00000
0.00000
0.00000
0.00000
0.00000
0.00000
0.00000
0.00000
0.34177
0.05063
0.03797
0.05063
0.01282
0.00000
0.00000
0.00000
0.00000
0.00000
0.00000
0.00000
0.00000
0.00000
0.00000
0.00000
0.00000
0.00000
0.00000
0.17949
0.10000
0.02532
0.02532
0.00000
0.00000
0.01333
0.00000
0.00000
0.00000
0.00000
0.00000
0.00000
0.00000
0.00000
0.00000
0.00000
0.00000
0.01351
0.18182
0.11392
0.03750
0.03797
0.01266
0.00000
0.00000
0.00000
0.00000
0.00000
0.00000
0.00000
0.00000
0.00000
0.00000
0.00000
0.00000
0.01351
0.00000
0.09211
0.11392
0.03797
0.01266
0.01266
0.00000
0.00000
0.00000
0.00000
0.00000
0.00000
0.00000
0.00000
0.00000
0.00000
0.00000
0.00000
0.00000
0.00000
0.00000
0.17949
0.03750
0.05128
0.06329
0.07595
0.00000
0.00000
0.00000
0.00000
0.00000
0.00000
0.00000
0.00000
0.00000
0.00000
0.00000
0.00000
0.00000
0.00000
0.15385
0.07595
0.03797
0.05063
0.02532
0.00000
0.00000
0.00000
0.00000
0.00000
0.00000
0.00000
0.00000
0.00000
0.00000
0.00000
0.00000
0.01333
0.00000
0.12000
0.17500
0.03797
0.06329
0.03797
0.01250
0.00000
0.01266
0.00000
0.00000
0.00000
0.00000
0.00000
0.00000
0.00000
0.00000
0.00000
0.00000
0.00000
0.00000
0.18987
0.03797
0.03750
0.02532
0.00000
0.00000
0.00000
0.00000
0.01266
0.00000
0.00000
0.00000
0.00000
0.00000
0.00000
0.00000
0.00000
0.00000
0.00000
0.11392
0.10127
0.11392
0.02532
0.00000
0.00000
0.00000
0.00000
0.00000
0.00000
0.00000
0.00000
0.00000
0.00000
0.00000
0.00000
0.00000
0.00000
0.00000
0.05063
0.13924
0.01266
0.01266
0.02532
0.01266
0.00000
0.00000
0.00000
0.00000
0.00000
0.00000
0.00000
0.00000
0.00000
0.00000
0.00000
0.00000
0.00000
0.00000
0.13924
0.08861
0.01266
0.01266
0.01266
0.00000
0.00000
0.00000
0.00000
0.00000
0.00000
0.01266
0.00000
0.00000
0.00000
0.00000
0.01282
0.00000
0.00000
0.21519
0.10127
0.02532
0.00000
0.06250
0.00000
0.00000
0.00000
0.00000
0.01266
0.00000
0.00000
0.00000
0.00000
0.00000
0.00000
0.00000
0.00000
0.00000
0.00000
0.18987
0.12658
0.05063
0.02532
0.00000
0.00000
0.00000
0.01316
0.00000
0.00000
0.00000
0.00000
0.00000
0.00000
0.00000
0.00000
0.00000
0.21250
0.01266
0.01266
0.00000
0.00000
0.00000
0.00000
0.00000
0.00000
0.00000
0.00000
0.00000
0.00000
0.00000
0.00000
0.00000
0.16456
0.05063
0.00000
0.00000
0.01266
0.00000
0.00000
0.00000
0.00000
0.00000
0.00000
0.00000
0.00000
0.00000
0.00000
0.05063
0.12658
0.24051
2.00000
2.00000
1.77215
0.00000
0.00000
0.00000
0.32911
0.22500
0.12658
0.06329
0.01266
0.02500
0.02532
0.00000
0.00000
0.00000
0.00000
0.00000
0.00000
0.00000
0.00000
0.00000
0.00000
0.00000
0.00000
0.07692
0.06250
0.03797
0.00000
0.00000
0.00000
0.00000
0.00000
0.00000
0.00000
0.00000
0.00000
0.00000
0.00000
0.01266
0.10127
0.01266
0.01250
0.07595
0.00000
0.00000
0.00000
0.00000
0.00000
0.00000
0.00000
0.00000
0.00000
0.00000
0.10000
0.02532
0.02532
0.01250
0.00000
0.00000
0.00000
0.00000
0.00000
0.00000
0.00000
0.00000
0.00000
0.00000
0.17722
0.11250
0.01266
0.00000
0.01266
0.00000
0.00000
0.00000
0.00000
0.00000
0.00000
0.00000
0.00000
0.00000
0.00000
0.08861
0.10127
0.02532
0.00000
0.00000
0.00000
0.00000
0.00000
0.00000
0.00000
0.00000
0.00000
0.00000
0.00000
0.00000
0.32911
0.10127
0.00000
0.00000
0.00000
0.00000
0.00000
0.00000
0.00000
0.00000
0.00000
0.00000
0.00000
0.00000
0.00000
0.12658
0.03797
0.01266
0.00000
0.00000
0.00000
0.00000
0.00000
0.00000
0.00000
0.00000
0.00000
0.01266
0.10127
0.08861
0.03797
0.02532
0.00000
0.00000
0.00000
0.00000
0.00000
0.00000
0.00000
0.00000
0.00000
0.00000
0.16250
0.03797
0.03797
0.01266
0.00000
0.00000
0.00000
0.00000
0.01266
0.00000
0.00000
0.01266
0.00000
0.00000
0.00000
0.17722
0.02500
0.00000
0.01266
0.00000
0.00000
0.00000
0.00000
0.00000
0.00000
0.00000
0.00000
0.01250
0.00000
0.00000
0.10127
0.13750
0.02532
0.01266
0.00000
0.00000
0.00000
0.00000
0.00000
0.00000
0.00000
0.00000
0.00000
0.00000
0.00000
0.24051
0.02532
0.02532
0.02532
0.00000
0.00000
0.01266
0.00000
0.00000
0.00000
0.00000
0.01266
0.00000
0.00000
0.00000
0.30380
0.06329
0.00000
0.00000
0.00000
0.00000
0.00000
0.00000
0.00000
0.00000
0.00000
0.00000
0.00000
0.00000
0.00000
0.11392
0.07500
0.01266
0.00000
0.00000
0.00000
0.00000
0.00000
0.00000
0.00000
0.00000
0.00000
0.00000
0.00000
0.00000
0.11392
0.07595
0.06329
0.01250
0.00000
0.01266
0.00000
0.00000
0.00000
0.00000
0.00000
0.00000
0.00000
0.00000
0.00000
0.12500
0.11392
0.01282
0.22368
0.07792
0.00000
0.00000
0.00000
0.00000
0.00000
0.00000
0.00000
0.00000
0.00000
0.00000
0.00000
0.17722
0.03797
0.01266
0.00000
0.00000
0.00000
0.00000
0.00000
0.00000
0.00000
0.00000
0.00000
0.00000
0.00000
0.05333
0.03797
0.06329
0.01250
0.00000
0.00000
0.00000
0.00000
0.00000
0.00000
0.00000
0.00000
0.00000
0.00000
0.00000
0.12987
0.03797
0.00000
0.02564
0.00000
0.00000
0.00000
0.00000
0.00000
0.00000
0.00000
0.00000
0.00000
0.00000
0.08000
0.07595
0.01266
0.01266
0.00000
0.00000
0.00000
0.00000
0.00000
0.00000
0.00000
0.00000
0.00000
0.00000
0.00000
0.07792
0.03797
0.03750
0.01299
0.00000
0.00000
0.00000
0.01351
0.00000
0.00000
0.00000
0.00000
0.00000
0.00000
0.01351
0.35000
0.03797
0.00000
0.00000
0.00000
0.00000
0.00000
0.00000
0.00000
0.00000
0.00000
0.00000
0.00000
0.00000
0.09211
0.06250
0.01266
0.00000
0.00000
0.01333
0.00000
0.00000
0.00000
0.00000
0.00000
0.00000
0.00000
0.00000
0.12000
0.11392
0.02532
0.02532
0.00000
0.00000
0.00000
0.00000
0.00000
0.00000
0.00000
0.00000
0.00000
0.00000
0.00000
0.22078
0.01250
0.00000
0.00000
0.00000
0.00000
0.00000
0.00000
0.00000
0.00000
0.00000
0.00000
0.00000
0.00000
0.00000
0.00000
0.00000
0.00000
0.00000
0.00000
0.00000
0.00000
0.00000
0.00000
0.00000
0.00000
0.00000
0.00000
0.00000
0.00000
0.00000
0.04545
0.00000
0.00000
0.00000
0.00000
0.00000
0.00000
0.00000
0.00000
0.00000
0.00000
0.00000
0.09333
0.08861
0.01266
0.01250
0.00000
0.00000
0.00000
0.00000
0.00000
0.00000
0.00000
0.00000
0.00000
0.00000
0.00000
0.10000
0.03797
0.45333
0.01266
0.00000
0.00000
0.00000
0.00000
0.00000
0.00000
0.00000
0.00000
0.00000
0.00000
0.22785
0.03797
0.03797
0.03797
0.00000
0.00000
0.00000
0.00000
0.00000
0.00000
0.00000
0.00000
0.00000
0.00000
0.00000
0.16456
0.06250
0.05063
0.01266
0.00000
0.00000
0.00000
0.00000
0.00000
0.00000
0.00000
0.00000
0.00000
0.00000
0.05063
0.13750
0.02532
0.00000
0.00000
0.00000
0.00000
0.00000
0.00000
0.00000
0.00000
0.00000
0.00000
0.00000
0.00000
0.24051
0.06329
0.01250
0.08974
0.00000
0.00000
0.00000
0.00000
0.00000
0.00000
0.00000
0.00000
0.00000
0.00000
0.08861
0.10127
0.77215
2.00000
2.00000
1.13924
0.00000
0.00000
0.00000
0.35000
0.15190
0.10127
0.05128
0.03750
0.00000
0.00000
0.00000
0.00000
0.00000
0.00000
0.00000
0.00000
0.00000
0.00000
0.00000
0.00000
0.00000
0.00000
0.11538
0.05063
0.23377
0.10127
0.00000
0.01266
0.00000
0.00000
0.00000
0.01266
0.00000
0.00000
0.10526
0.00000
0.00000
0.24675
0.06329
0.01250
0.01266
0.00000
0.00000
0.00000
0.00000
0.00000
0.00000
0.00000
0.00000
0.00000
0.00000
0.00000
0.00000
0.14286
0.06329
0.02532
0.02532
0.00000
0.00000
0.00000
0.00000
0.00000
0.00000
0.00000
0.00000
0.00000
0.00000
0.00000
0.00000
0.00000
0.05263
0.12658
0.03797
0.02532
0.00000
0.00000
0.00000
0.00000
0.00000
0.00000
0.00000
0.00000
0.00000
0.00000
0.00000
0.00000
0.00000
0.08000
0.06329
0.02532
0.01266
0.00000
0.00000
0.00000
0.00000
0.00000
0.00000
0.00000
0.00000
0.00000
0.00000
0.00000
0.00000
0.00000
0.00000
0.08000
0.11392
0.03797
0.01250
0.01266
0.00000
0.00000
0.00000
0.00000
0.00000
0.00000
0.00000
0.00000
0.00000
0.00000
0.00000
0.01351
0.00000
0.01351
0.20253
0.03797
0.02500
0.00000
0.01333
0.00000
0.00000
0.00000
0.00000
0.01333
0.00000
0.00000
0.00000
0.00000
0.00000
0.00000
0.00000
0.09211
0.10127
0.05063
0.00000
0.00000
0.00000
0.00000
0.00000
0.00000
0.00000
0.00000
0.00000
0.00000
0.00000
0.00000
0.00000
0.00000
0.00000
0.00000
0.16456
0.06329
0.00000
0.02532
0.00000
0.00000
0.00000
0.00000
0.00000
0.00000
0.00000
0.00000
0.00000
0.00000
0.00000
0.00000
0.00000
0.00000
0.06329
0.03797
0.00000
0.01266
0.01266
0.00000
0.00000
0.00000
0.00000
0.00000
0.00000
0.00000
0.00000
0.00000
0.00000
0.00000
0.00000
0.00000
0.07595
0.03797
0.05000
0.00000
0.00000
0.00000
0.00000
0.00000
0.00000
0.26667
0.73684
0.84000
0.38158
0.45570
0.82278
0.07500
0.10390
0.03896
0.05063
0.18182
0.84615
0.39474
0.55128
0.60759
0.00000
0.00000
0.00000
0.00000
0.00000
0.00000
0.00000
0.00000
0.00000
0.00000
0.25000
0.11392
0.02532
0.00000
0.00000
0.00000
0.00000
0.00000
0.00000
0.00000
0.00000
0.00000
0.00000
0.00000
0.00000
0.00000
0.00000
0.00000
0.11392
0.02500
0.00000
0.02532
0.02532
0.00000
0.00000
0.00000
0.00000
0.00000
0.00000
0.00000
0.00000
0.00000
0.00000
0.00000
0.00000
0.00000
0.00000
0.11392
0.05063
0.02532
0.00000
0.00000
0.00000
0.00000
0.00000
0.00000
0.00000
0.01266
0.00000
0.00000
0.00000
0.00000
0.00000
0.00000
0.00000
0.08861
0.06329
0.03797
0.02500
0.01266
0.00000
0.00000
0.00000
0.00000
0.00000
0.00000
0.00000
0.00000
0.01266
0.00000
0.00000
0.00000
0.00000
0.07595
0.03797
0.00000
0.00000
0.00000
0.00000
0.00000
0.00000
0.00000
0.00000
0.00000
0.00000
0.00000
0.00000
0.01333
0.14103
0.14103
0.07595
0.01266
0.00000
0.00000
0.00000
0.00000
0.00000
0.01282
0.00000
0.00000
0.00000
0.00000
0.00000
0.00000
0.67105
0.41558
0.01282
0.02564
0.00000
0.00000
0.00000
0.00000
0.00000
0.00000
0.01316
0.00000
0.00000
0.00000
0.00000
0.00000
0.00000
0.00000
0.00000
0.00000
0.00000
0.00000
0.00000
0.00000
0.00000
0.00000
0.41772
0.05063
0.05063
0.00000
0.00000
0.01333
0.00000
0.00000
0.00000
0.00000
0.00000
0.00000
0.00000
0.00000
0.00000
0.00000
0.11842
0.53846
0.11392
0.11392
0.05063
0.00000
0.00000
0.00000
0.00000
0.00000
0.00000
0.00000
0.00000
0.00000
0.00000
0.05063
0.08861
0.00000
0.01266
0.00000
0.00000
0.00000
0.00000
0.00000
0.00000
0.00000
0.00000
0.00000
0.00000
1.44872
0.03797
0.00000
0.01266
0.00000
0.00000
0.00000
0.00000
0.00000
0.01333
0.00000
0.01351
0.00000
0.00000
0.16000
0.12658
0.02532
0.01266
0.01250
0.00000
0.00000
0.00000
0.00000
0.00000
0.00000
0.01266
0.00000
0.00000
0.00000
0.00000
0.00000
0.00000
0.00000
0.00000
0.00000
0.00000
0.00000
0.00000
0.00000
0.20000
0.06329
0.00000
0.05063
0.00000
0.00000
0.00000
0.00000
0.00000
0.00000
0.00000
0.11392
1.06250
2.00000
2.01250
1.07792
0.00000
0.00000
0.07595
0.40506
0.20253
0.12658
0.08861
0.04054
0.11538
0.13514
0.18667
0.10811
0.72368
87.22973
174.30380
89.33333
552.31646
996.42500
1044.53165
1107.56250
1101.82278
1096.77922
1092.56579
244.17949
207.70886
192.27848
138.84810
714.90909
1106.51316
1100.11538
1094.57692
308.37838
235.01351
37.14103
226.17722
314.28750
405.27848
73.43038
0.00000
0.00000
0.00000
0.00000
0.00000
0.00000
0.00000
0.10256
0.08750
0.02532
0.02532
0.01266
0.00000
0.00000
0.01266
0.00000
0.01266
0.00000
0.00000
0.00000
0.00000
0.00000
0.00000
0.00000
0.00000
0.00000
0.00000
0.01266
0.01266
0.05063
0.07595
0.08861
0.00000
0.01266
0.01266
0.01266
0.00000
0.00000
0.00000
0.00000
0.00000
0.00000
0.00000
0.00000
0.00000
0.00000
0.65823
0.07500
0.05063
0.03797
0.00000
0.00000
0.00000
0.00000
0.00000
0.00000
0.00000
0.00000
0.02532
0.00000
0.01266
0.00000
0.00000
0.00000
0.00000
0.00000
0.01266
0.00000
0.12658
0.06329
0.02532
0.01266
0.00000
0.00000
0.00000
0.00000
0.00000
0.00000
0.00000
0.00000
0.12658
0.02500
0.01266
0.01266
0.00000
0.00000
0.00000
0.00000
0.00000
0.02500
0.00000
0.00000
0.01266
0.00000
0.01266
0.00000
0.00000
0.00000
0.01250
0.00000
0.05063
0.13924
0.14103
0.55844
0.38462
0.10127
0.00000
0.00000
0.00000
0.00000
0.00000
0.00000
0.00000
0.00000
0.00000
0.00000
0.00000
0.00000
0.00000
0.00000
0.00000
0.00000
0.00000
0.00000
0.16667
0.27273
0.12658
0.03896
0.21795
0.00000
0.00000
0.00000
0.00000
0.00000
0.00000
0.26582
0.39241
0.22500
0.03797
0.00000
0.00000
0.00000
0.00000
0.00000
0.00000
0.00000
0.00000
0.00000
0.00000
0.00000
0.00000
0.00000
0.00000
0.00000
0.00000
0.00000
0.72152
0.46835
0.21250
0.16456
0.08861
0.00000
0.00000
0.00000
0.00000
0.00000
0.00000
0.06329
0.39241
0.28750
0.11392
0.00000
0.00000
0.00000
0.00000
0.00000
0.00000
0.00000
0.00000
0.00000
0.00000
0.58228
0.32911
0.16456
0.12500
0.00000
0.00000
0.00000
0.00000
0.00000
0.00000
0.00000
0.00000
0.00000
0.00000
0.00000
0.00000
0.34177
0.37975
0.34177
0.20253
0.17722
0.00000
0.00000
0.00000
0.00000
0.00000
0.00000
0.17722
0.48101
0.22785
0.20253
0.25000
0.01266
0.00000
0.00000
0.00000
0.00000
0.00000
0.00000
0.00000
0.00000
0.00000
0.00000
0.00000
0.00000
0.00000
0.00000
0.00000
0.00000
0.00000
0.00000
0.54430
0.45000
0.39241
0.27848
0.24051
0.03797
0.00000
0.00000
0.00000
0.00000
0.00000
0.36709
0.66667
0.93671
0.46835
0.18987
0.64935
0.30380
0.37975
0.44304
0.17949
0.00000
0.00000
0.27848
0.45000
0.31646
0.18987
0.24675
0.02564
0.00000
0.00000
0.00000
0.00000
0.00000
0.00000
0.00000
0.00000
0.00000
0.00000
0.00000
0.00000
0.00000
0.00000
0.00000
0.00000
0.00000
0.00000
0.00000
0.00000
1.88608
0.16456
0.06250
1.73418
159.39241
151.77215
126.21519
867.09211
1003.21333
1116.32432
1116.16000
1118.45946
1116.41892
540.32468
230.26582
166.58228
167.03846
163.35065
133.41026
894.22368
1016.98684
728.68421
231.30380
201.78750
222.17722
175.96203
1118.74324
1115.81081
1116.44595
434.92308
238.83544
71.16250
181.78481
375.22785
368.96203
124.10127
0.00000
0.00000
0.21519
0.16250
0.08861
0.02532
0.02532
0.02532
0.00000
0.00000
0.00000
0.00000
0.00000
0.00000
0.00000
0.06250
0.16456
0.07595
0.01266
0.00000
0.00000
0.01250
0.00000
0.00000
0.00000
0.00000
0.00000
0.00000
0.00000
0.00000
0.00000
0.00000
0.00000
0.00000
0.00000
0.00000
0.00000
0.00000
0.00000
0.05063
0.31646
0.13750
0.06329
0.06329
0.01266
0.01250
0.00000
0.00000
0.00000
0.00000
0.00000
0.00000
0.10127
0.12658
0.03797
0.05063
0.00000
0.00000
0.00000
0.00000
0.00000
0.00000
0.00000
0.00000
0.00000
0.00000
0.00000
0.00000
0.01266
0.00000
0.00000
0.00000
0.00000
0.00000
0.14103
0.19231
0.60811
0.06757
0.01351
0.01282
0.00000
0.00000
0.00000
0.00000
0.00000
0.00000
0.00000
0.41772
0.86076
2.00000
2.00000
1.61538
0.00000
0.00000
0.24051
0.58228
0.35443
0.24051
0.21250
0.12658
0.11392
0.13924
0.21250
0.02532
0.00000
0.00000
0.00000
0.00000
0.00000
0.00000
0.00000
0.08861
0.20779
0.29114
0.22785
0.12658
0.05063
1.41026
0.13924
0.00000
0.01266
0.02532
0.00000
0.67089
0.00000
0.00000
0.00000
0.00000
0.00000
0.00000
0.00000
0.00000
0.01266
0.32911
0.13924
0.07595
0.07595
0.01250
0.00000
0.00000
0.00000
0.01266
0.00000
0.00000
0.00000
0.00000
0.00000
0.00000
0.00000
0.00000
0.00000
0.00000
0.00000
0.00000
0.00000
0.33750
0.16456
0.10127
0.05063
0.07500
0.03797
0.00000
0.00000
0.00000
0.00000
0.00000
0.00000
0.00000
0.00000
0.00000
0.00000
0.00000
0.00000
0.01266
0.00000
0.00000
0.00000
0.00000
0.00000
0.25316
0.15190
0.12500
0.07595
0.05063
0.01250
0.00000
0.00000
0.00000
0.00000
0.00000
0.00000
0.00000
0.00000
0.00000
0.00000
0.00000
0.25316
138.43750
174.89873
112.40506
796.36364
1067.54545
1090.48684
1122.94667
1113.93421
1108.33333
1110.43243
445.17949
219.36709
180.46835
171.82278
439.89610
1109.74324
1101.17105
1098.65823
806.70130
235.37838
167.70270
1.00000
410.07595
325.86076
294.34177
0.00000
0.87342
2.83750
0.76923
0.46154
0.69620
0.93421
0.42857
0.00000
0.00000
0.00000
0.00000
0.00000
0.00000
0.23077
0.17500
0.13924
0.06329
0.00000
0.00000
0.00000
0.00000
0.00000
0.00000
0.11392
0.30380
0.10127
0.02532
0.00000
0.00000
0.00000
0.00000
0.00000
0.00000
0.08861
0.34177
0.18987
0.03750
0.00000
0.00000
0.00000
0.00000
0.00000
0.00000
0.18987
0.20000
0.13924
0.00000
0.00000
0.00000
0.00000
0.00000
0.00000
0.00000
0.02500
0.29114
0.17722
0.06329
0.00000
0.00000
0.00000
0.00000
0.00000
0.00000
0.00000
0.20253
0.18750
0.06329
0.00000
0.00000
0.00000
0.00000
0.00000
0.00000
0.00000
0.32500
0.22785
0.08861
0.00000
0.00000
0.00000
0.00000
0.00000
0.00000
0.00000
0.25316
0.18987
0.03797
0.00000
0.00000
0.01266
0.00000
0.00000
0.00000
0.00000
0.22500
0.18987
0.15190
0.00000
0.00000
0.00000
0.00000
0.00000
0.01266
0.00000
0.29114
0.32500
0.13924
0.00000
0.00000
0.00000
0.00000
0.00000
0.00000
0.00000
0.00000
0.26582
0.16250
0.01266
0.00000
0.00000
0.00000
0.00000
0.00000
0.00000
0.00000
0.10000
0.26582
0.07595
0.00000
0.00000
0.00000
0.00000
0.00000
0.00000
0.00000
0.00000
0.17722
0.12500
0.03797
0.00000
0.00000
0.00000
0.00000
0.00000
0.00000
0.00000
0.00000
0.08108
0.08974
0.20253
0.00000
0.00000
0.00000
0.00000
0.00000
0.00000
0.00000
0.18987
0.18987
0.03750
0.00000
0.00000
0.00000
0.00000
0.00000
0.00000
0.00000
0.00000
0.22785
0.12658
0.00000
0.00000
0.00000
0.00000
0.00000
0.00000
0.00000
0.00000
0.02532
0.21519
0.07595
0.00000
0.00000
0.00000
0.00000
0.00000
0.00000
0.00000
0.00000
0.24051
0.03750
0.02532
0.00000
0.00000
0.00000
0.00000
0.00000
0.00000
0.07595
0.18987
0.11392
0.00000
0.00000
0.00000
0.00000
0.00000
0.00000
0.00000
0.00000
0.18987
0.13924
0.05063
0.00000
0.00000
0.00000
0.00000
0.00000
0.00000
0.00000
0.00000
0.46835
0.10127
0.02532
0.00000
0.00000
0.00000
0.00000
0.00000
0.00000
0.00000
0.17722
0.12658
0.05063
0.00000
0.00000
0.00000
0.00000
0.00000
0.00000
0.00000
0.16456
0.21250
0.13924
0.00000
0.00000
0.00000
0.00000
0.00000
0.00000
0.00000
0.00000
0.11392
0.24051
0.13750
0.00000
0.00000
0.00000
0.00000
0.00000
0.00000
0.00000
0.00000
0.11250
0.25316
0.07595
0.00000
0.00000
0.00000
0.00000
0.00000
0.00000
0.00000
0.00000
0.17722
0.23750
0.16456
0.14103
0.00000
0.00000
0.00000
0.00000
0.00000
0.00000
0.08861
0.50000
0.22785
0.13750
0.02564
0.00000
0.00000
0.00000
0.00000
0.37975
2.45570
0.75949
0.13924
0.57692
0.22785
0.40506
0.02532
0.55696
0.00000
0.53165
0.44872
0.00000
0.35000
0.21519
0.00000
0.20253
0.33750
0.36709
0.26582
0.07595
0.00000
0.00000
0.00000
0.00000
0.00000
0.00000
0.00000
0.27848
1.02532
2.00000
2.00000
1.65823
0.00000
0.00000
0.02532
0.76250
0.62025
0.46835
0.43038
0.24051
0.24051
0.17500
0.06329
0.00000
0.00000
0.00000
0.00000
0.00000
0.00000
0.00000
0.00000
0.34177
0.24051
0.28750
0.05063
0.00000
0.00000
0.00000
0.00000
0.00000
0.00000
0.00000
0.11250
0.44304
0.25316
0.07595
0.00000
0.00000
0.00000
0.00000
0.00000
0.00000
0.00000
0.25316
0.28750
0.17722
0.00000
0.00000
0.00000
0.00000
0.00000
0.00000
0.00000
0.00000
0.00000
84.78481
181.83544
94.13750
535.88312
1047.59740
1086.57333
626.72727
231.15190
166.98734
214.84810
259.63291
1143.20548
1138.37838
1006.56579
240.48101
210.94937
6.49367
349.70000
394.44304
370.34177
312.00000
390.48101
216.92405
0.00000
0.00000
0.00000
0.00000
0.22785
0.12658
0.10127
0.01266
0.00000
0.00000
0.00000
0.01266
0.00000
0.00000
0.00000
0.00000
0.00000
0.05000
0.12821
0.06329
0.02500
0.00000
0.01299
0.00000
0.00000
0.00000
0.00000
0.15385
0.22973
0.09333
0.00000
0.00000
0.00000
0.00000
0.00000
0.00000
0.00000
0.00000
0.00000
0.00000
0.58228
0.27848
0.12658
0.00000
0.00000
0.00000
0.00000
0.00000
0.00000
0.00000
0.00000
0.00000
0.19737
0.26250
0.13924
0.02703
0.00000
0.00000
0.00000
0.00000
0.00000
0.00000
0.00000
0.35000
0.13924
0.04000
0.00000
0.00000
0.00000
0.00000
0.00000
0.00000
0.00000
0.00000
0.00000
0.00000
0.37975
0.21519
0.05128
0.00000
0.00000
0.00000
0.00000
0.00000
0.00000
0.00000
0.29870
0.22785
0.10127
0.00000
0.00000
0.00000
0.00000
0.00000
0.00000
0.00000
0.00000
0.00000
0.00000
0.43038
0.20253
0.07692
0.00000
0.00000
0.00000
0.00000
0.00000
0.00000
0.00000
0.00000
0.00000
0.25974
0.30380
0.16456
0.00000
0.00000
0.00000
0.00000
0.00000
0.00000
0.00000
0.00000
0.00000
0.20779
0.18987
0.07595
0.00000
0.00000
0.00000
0.00000
0.00000
0.00000
0.00000
0.00000
0.00000
0.48101
0.16456
0.06494
0.00000
0.00000
0.00000
0.00000
0.00000
0.00000
0.00000
0.00000
0.00000
0.27273
0.17722
0.11538
0.00000
0.00000
0.00000
0.00000
0.00000
0.00000
0.00000
0.15789
0.17722
0.10127
0.00000
0.00000
0.00000
0.00000
0.00000
0.00000
0.00000
0.00000
0.00000
0.00000
0.21053
0.25000
0.10127
0.01333
0.00000
0.00000
0.00000
0.00000
0.00000
0.00000
0.01250
0.24051
0.12658
0.01266
0.00000
0.00000
0.00000
0.00000
0.00000
0.00000
0.26582
0.29114
0.08750
0.00000
0.00000
0.00000
0.00000
0.00000
0.00000
0.00000
0.00000
0.00000
0.00000
0.00000
0.25000
0.15190
0.13924
0.00000
0.00000
0.00000
0.00000
0.00000
0.00000
0.00000
0.26923
0.35443
0.17722
0.03797
0.00000
0.00000
0.00000
0.00000
0.00000
0.10127
0.22500
0.12658
0.02532
0.00000
0.00000
0.00000
0.00000
0.00000
0.00000
0.17722
0.21519
0.17722
0.00000
0.00000
0.00000
0.00000
0.00000
0.00000
0.00000
0.17722
0.27848
0.20253
0.00000
0.00000
0.00000
0.00000
0.00000
0.00000
0.00000
0.11392
0.35443
0.18987
0.00000
0.00000
0.00000
0.00000
0.00000
0.00000
0.00000
0.00000
0.35443
0.20253
0.05063
0.00000
0.00000
0.00000
0.00000
0.00000
0.00000
0.00000
0.17949
0.22500
0.13924
0.00000
0.00000
0.00000
0.00000
0.00000
0.00000
0.00000
0.00000
0.34177
0.17722
0.03797
0.00000
0.00000
0.00000
0.00000
0.00000
0.00000
0.00000
0.00000
0.00000
0.16456
0.26582
0.20253
0.02532
0.00000
0.00000
0.00000
0.00000
0.00000
0.00000
0.10000
0.30380
0.13924
0.02532
0.00000
0.00000
0.00000
0.00000
0.00000
0.00000
0.00000
0.32911
0.01299
0.21795
0.01250
0.00000
0.00000
0.00000
0.00000
0.00000
0.00000
0.00000
0.00000
0.00000
0.00000
0.12658
0.39241
0.25316
0.57895
0.07595
0.00000
0.00000
0.00000
0.00000
0.00000
0.00000
0.00000
0.00000
0.00000
0.12658
0.20253
0.08861
0.08750
0.00000
0.00000
0.00000
0.00000
0.00000
0.00000
0.00000
0.36709
0.30380
0.10127
0.00000
0.00000
0.00000
0.00000
0.00000
0.00000
0.00000
0.00000
0.40506
0.22785
0.36364
0.00000
0.00000
0.00000
0.00000
0.00000
0.00000
0.00000
0.17105
0.35443
0.13924
0.02632
0.00000
0.00000
0.00000
0.00000
0.00000
0.00000
0.00000
0.22368
0.35000
0.17722
0.00000
0.00000
0.00000
0.00000
0.00000
0.00000
0.00000
0.00000
0.25316
0.26250
0.07595
0.00000
0.00000
0.00000
0.00000
0.00000
0.00000
0.00000
0.00000
0.31646
0.26582
0.12658
0.00000
0.00000
0.00000
0.00000
0.00000
0.00000
0.00000
0.28750
1.48101
2.00000
2.00000
0.50633
0.00000
0.00000
0.26582
0.62025
0.47500
0.34177
0.24051
0.17722
0.16456
0.13750
0.02532
0.00000
0.00000
0.00000
0.00000
0.00000
0.00000
0.07595
0.29114
0.18987
0.10000
0.01266
0.00000
0.00000
0.00000
0.00000
0.00000
0.00000
0.00000
0.30000
0.20253
0.11392
0.05063
0.00000
0.00000
0.00000
0.00000
0.00000
0.00000
0.00000
0.20253
0.18987
0.15000
0.08861
0.00000
0.00000
0.00000
0.00000
0.00000
0.00000
0.00000
0.00000
0.21250
0.21519
0.17722
0.06329
0.00000
0.00000
0.00000
0.00000
0.00000
0.00000
0.00000
0.00000
0.32911
0.20253
0.20253
0.00000
0.00000
0.00000
0.00000
0.00000
0.00000
0.00000
0.00000
0.00000
0.16456
0.20253
0.15000
0.03846
0.00000
0.00000
0.00000
0.00000
0.00000
0.00000
0.00000
0.00000
0.32911
0.18987
0.20000
0.02532
0.00000
0.00000
0.00000
0.00000
0.00000
0.00000
0.00000
0.00000
0.40000
0.21519
0.11392
0.00000
0.00000
0.00000
0.00000
0.00000
0.00000
0.00000
0.00000
0.18987
0.30380
0.12658
0.07500
0.00000
0.00000
0.00000
0.00000
0.00000
0.00000
0.00000
0.00000
0.25316
0.26582
0.13750
0.01266
0.00000
0.00000
0.00000
0.00000
0.00000
0.00000
0.00000
0.00000
0.36250
0.11392
0.07595
0.00000
0.00000
0.00000
0.00000
0.00000
0.00000
0.00000
0.00000
0.16456
0.24051
0.18987
0.01266
0.00000
0.00000
0.00000
0.00000
0.00000
0.00000
0.00000
0.00000
0.36709
0.18987
0.08861
0.00000
0.00000
0.00000
0.00000
0.00000
0.00000
0.00000
0.00000
0.30380
0.21519
0.16250
0.00000
0.00000
0.00000
0.00000
0.00000
0.00000
0.00000
0.00000
0.08000
0.32468
0.26923
0.11392
0.02532
0.00000
0.00000
0.00000
0.00000
0.00000
0.00000
0.00000
0.00000
0.28750
0.14286
0.01299
0.00000
0.00000
0.00000
0.00000
0.00000
0.00000
0.00000
0.00000
0.00000
0.00000
0.12500
0.34177
0.13924
0.05063
0.00000
0.00000
0.00000
0.00000
0.00000
0.00000
0.00000
0.00000
0.24051
0.08861
0.06329
0.00000
0.00000
0.00000
0.00000
0.00000
0.00000
0.00000
0.00000
0.25641
0.05063
0.06410
0.24675
0.47368
0.00000
0.00000
0.00000
0.00000
0.00000
0.09091
0.27500
0.15190
0.03797
0.00000
0.00000
0.00000
0.00000
0.00000
0.00000
0.00000
0.00000
0.00000
0.00000
0.15190
0.13924
0.10127
0.01250
0.00000
0.00000
0.00000
0.00000
0.00000
0.00000
0.00000
0.00000
0.21519
0.12500
0.03797
0.00000
0.00000
0.00000
0.00000
0.00000
0.00000
0.00000
0.00000
0.00000
0.00000
0.00000
0.36250
0.27848
0.21519
0.02532
0.00000
0.00000
0.00000
0.00000
0.00000
0.00000
0.00000
0.15190
0.28750
0.18987
0.05063
0.00000
0.00000
0.00000
0.00000
0.00000
0.00000
0.00000
0.00000
0.00000
0.00000
0.25316
0.50633
0.27848
0.12658
0.00000
0.00000
0.00000
0.00000
0.00000
0.00000
0.00000
0.00000
0.00000
0.00000
0.31646
0.59494
0.73750
0.46835
0.24051
0.20000
0.06329
0.00000
0.00000
0.00000
0.00000
0.00000
0.00000
0.00000
0.37975
0.31646
0.21519
120.10526
179.47368
109.82278
711.57895
1078.70270
795.65789
222.03750
184.50633
221.84810
56.31646
1094.36000
714.46667
0.32000
0.01266
0.00000
0.00000
0.00000
0.00000
0.00000
0.00000
0.00000
0.00000
0.00000
0.00000
0.13750
0.08861
0.03797
0.01250
0.00000
0.00000
0.00000
0.00000
0.00000
0.00000
0.00000
0.00000
0.00000
0.00000
0.10127
0.17722
0.03750
0.01266
0.00000
0.00000
0.00000
0.00000
0.00000
0.00000
0.00000
0.00000
0.92405
0.08861
0.12658
0.01266
0.00000
0.00000
0.00000
0.00000
0.00000
0.00000
0.00000
0.00000
0.00000
0.00000
0.00000
0.27848
0.20253
0.07595
0.03797
0.00000
0.00000
0.00000
0.00000
0.00000
0.00000
0.00000
0.00000
0.00000
0.00000
0.16456
0.10127
0.06250
0.02532
0.00000
0.00000
0.00000
0.00000
0.00000
0.00000
0.00000
0.00000
0.00000
0.07595
0.17722
0.06250
0.08974
0.01250
0.00000
0.00000
0.00000
0.01266
0.00000
0.00000
0.00000
0.00000
0.00000
0.17722
0.10127
0.65823
2.00000
2.01266
1.77500
0.00000
0.00000
0.00000
0.42500
0.22785
0.12658
0.11392
0.10127
0.06329
0.02532
0.00000
0.00000
0.00000
0.00000
0.00000
0.00000
0.00000
0.00000
0.00000
0.05063
0.08974
0.07595
0.15385
0.01266
0.00000
0.00000
0.00000
0.00000
0.00000
0.00000
0.00000
0.00000
0.00000
0.00000
0.47500
0.37975
0.22785
0.16667
0.00000
0.00000
0.00000
0.00000
0.00000
0.00000
0.00000
0.00000
0.00000
0.00000
0.27848
0.24051
0.20253
0.10000
0.00000
0.00000
0.00000
0.00000
0.00000
0.00000
0.00000
0.00000
0.00000
0.00000
0.27848
0.22500
0.24051
0.05063
0.00000
0.00000
0.00000
0.00000
0.00000
0.00000
0.00000
0.34177
0.34177
0.26250
0.08974
0.00000
0.00000
0.00000
0.00000
0.00000
0.00000
0.00000
0.11392
0.55696
0.30380
0.21250
0.00000
0.00000
0.00000
0.00000
0.00000
0.00000
0.00000
0.00000
0.00000
0.00000
0.00000
0.39241
0.35000
0.17722
0.06329
0.00000
0.00000
0.00000
0.00000
0.00000
0.00000
0.00000
0.00000
0.00000
0.00000
0.56962
0.22785
0.21250
0.05263
0.00000
0.00000
0.00000
0.00000
0.00000
0.00000
0.08000
0.41772
0.31646
0.22785
0.11538
0.00000
0.00000
0.00000
0.00000
0.00000
0.00000
0.00000
0.00000
0.00000
0.44304
0.21519
0.10127
0.10256
0.00000
0.00000
0.00000
0.00000
0.00000
0.00000
0.00000
0.00000
0.20253
0.42500
0.22785
0.15190
0.01266
0.00000
0.00000
0.00000
0.00000
0.00000
0.00000
0.00000
0.00000
0.00000
0.39241
0.37975
0.18987
0.11392
0.00000
0.08750
0.00000
0.00000
0.00000
0.00000
0.01266
0.00000
0.53165
0.23750
0.25316
0.11392
0.00000
0.00000
0.00000
0.00000
0.00000
0.43038
0.34177
0.18750
0.00000
0.00000
0.00000
0.00000
0.00000
0.00000
0.37975
0.25316
0.05063
0.00000
0.00000
0.00000
0.00000
0.00000
0.00000
0.40506
0.15190
0.08750
0.00000
0.00000
0.00000
0.00000
0.00000
0.10127
0.27500
0.16456
0.02532
0.00000
0.00000
0.00000
0.00000
0.00000
0.22785
0.30380
0.11392
0.00000
0.00000
0.00000
0.00000
0.00000
0.00000
0.34177
0.24051
0.05063
0.00000
0.00000
0.00000
0.00000
0.00000
0.03797
0.37975
0.17722
0.01266
0.00000
0.00000
0.00000
0.00000
0.00000
0.35443
0.32911
0.05000
0.00000
0.00000
0.00000
0.00000
0.00000
0.00000
0.53165
0.20253
0.03797
0.00000
0.00000
0.00000
0.00000
0.00000
0.15190
0.25316
0.16456
0.00000
0.00000
0.00000
0.00000
0.00000
0.00000
0.30380
0.22500
0.08861
0.00000
0.00000
0.00000
0.00000
0.00000
0.00000
0.40506
0.21519
0.02532
0.00000
0.00000
0.00000
0.00000
0.00000
0.01250
0.40506
0.18987
0.00000
0.00000
0.00000
0.00000
0.00000
0.00000
0.83117
0.47368
0.09459
0.21795
0.69333
0.20779
0.00000
0.00000
0.00000
0.00000
0.00000
0.31646
0.18750
0.03797
0.00000
98.30380
180.50633
84.45570
555.97436
1046.74324
1087.48684
1155.50667
1147.33766
1139.92000
1133.00000
1089.14667
222.93671
210.51899
195.69231
123.76923
798.96154
1114.53165
1101.70886
1096.60256
347.56962
235.20253
43.58228
217.87342
328.51899
395.45570
91.07895
0.25000
0.08861
0.01266
0.00000
0.00000
0.01266
0.00000
0.00000
0.00000
0.01266
0.00000
0.39241
0.81250
0.58974
0.74359
0.62821
0.33333
0.17722
0.13924
0.12500
0.03797
0.03797
0.07595
0.06250
0.01266
0.02532
0.16456
0.27848
0.57692
0.55128
0.22785
0.00000
0.68831
0.05405
0.03947
0.10256
0.06757
0.03896
0.01282
0.00000
0.00000
0.00000
0.00000
0.00000
0.00000
0.00000
0.00000
0.06329
0.17722
0.08861
1.27848
2.00000
2.00000
1.31646
0.00000
0.00000
0.21519
0.35897
0.12658
0.05128
0.67949
0.36709
0.10256
0.07692
0.02532
0.13924
0.10000
0.10127
0.00000
0.00000
0.00000
0.00000
0.00000
0.00000
0.00000
0.27692
0.20253
0.03797
0.02532
0.10127
0.12821
0.69231
0.40260
0.33766
0.65385
0.00000
0.00000
0.00000
0.00000
0.00000
0.00000
0.26582
0.25316
0.07595
0.03750
0.05063
0.00000
0.00000
0.00000
0.00000
0.00000
0.00000
0.00000
0.00000
0.00000
0.53247
0.06667
0.12658
0.16000
0.32051
0.07595
0.03750
0.00000
0.00000
0.00000
0.00000
0.00000
1.36709
154.21333
161.58108
119.66216
872.79487
1009.26582
1129.40506
1123.25316
1113.44595
1104.91892
669.04000
223.74667
165.91026
212.00000
170.91026
1105.06757
1096.59459
1093.43243
1045.16216
234.58228
225.66234
10.15190
278.03896
316.56579
390.69333
19.29114
0.01266
0.01266
0.00000
0.00000
0.00000
0.00000
0.75949
0.71250
0.65823
0.77215
0.65000
0.65823
0.67089
0.62025
0.56962
0.60000
0.54430
0.47436
0.49367
0.54430
0.53846
0.53750
0.49367
0.67742
0.53165
0.53750
0.56962
0.48101
0.27848
0.00000
0.00000
0.06250
0.03797
0.00000
0.01266
0.00000
0.00000
0.00000
0.00000
0.00000
0.00000
0.00000
0.00000
0.00000
0.00000
0.00000
0.00000
0.00000
0.00000
0.00000
0.00000
0.00000
0.00000
0.01266
0.01266
0.00000
0.00000
0.00000
0.01266
0.00000
0.01266
0.00000
0.01250
0.00000
0.01266
0.00000
0.11250
0.05063
0.06329
0.03797
0.02500
0.01266
0.00000
0.00000
0.00000
0.00000
0.00000
0.00000
0.00000
0.00000
0.00000
0.00000
0.05000
0.08861
0.03797
0.00000
0.08861
0.00000
0.00000
0.00000
0.01250
0.00000
0.00000
0.01266
0.00000
0.00000
0.00000
0.00000
0.13924
0.01266
0.00000
0.00000
0.00000
0.00000
0.01266
0.00000
0.00000
0.00000
0.01266
0.00000
0.02532
0.02632
0.30263
0.11250
0.07595
0.02532
0.03797
0.00000
0.00000
0.00000
0.00000
0.00000
0.00000
0.00000
0.00000
0.00000
0.00000
0.00000
0.00000
0.20253
0.15190
0.06329
0.06250
0.03797
0.00000
0.00000
0.00000
0.00000
0.00000
0.00000
0.00000
0.00000
0.00000
0.00000
0.00000
0.00000
0.00000
0.00000
0.00000
0.00000
0.00000
0.00000
0.00000
0.00000
0.00000
0.00000
0.00000
0.00000
0.00000
0.00000
0.00000
0.00000
0.64557
0.12658
0.05063
0.03797
0.00000
0.00000
0.00000
0.00000
0.00000
0.00000
0.00000
0.00000
0.00000
0.00000
0.00000
0.43038
0.27848
0.10000
0.01266
0.01266
0.00000
0.00000
0.00000
0.00000
0.00000
0.00000
0.00000
0.00000
0.00000
0.00000
0.10127
0.10127
0.05063
0.00000
0.00000
0.00000
0.00000
0.00000
0.00000
0.00000
0.00000
0.00000
0.00000
0.00000
0.00000
0.00000
0.27848
0.12658
0.01266
0.01250
0.00000
0.00000
0.00000
0.00000
0.00000
0.00000
0.00000
0.00000
0.00000
0.00000
0.00000
0.00000
0.13924
0.12658
0.02532
0.00000
0.00000
0.00000
0.00000
0.00000
0.00000
0.00000
0.00000
0.00000
0.00000
0.00000
0.20253
0.11250
0.02532
0.00000
0.00000
0.00000
0.00000
0.00000
0.00000
0.55696
1.74684
0.53247
0.20779
0.05263
0.01266
0.00000
0.73418
1.08861
1.10127
1.57692
0.75325
0.00000
0.08974
0.77333
0.16456
0.10000
0.06329
0.02532
0.05063
0.03797
0.01266
0.00000
0.00000
0.00000
0.00000
0.00000
0.00000
0.00000
0.00000
0.00000
0.22785
0.16456
0.10127
0.03750
0.02532
0.00000
0.00000
0.00000
0.00000
0.00000
0.00000
0.00000
0.00000
0.01266
0.00000
0.00000
0.00000
0.00000
0.00000
53.00000
174.39241
89.96203
387.78205
1026.44737
1048.69737
1112.80263
1106.35135
1103.59740
1098.89744
718.22078
223.55000
190.58228
218.12658
162.53165
1110.95946
1103.84211
1102.62162
1097.87013
377.58228
231.79747
57.06329
209.25000
342.31646
390.75949
98.49367
0.10127
0.02532
0.01266
0.02532
0.00000
0.00000
0.00000
0.00000
0.00000
0.00000
0.00000
0.00000
0.00000
0.00000
0.00000
0.00000
0.00000
0.00000
0.07595
0.05063
0.00000
0.03797
0.03750
0.02532
0.00000
0.00000
0.00000
0.00000
0.01266
0.00000
0.00000
0.01266
0.00000
0.01266
0.00000
0.00000
0.00000
0.13924
0.06250
0.03797
0.03797
0.00000
0.00000
0.00000
0.00000
0.00000
0.00000
0.00000
0.00000
0.00000
0.00000
0.00000
0.01266
0.01266
0.01250
0.00000
0.36709
0.01266
0.02532
0.01266
0.00000
0.01266
0.00000
0.01266
0.00000
0.00000
0.00000
0.00000
0.02500
0.00000
0.00000
0.00000
0.01266
0.00000
0.02532
0.24359
0.13158
0.09459
0.54667
0.17333
0.07895
0.00000
0.00000
0.00000
0.00000
0.00000
0.00000
0.00000
0.32051
0.40541
0.13158
0.14474
0.14286
0.05128
0.00000
0.00000
0.00000
0.00000
0.00000
0.00000
0.00000
0.00000
0.00000
0.00000
0.18421
0.31646
0.18987
0.10127
0.01282
0.00000
0.00000
0.00000
0.00000
0.00000
0.00000
0.00000
0.00000
0.00000
0.00000
0.21053
0.31646
0.21519
0.13924
0.01299
0.00000
0.00000
0.00000
0.00000
0.00000
0.00000
0.00000
0.00000
0.00000
0.00000
0.13333
0.29114
0.25316
0.12658
0.07792
0.00000
0.00000
0.00000
0.00000
0.00000
0.00000
0.00000
0.00000
0.00000
0.00000
0.00000
0.35897
0.26582
0.16456
0.12658
0.00000
0.00000
0.00000
0.00000
0.00000
0.00000
0.00000
0.00000
0.00000
0.00000
0.00000
0.12000
0.40260
0.00000
0.00000
0.00000
0.00000
0.00000
0.00000
0.00000
0.00000
0.00000
0.00000
0.00000
0.00000
0.00000
0.00000
0.00000
0.00000
