120.83963
120.16513
119.06513
118.09400
92.00323
39.46483
39.57483
39.60820
39.74463
39.83913
40.11980
39.99193
41.80330
41.27810
40.18297
40.45797
40.63037
40.08750
39.90390
39.47360
39.37643
39.52193
39.59943
39.80010
40.96330
40.99553
39.21090
39.41047
39.90087
39.93023
39.72080
39.76920
39.87117
39.85240
40.01850
40.03717
41.19263
41.45063
40.06910
40.23500
40.39862
40.37137
40.22600
40.05597
40.01993
40.03903
39.73090
39.55170
40.61220
41.19177
39.64680
39.78027
40.19800
40.05200
40.39080
40.26596
39.99050
40.00087
40.13343
40.16363
40.59390
41.62143
39.90807
39.99030
40.05027
39.96277
65.36797
1196.92393
552.70330
300.26250
39.59600
60.74607
78.17537
78.11557
77.13443
77.42113
76.87073
77.73433
79.14010
132.11320
175.84647
171.08740
169.93113
149.23357
121.31810
123.50267
120.60800
120.49693
120.56103
120.64370
120.78573
174.25537
171.26723
166.87677
166.45160
168.98580
171.88983
174.01923
177.20040
170.89337
171.89547
183.90447
175.19567
174.72267
176.11457
175.72893
189.51043
232.16940
222.19230
241.64123
240.29607
224.03967
2059.67150
1067.52420
513.06007
920.59007
696.51073
871.93160
518.00820
1016.00133
267.59430
282.68970
275.30897
216.79663
172.05930
160.44927
161.80037
163.30943
162.25387
167.47807
310.30730
315.43323
295.45907
1066.71963
1137.98910
1251.68357
1248.27987
1245.02223
1233.06340
1091.87590
350.38417
333.85200
345.47850
260.38420
1068.59907
1231.83983
1233.10020
1229.89130
762.14483
354.64567
251.32893
155.07700
571.74947
441.36193
330.47863
118.63573
118.75550
120.33743
119.59457
118.85637
148.15723
160.98900
161.35963
141.75997
138.39633
139.00893
1163.51023
70.46950
62.88643
63.42483
62.13427
60.48773
60.08810
59.71327
59.58343
58.28720
56.32907
54.85780
53.47873
52.14263
51.07433
51.23763
47.20983
45.15913
45.09200
45.11840
45.04083
44.83407
44.56337
44.49633
44.41243
44.44100
44.42747
45.35997
45.65467
44.14260
44.03990
44.01587
44.17913
44.19273
44.12440
44.01290
44.01833
43.98903
44.10163
44.99977
45.88980
44.36187
44.25040
44.14980
44.07553
44.07060
44.16640
44.21027
44.09997
44.12173
43.97763
44.70017
45.78723
43.91780
44.00433
43.96903
43.79997
43.85237
43.96850
44.00263
44.09840
44.16153
44.25210
44.49820
45.92133
43.90847
43.86150
43.96200
44.12920
44.07593
43.83123
43.77107
43.71177
43.87553
43.91187
44.04490
45.99010
43.70573
43.87107
43.76837
43.73630
43.75250
43.68720
43.57703
43.52377
43.53537
43.57030
43.53563
45.88447
43.31887
43.68270
51.21407
44.90077
43.30020
43.25660
43.05930
43.24820
150.30753
188.75987
188.27167
194.70557
190.98357
188.46193
144.74477
128.84410
126.91303
127.96227
127.41230
127.11950
124.86990
118.34880
118.23577
120.36377
118.69333
118.34013
118.28623
118.45700
118.13317
118.74463
118.84520
118.74477
119.24440
119.03467
118.47833
119.68200
119.65893
119.20160
119.42427
118.73500
118.61020
118.23883
117.98280
118.32350
118.08813
117.97387
118.27290
119.31290
118.67023
116.95590
116.79267
117.51447
117.36027
117.26850
118.64123
118.65737
118.59230
118.61227
119.05123
119.61393
119.89327
118.87267
118.45077
119.19683
118.97017
118.64597
118.02260
118.29821
118.01057
117.68243
117.71763
118.39923
119.17307
118.28563
117.93490
118.80200
118.97960
117.50280
118.17040
117.93990
118.39583
118.60960
118.46990
119.01263
119.78360
118.44137
118.86477
118.49393
118.77353
118.22657
117.40853
117.25220
117.16190
117.19767
117.80597
118.99147
120.23667
117.90273
117.84560
118.87213
118.70753
118.51627
118.63657
118.17540
118.62663
118.70410
118.86247
119.69560
121.55297
123.96680
188.01633
190.20353
190.57137
190.40517
190.01793
172.31183
161.22380
161.66450
162.03453
161.92923
164.77270
161.36533
164.82550
169.93243
147.45397
139.03050
161.81070
143.91610
139.03123
138.72257
201.21163
206.20193
209.88540
204.64827
204.87917
205.75703
207.61323
201.42780
198.29977
197.17513
194.10273
190.12570
188.23420
188.20737
194.35020
188.14780
0.00000
0.00000
0.00000
0.00000
0.00000
0.00000
0.00000
0.00000
0.00000
0.00000
0.00000
0.00000
0.00000
0.00000
0.00000
0.00000
0.00000
0.00000
193.66702
137.47533
119.55090
159.73553
152.40353
119.53867
118.75923
118.98647
119.21567
118.44557
93.62530
41.86373
41.69293
41.45793
41.85193
41.37567
41.27447
41.40100
41.36807
41.31923
41.19370
41.67923
41.24010
41.24627
41.29580
41.40897
41.31140
41.18910
41.23613
41.39567
41.33253
41.03930
40.96250
40.95433
41.05373
41.32317
41.20343
41.02950
41.06510
41.08713
41.26877
41.33257
41.49817
41.53240
41.56153
41.65613
41.62977
41.48527
41.79860
41.94447
42.05973
41.88270
41.83240
41.87620
41.98807
41.80467
41.73323
41.78007
41.77470
41.82837
41.70193
41.71927
41.56807
41.58033
41.75713
41.74503
41.75170
41.73772
41.61427
41.59360
41.68633
41.74480
41.60293
41.41767
41.48783
41.43450
41.38910
41.38023
41.73440
41.75233
41.72767
41.65447
41.62497
41.72923
41.74790
41.75370
41.69709
41.60887
41.78007
41.86400
41.92990
41.80853
41.88797
41.94810
42.02083
41.97770
41.86117
41.88497
41.94210
41.82067
41.77800
41.68100
41.70580
41.77007
41.90410
41.87470
41.88137
41.85048
41.70280
41.68447
41.74297
41.96680
41.81337
41.62677
41.81547
42.06910
41.92603
41.78447
41.78843
84.23233
209.31470
213.07197
213.74473
213.19990
214.73790
213.07933
215.87803
213.35087
187.39487
188.64983
210.07023
201.19847
186.71433
145.37460
119.91830
119.90983
119.38620
118.52363
118.98257
119.57470
150.86943
151.21940
137.85340
120.01037
119.51350
119.81727
119.73110
123.50863
103.52407
52.02210
46.27153
43.64563
41.87357
41.57937
41.54133
41.49957
41.53580
41.65173
41.73500
41.68563
41.83750
41.86390
41.86620
41.78027
41.83783
41.80247
41.77190
41.81050
41.79873
41.89250
42.22317
42.23967
42.29287
42.13770
42.13283
41.97690
41.68300
41.76190
41.72500
41.90717
41.74817
41.66897
41.66003
41.56593
41.61590
41.46263
41.54317
41.47987
41.49700
41.47267
41.26360
41.14340
41.32420
41.30500
41.40777
41.44127
41.46873
41.35013
41.37617
41.31057
41.44850
41.62273
41.58337
41.42333
41.37643
41.16287
41.18480
41.52830
41.62460
41.58573
41.65117
41.77147
41.61243
41.75287
41.64390
41.52927
41.52947
41.69203
41.75263
41.56583
41.68347
41.78690
41.94593
41.95910
41.74217
41.63410
41.68200
41.70853
41.64117
41.71657
41.62933
41.69757
41.57227
41.41630
41.53930
41.62940
41.63227
41.54087
41.36107
41.45807
41.49673
41.72060
41.92147
41.75670
41.63080
41.74170
41.51540
41.59517
41.54170
101.38317
130.40753
164.63267
158.14333
154.61667
145.43407
130.16987
132.25000
167.18447
223.79617
224.75477
233.62093
236.89193
228.44033
225.20500
219.09797
232.53787
222.42667
216.84453
202.97127
193.50480
191.80107
195.12310
167.55923
160.26797
154.24990
121.74297
122.38377
122.54093
122.66970
122.60853
122.77367
122.62763
121.33083
120.31660
120.26287
120.88630
120.61373
120.64080
120.05000
120.46027
120.64150
50.12447
40.95033
41.07530
40.72067
40.83343
40.96343
40.81390
41.07747
41.07867
41.17007
41.27077
41.57447
41.53210
41.53973
41.45967
41.36653
41.40737
41.45993
41.43770
41.30430
41.38597
41.23950
40.84437
40.71833
40.93960
41.13693
41.05563
41.07630
41.13097
41.14373
41.21617
41.42460
41.61317
41.66843
41.64237
41.57480
41.43683
41.76123
41.90393
41.93897
41.86997
41.48133
41.60760
41.53240
41.59803
41.76693
41.68033
41.70707
41.72860
41.82213
41.81350
41.60820
41.69887
41.98000
42.01560
42.00107
41.95247
41.98187
42.05973
42.01003
42.04747
41.97217
41.96797
42.01717
41.82437
41.78950
41.82327
42.01190
42.03967
42.01000
42.07717
42.12973
42.06067
41.78780
41.82180
41.97267
41.81493
41.69383
41.68640
41.63767
41.55917
0.00000
0.00000
0.00000
0.00000
0.00000
0.00000
0.00000
0.00000
0.00000
0.00000
0.00000
0.00000
0.00000
0.00000
0.00000
0.00000
0.00000
0.00000
0.00000
0.00000
0.00000
0.00000
0.00000
0.00000
0.00000
0.00000
0.00000
0.00000
0.00000
0.00000
0.00000
0.00000
0.00000
0.00000
0.00000
0.00000
41.44993
47.51820
65.41333
128.72030
131.85617
123.17470
122.49543
122.97537
123.19673
123.11663
122.82420
122.10677
142.57353
185.93253
189.22457
219.10987
190.20960
193.43730
186.57473
215.52220
170.50660
140.89410
137.69767
139.84793
127.16780
67.10563
42.19993
43.09453
43.64017
42.13177
42.28153
42.24857
42.36683
42.59460
42.52493
42.68610
42.50487
42.71250
42.81830
43.46153
44.33630
42.86743
42.52047
42.46377
42.57077
42.78027
42.86700
42.33960
42.40463
42.11583
42.27593
42.57093
43.84510
42.28480
42.33503
42.40027
42.32857
42.13250
42.31637
42.47467
42.10683
41.97200
41.97057
42.62320
44.12607
42.13727
42.38210
42.41257
42.43053
42.54103
42.31580
42.15427
42.12470
42.73260
42.16380
42.25997
44.17677
42.06627
42.39993
42.62157
42.31540
42.16923
42.29527
42.13820
42.28967
42.06447
42.02153
45.01000
44.46437
41.88227
66.54937
67.47590
74.62400
78.49723
72.15150
43.57583
42.39737
42.51750
51.46393
65.33057
74.13193
70.74310
66.52600
68.82707
71.31973
62.68833
61.37820
65.44790
65.57197
69.73283
76.46553
88.61490
68.35883
42.22173
49.06207
69.35253
54.28820
45.77257
65.12683
41.76340
49.99290
72.69127
42.11433
41.90037
43.45033
42.31157
64.32670
73.40803
111.70577
124.73293
115.44003
113.32210
109.69723
109.43550
109.47270
111.40927
113.96830
113.84949
0.00000
0.00000
0.00000
0.00000
0.00000
0.00000
0.00000
0.00000
0.00000
0.00000
0.00000
0.00000
0.00000
0.00000
0.00000
0.00000
0.00000
0.00000
0.00000
0.00000
0.00000
0.00000
122.06725
120.80813
119.21750
118.92063
118.50673
117.18673
119.14657
117.96980
118.56247
118.97250
119.35057
119.18580
120.16177
120.34767
118.64443
118.86817
118.95137
118.90540
80.56213
37.82880
37.86723
37.78410
37.68197
37.70617
37.67127
37.84230
38.01443
38.12900
38.20880
38.10067
38.03270
37.93707
38.05223
38.25260
38.27077
38.03080
38.00603
38.18070
38.49120
38.48100
38.43743
38.27143
38.26037
38.31967
38.26937
38.19110
38.16200
38.28047
38.38860
38.65303
38.75377
38.79047
38.83827
38.88270
38.78410
38.78460
38.93300
38.79967
38.74100
38.80460
38.85400
39.03997
39.01387
39.06383
39.00283
38.97890
39.06363
39.01053
38.86003
38.85877
38.69473
38.75597
38.87447
38.89860
38.91913
38.82287
38.90340
39.06820
39.05543
38.95597
38.74703
38.76503
38.74630
38.83103
38.86017
38.92780
39.09313
39.19717
39.11503
39.23740
39.08397
38.95897
38.84837
38.68600
38.74910
38.86047
38.72663
38.65770
38.74273
38.98403
38.96650
38.88503
38.91827
39.04173
38.92257
38.91610
38.80480
38.89100
38.84060
38.60743
38.51593
38.66797
38.87007
38.80927
38.78670
38.69517
38.66940
38.59603
38.53450
38.59927
38.70183
38.59817
38.60087
38.61040
38.40987
38.25927
38.22893
38.35243
38.38470
38.39017
38.60460
38.65547
38.40367
38.38227
38.48837
38.53297
38.40857
38.26298
39.42993
41.11073
40.47550
40.65780
38.97183
38.86810
38.93810
38.74870
38.80763
38.95007
38.89527
43.02230
170.70493
178.07600
181.93613
185.08207
183.35173
186.66803
184.51830
187.67273
185.78943
186.42637
184.12617
192.75827
180.93390
181.65357
181.70933
122.18557
119.84017
119.56860
119.16730
119.34513
119.15243
119.12507
118.56250
119.23473
110.25103
38.48523
38.31453
40.85050
38.51127
38.62823
38.58820
38.89800
38.76063
38.57743
38.73207
38.69290
38.64557
38.74350
38.76443
40.78323
38.89877
38.80910
38.56273
38.72027
38.70577
39.23770
39.31193
39.19393
39.06010
39.09650
39.20973
41.22633
39.55860
39.30757
38.95297
38.95757
39.21677
39.08720
39.06417
38.92720
38.89350
39.03017
38.96140
40.81313
39.57530
39.10367
39.08010
39.04250
39.00353
39.10880
38.96863
38.96337
38.92443
38.93667
39.03530
40.73833
39.78607
39.01897
39.18840
39.16760
39.13830
39.17577
39.20643
39.07087
39.20893
89.26400
108.84943
110.28250
109.07907
96.31340
97.28520
97.40387
97.63413
97.68360
97.71490
98.13533
98.72637
87.49110
70.29677
71.65997
71.52377
70.87853
70.89207
71.11020
71.10040
70.84673
71.20230
61.76503
55.23427
55.41957
55.33440
56.19363
56.28173
55.16600
55.48280
55.50717
55.24103
55.18773
55.28893
55.47177
54.11990
52.61583
51.43360
51.07660
50.15150
47.58910
46.88537
46.53230
42.19737
42.21600
42.38827
42.57740
42.66333
42.57853
42.60477
43.13503
43.89073
42.24833
42.50663
42.44077
42.40563
42.21820
42.16667
42.24130
42.20693
41.93723
41.95930
63.11247
123.86790
122.34350
122.02393
121.06193
121.23317
121.03987
120.78413
120.05183
120.18490
119.76910
119.29943
119.52463
121.42683
119.04517
119.15720
46.13740
39.27107
38.96363
38.74227
38.69303
38.63960
38.46467
38.87980
39.26377
41.15537
38.83073
38.74033
38.68152
38.74394
38.83177
38.94900
38.99200
38.78870
38.71640
38.69943
38.82373
40.92690
38.69907
38.72910
38.97193
39.01983
38.96923
38.90137
38.81163
38.90360
38.89910
38.84373
38.95470
41.03117
38.71667
38.56873
38.68680
38.92830
39.06127
39.04970
39.07837
39.09860
39.06790
39.04450
39.03503
41.14507
39.50347
39.10803
39.16720
38.84543
38.80207
38.84143
38.89423
38.88357
38.87513
38.95000
38.94933
40.71973
39.55100
38.92517
38.91203
38.84980
38.78737
38.95000
39.07247
39.07230
39.01230
38.90067
38.99857
40.68993
39.75247
39.04700
39.00440
39.01810
38.99557
39.15027
39.22707
39.14493
38.95960
38.91343
38.86803
40.52570
40.12320
39.14400
39.15313
39.16460
39.17860
39.12023
39.06307
38.95747
38.93313
38.87243
38.84183
40.07047
40.05373
38.94770
38.94193
39.04353
39.06773
38.92913
38.93257
38.88743
38.89060
38.87133
38.99113
40.06690
40.28857
38.84323
38.86400
38.85503
38.94107
39.08420
38.94254
38.79250
38.86827
38.75540
38.71183
39.62970
40.13027
38.63303
38.44743
38.48317
38.61307
38.72950
38.64180
38.49483
38.65850
38.65453
38.56027
39.10430
41.79840
76.25260
116.82433
116.41743
116.86540
117.14677
118.62560
119.28863
119.37277
119.95260
119.50697
120.22473
121.11233
118.93373
118.34837
118.15760
118.36710
117.86003
118.25087
118.64307
117.67230
118.38787
118.07563
118.52190
120.25637
117.60347
117.52067
117.57323
124.18207
125.20433
119.31417
116.82873
116.84437
116.49237
116.89513
178.70543
191.94900
191.93470
192.02397
192.48750
192.22363
183.91317
218.04340
237.02680
315.75643
380.75503
846.06957
1364.91477
1183.49423
1230.63737
1287.50890
1282.65983
1287.34813
1281.69400
481.89050
393.00423
377.87663
336.06673
849.27400
1285.45870
1286.08923
1284.20803
575.82907
397.29510
255.67413
384.88230
542.29200
549.07920
302.56210
198.76693
195.59050
188.78990
862.45453
511.65727
174.71143
133.00470
127.13843
572.31110
814.07000
784.77247
367.16377
576.07320
510.69537
41.75170
41.70820
41.95643
42.07607
42.01293
41.92000
42.27597
44.08610
42.20540
42.25220
41.92370
41.95503
41.90703
41.97200
77.88660
621.37857
3192.54170
3366.21793
3603.08640
3310.90247
2942.68603
3367.19237
2991.29737
2707.45600
1993.20240
1851.76820
561.11987
70.33673
41.87700
41.95913
41.73360
43.85270
41.83923
41.63450
41.66630
41.85870
41.90767
41.84060
41.75440
41.85663
41.87807
42.03723
41.88910
43.77497
42.01883
41.88977
42.13697
41.96937
41.90197
41.86537
41.86000
41.71800
41.85257
41.74713
41.72304
43.56867
42.21433
41.89367
42.00500
42.11133
41.90557
41.78833
41.85690
41.75037
41.63440
41.61647
41.56633
43.16873
42.12240
41.43517
41.58220
41.57740
41.45290
41.38793
41.56990
41.36223
41.39440
41.64643
41.59247
43.19013
42.39310
41.62253
41.62324
41.51383
41.57816
41.56193
41.63620
41.64887
41.62910
41.73117
41.66600
43.23790
73.60847
166.09027
165.28803
1453.52150
2621.56810
1834.48707
2249.96000
1587.55067
1640.20013
777.04147
720.93467
582.89163
42.69587
41.38330
41.51600
41.66433
41.80160
41.77003
41.85147
41.86253
41.58440
41.45353
41.40027
42.38383
42.80677
41.52400
41.42080
41.52377
41.57490
41.68027
41.71505
41.67000
41.59903
41.55680
41.50093
42.31537
43.01183
41.55407
41.68370
41.62447
41.68230
41.56007
41.45097
41.42187
41.34717
41.34570
41.61420
42.30297
43.38213
41.80151
41.79643
41.92117
41.85135
41.85414
41.72443
41.71983
41.69188
41.76011
41.66567
42.19547
43.64977
41.83133
41.73870
41.70127
41.66607
41.48870
41.53847
41.71060
41.77980
41.72960
41.66907
42.05170
43.79573
41.74670
41.63947
41.66013
41.68903
41.64490
41.56257
41.62263
41.69497
41.81827
41.77130
41.58520
43.63420
41.28673
41.18287
41.22863
41.42047
41.44953
41.33640
41.38987
41.34800
41.32577
41.43247
41.41680
43.84483
41.56340
41.46400
41.44503
41.38623
41.40713
41.39663
41.44163
41.24227
41.18267
40.89027
40.32070
53.83043
74.38320
66.31317
51.37420
41.27007
41.25360
41.50523
41.54947
1552.10053
3104.06613
2818.12300
2798.73397
2804.25523
2722.84570
2599.67463
2817.81873
2711.79120
1986.47207
1987.11510
1715.96367
676.51627
677.90467
646.01467
108.37797
109.91453
103.13407
94.11603
92.19797
91.94793
91.80037
92.11180
93.00617
93.71790
90.14460
81.52403
73.16337
73.62087
73.04490
72.17393
73.67497
135.39470
204.45783
197.89350
192.73573
187.33613
183.28430
179.91530
176.58087
174.71213
170.24207
162.95140
162.11533
163.06083
160.57157
160.14730
158.36567
483.22993
540.95797
160.75447
160.76253
162.94820
196.83403
222.13013
221.45203
214.95653
204.97093
168.05500
161.98480
163.37943
163.51533
2171.06043
1134.52637
1389.29637
927.24753
886.23347
973.25113
1297.52053
706.13273
118.29463
118.14733
117.63930
117.83363
117.74493
122.94507
128.25443
128.22500
126.04493
127.72423
125.97567
124.51523
124.16080
123.21537
215.28410
226.06347
234.43350
387.45463
356.79650
270.34593
1005.34440
1033.73180
1151.82253
1150.50687
1149.50737
1149.01613
291.58273
246.13667
231.08537
198.57953
763.75840
1216.02557
1219.95140
1005.57873
331.84263
297.52497
125.74843
497.00743
441.81020
447.85227
119.34867
118.95330
118.38040
119.11560
119.28660
120.13510
121.05090
118.87747
118.94187
118.84457
118.29260
163.04760
169.39793
170.70910
171.17473
171.48240
171.23610
172.83380
174.23330
170.58137
170.77640
168.01348
169.44973
169.79590
169.34500
171.41623
170.61597
174.32443
171.42700
172.45447
477.54387
990.68587
186.67807
182.48791
181.21109
185.02527
180.13310
89.56867
40.84110
40.75377
40.79783
40.93820
42.74433
40.66940
40.63947
40.36473
40.38877
40.66563
40.88950
40.94010
40.67307
40.63427
40.75777
40.66473
42.84807
40.61673
40.72843
40.98183
40.92043
40.79740
42.28657
46.77270
40.97667
40.96820
40.99940
41.05063
43.23370
41.35893
41.15090
41.15937
41.03887
40.99617
40.93010
41.09417
41.17163
41.06870
41.14070
40.95720
43.01877
41.30447
40.97760
40.94737
41.04813
41.20987
41.26130
41.24133
41.22567
41.21973
41.23860
41.10610
42.65503
41.29147
40.70427
40.73653
40.90180
41.01843
41.16130
41.15910
41.26353
41.22423
41.17780
41.07380
42.71733
41.83307
41.23447
41.23250
41.13393
41.14487
41.08973
40.88547
40.94070
41.00873
40.96750
41.03003
42.67770
41.95493
41.00520
41.17743
41.17140
41.16813
41.15847
41.06557
40.97103
41.03580
41.01623
41.09090
42.29407
41.95367
40.67903
40.66867
40.68520
40.57840
40.52227
40.76370
40.96763
40.93177
40.86513
40.59967
41.69753
41.74097
40.47107
40.41993
40.62807
40.66160
40.64167
40.60013
40.62200
40.59973
132.47187
194.65297
191.62217
140.76047
120.18737
120.76947
120.23373
119.80660
119.16603
118.92117
119.56797
141.69923
182.53140
183.34117
183.30447
188.01560
184.34523
143.26643
117.55727
117.41017
118.36740
126.52187
124.17297
118.37183
117.62110
92.58067
41.20537
42.58200
40.90663
40.89757
40.80457
40.77663
40.81930
40.86680
40.84003
40.84950
40.67363
40.71223
41.05460
42.59893
40.72560
40.53583
40.70810
40.86150
40.82267
40.57710
40.53797
40.84940
41.05850
40.82900
41.27150
43.47330
41.30647
41.51627
41.31923
41.29083
68.50517
99.57437
97.53783
100.26847
103.15973
99.50000
101.74473
105.14100
102.57173
98.02450
103.16153
103.18527
96.76643
86.92863
83.68963
80.85190
78.05617
75.12843
48.32013
41.10707
39.12557
38.89713
38.99050
38.79443
38.81230
38.77923
38.63120
38.39293
38.42970
38.54450
38.43887
40.46127
38.94787
38.61740
38.53047
38.63153
38.80253
38.62480
38.72133
38.61837
38.79653
38.52283
38.53323
40.14723
39.08207
38.55497
38.56153
38.52713
38.53860
38.49830
38.64587
38.74200
38.84610
38.87663
38.76250
43.36550
90.00733
78.14013
77.49107
77.29870
78.05613
78.07600
78.75500
48.03980
39.04177
39.12667
39.09907
40.47683
39.77743
38.82623
61.57580
217.72333
220.59413
214.73690
204.47170
203.17183
203.39830
202.88227
203.10977
203.89267
198.04647
189.63550
183.72967
179.82030
177.11380
174.65557
173.32460
171.63497
224.89597
208.64993
235.98823
262.58607
262.40207
261.43123
253.67510
255.33310
255.54540
229.69973
219.32233
219.67020
216.47567
174.66160
176.41803
181.05773
173.47787
163.90200
164.67777
190.08927
126.15743
119.44933
119.68417
118.69593
119.52567
180.51777
187.12653
299.38190
342.32340
260.24880
917.90450
1200.22630
1200.98160
1248.52747
1245.14240
1247.53383
1185.16967
314.58850
305.86367
291.81703
237.17993
905.63633
1206.63990
1203.09703
1201.97313
641.08520
322.15963
209.20433
225.50657
532.48077
437.77513
290.31577
119.10343
119.46400
121.17607
119.11610
119.26443
81.42470
41.66297
41.46647
41.24077
41.47630
41.61007
41.73743
41.88837
41.89213
43.80087
41.62283
41.68737
41.73477
41.90880
41.93940
41.90980
41.78037
41.80333
41.68710
41.72593
41.76997
44.09950
41.34423
41.43633
41.42043
41.36940
41.35377
41.49813
41.43830
41.15467
41.16733
41.20727
41.35087
43.58100
41.72860
41.56503
41.54623
41.53447
41.49963
41.43293
41.35280
41.43223
41.43297
41.37037
41.48023
43.56940
42.06603
41.62740
41.55613
41.49723
41.45130
41.34707
41.33773
41.40283
41.26613
41.31770
41.43843
43.25397
41.94147
41.23960
41.08100
41.01310
41.18340
41.31270
41.39323
41.26290
41.26657
41.30380
41.34247
42.92830
42.04870
41.20370
41.36573
42.40717
42.36197
41.78690
41.20970
41.15777
41.16190
41.26483
41.43970
42.84273
42.19853
41.40947
41.38633
41.30907
41.36953
41.38140
41.26490
41.30077
41.26467
44.98163
108.09730
122.96037
121.79240
120.58657
120.75377
120.81597
120.11540
120.26947
131.75897
186.74480
1228.92787
328.99103
181.76933
183.64357
123.13620
117.22370
117.18253
122.92323
125.60777
123.88930
124.50920
124.07233
124.45833
124.72873
120.52123
54.78970
40.02680
38.53787
38.45303
38.59460
38.67533
38.57073
38.48953
38.54130
38.44177
38.56333
38.95810
39.61360
40.66643
38.80007
75.98737
163.02490
161.31760
165.13413
165.76260
173.09950
211.00237
200.23003
746.00150
1126.15037
385.98223
175.15507
829.13723
1172.31458
1171.23863
292.35447
260.38843
71.99467
310.81157
432.21190
424.11083
335.39540
427.99173
317.82207
38.75133
38.71873
38.76283
39.06677
38.68467
38.84923
38.66093
39.11893
38.45230
38.63770
40.87650
38.52700
38.38880
38.76400
38.81317
39.03363
39.05960
39.15083
39.14157
39.16900
38.84637
38.92293
41.16987
39.19137
39.07770
39.18100
39.20123
38.72823
39.12647
39.15583
38.86767
38.59650
38.71373
38.65967
40.72770
39.12317
38.89890
38.81170
38.82710
38.94620
38.85913
38.91547
38.77870
38.81234
38.96903
39.04817
40.96767
39.48913
38.89237
38.84917
38.91150
38.95840
38.92123
38.77950
38.57140
38.61370
38.81727
38.83253
40.31997
39.49920
38.77030
38.73830
38.70763
38.73907
38.70293
38.67287
38.69457
38.55387
38.58790
38.56313
40.13840
39.22937
38.37953
38.39107
38.58073
38.70117
38.67960
38.52107
38.70210
38.76787
38.76780
38.69707
39.99323
39.55187
124.12940
179.44183
181.09083
180.60417
182.99737
170.06983
117.62860
117.28603
117.37727
117.20103
118.91167
118.84340
117.13703
117.46360
122.25387
117.78923
118.35093
117.89500
117.64150
117.87233
118.00627
118.22947
119.54327
119.82883
118.14103
118.22410
118.74040
118.90503
119.23320
118.87750
118.62720
118.61190
118.89747
118.86987
118.13847
43.32240
38.13663
38.29947
38.36515
38.40157
38.24823
38.31760
38.36140
38.45957
38.39763
38.42437
38.39253
38.43110
38.39560
38.39483
38.36680
37.92407
37.98733
38.05943
38.22573
38.18797
38.10690
37.86240
37.87350
37.88300
38.06787
38.14827
38.34639
38.53520
38.54507
38.44465
38.50613
38.66967
38.72427
38.64513
38.59907
38.56937
38.41973
38.45870
38.49997
38.57173
38.42293
38.33520
38.20210
38.13427
38.32220
38.44043
38.50447
38.53920
38.51307
38.51893
38.52373
38.50127
38.47937
38.38990
38.46053
38.69635
38.76777
38.76791
38.79300
38.73387
38.67347
38.63070
38.62647
38.57212
38.48880
38.56437
38.63490
38.53753
38.56400
38.61857
38.71937
38.71457
38.57420
38.54127
38.56553
38.50647
38.60217
38.58100
38.57910
38.51427
38.63983
38.52283
38.64533
38.58097
38.45343
38.25663
38.15890
38.15733
38.19313
38.44187
38.40650
38.25470
38.22580
38.16027
38.10010
38.30930
38.23483
38.30883
38.22013
38.01880
37.92637
38.09757
88.32607
131.22697
127.56453
119.47813
119.32443
119.37543
119.57393
119.80090
119.17543
118.75770
117.74490
116.05693
118.19157
118.77973
119.69740
118.97387
117.94463
118.08800
118.76767
118.75980
118.28073
117.44473
116.85153
117.03143
117.25873
116.88010
82.77500
39.57737
38.65297
38.47437
38.61953
38.46050
38.47630
38.48040
38.60080
38.69927
38.57400
38.52127
39.77883
39.87817
38.70037
38.84410
38.60697
38.52213
38.47863
38.54090
38.52293
38.74827
38.80663
38.80163
39.61030
40.22013
39.02460
39.04573
39.01313
38.71353
38.49913
38.41873
38.51627
38.85610
38.76240
38.74797
39.47590
40.09397
38.42647
38.42723
38.38447
38.47430
38.53427
38.66987
38.68440
38.79687
38.85759
38.72313
39.25987
40.50757
38.75033
38.69120
38.74703
38.73543
39.03360
38.88183
38.82870
38.86300
38.47717
38.63190
38.88483
40.43790
38.66337
38.91447
38.78343
38.60313
38.69113
38.83873
38.86217
38.68637
38.75230
38.82780
39.12063
40.97110
38.85853
38.97557
39.03850
39.02533
38.83580
38.90540
38.95870
39.11600
39.03257
39.27787
39.30957
41.49877
39.11740
39.02020
39.00417
39.05317
39.20183
38.99107
38.90463
38.98117
38.89077
38.82360
38.82970
40.95460
38.99010
38.89463
39.09693
39.01273
39.04213
39.04980
39.03237
38.99857
39.02660
39.19390
39.27033
41.11597
39.37553
38.97663
59.08907
111.37777
115.75170
112.33077
111.28210
111.21783
177.09653
185.55960
187.68020
190.68750
105.30407
97.61507
98.32150
98.00550
98.53463
98.57373
98.26890
98.69860
83.89810
74.93553
74.90183
76.35207
75.52680
75.02130
75.09347
75.26507
74.91037
74.45323
59.87307
59.77100
60.18260
60.42603
60.39910
61.65420
61.14683
60.20127
60.17263
60.04667
60.03853
86.93170
82.33453
82.25837
88.40993
88.55743
84.31833
53.97070
48.77547
48.19887
47.28857
41.22097
41.35273
41.40400
41.42787
41.47893
41.40313
41.37693
41.36477
41.46807
41.49453
41.50563
41.47170
41.48190
41.63763
41.54210
41.37407
41.19627
41.17257
41.25373
41.23997
41.42687
41.61037
41.55820
41.47760
41.38020
41.50937
41.47187
41.49360
41.56240
41.48323
42.31203
41.65650
41.46697
41.57990
41.67430
41.54713
41.47730
41.48497
41.50270
41.60940
41.54193
41.58107
41.56983
41.63527
41.66587
41.64320
41.54127
41.48273
41.45067
41.49103
41.54230
41.47763
41.56120
41.44597
41.35663
41.17983
41.13997
41.18243
41.39033
41.37087
41.38997
41.41030
41.44927
41.52383
41.44753
41.35123
41.47047
41.40770
41.36187
41.33897
41.46393
41.50197
41.48503
41.37277
41.21690
41.14403
41.27843
41.20627
41.11667
41.34450
41.26260
41.39913
41.47593
41.46430
41.30943
41.26013
41.39157
41.55177
41.40853
41.34437
41.27260
41.32243
41.48780
41.54583
41.31487
0.00000
0.00000
0.00000
0.00000
0.00000
0.00000
0.00000
0.00000
0.00000
0.00000
0.00000
0.00000
0.00000
0.00000
0.00000
0.00000
0.00000
0.00000
0.00000
0.00000
0.00000
0.00000
0.00000
0.00000
0.00000
0.00000
0.00000
0.00000
0.00000
0.00000
0.00000
0.00000
0.00000
0.00000
0.00000
0.00000
0.00000
0.00000
0.00000
0.00000
0.00000
0.00000
0.00000
0.00000
0.00000
0.00000
0.00000
0.00000
0.00000
0.00000
0.00000
0.00000
0.00000
0.00000
0.00000
0.00000
0.00000
0.00000
0.00000
0.00000
0.00000
0.00000
0.00000
0.00000
0.00000
0.00000
0.00000
0.00000
0.00000
0.00000
0.00000
0.00000
0.00000
0.00000
0.00000
0.00000
0.00000
0.00000
0.00000
0.00000
0.00000
0.00000
0.00000
0.00000
0.00000
0.00000
0.00000
0.00000
0.00000
0.00000
0.00000
0.00000
0.00000
0.00000
0.00000
0.00000
0.00000
0.00000
0.00000
0.00000
0.00000
0.00000
0.00000
0.00000
0.00000
0.00000
0.00000
0.00000
0.00000
0.00000
0.00000
0.00000
0.00000
0.00000
0.00000
0.00000
0.00000
0.00000
0.00000
0.00000
0.00000
0.00000
0.00000
0.00000
0.00000
0.00000
0.00000
0.00000
0.00000
0.00000
0.00000
0.00000
0.00000
0.00000
0.00000
0.00000
0.00000
0.00000
0.00000
0.00000
0.00000
0.00000
0.00000
0.00000
0.00000
0.00000
0.00000
0.00000
0.00000
0.00000
0.00000
0.00000
0.00000
0.00000
0.00000
0.00000
0.00000
0.00000
0.00000
0.00000
0.00000
0.00000
0.00000
0.00000
0.00000
0.00000
0.00000
0.00000
0.00000
0.00000
0.00000
0.00000
0.00000
0.00000
0.00000
0.00000
0.00000
0.00000
0.00000
0.00000
0.00000
0.00000
0.00000
0.00000
0.00000
0.00000
0.00000
0.00000
0.00000
0.00000
0.00000
0.00000
0.00000
0.00000
0.00000
0.00000
0.00000
0.00000
0.00000
0.00000
0.00000
0.00000
0.00000
0.00000
0.00000
0.00000
0.00000
0.00000
0.00000
0.00000
0.00000
0.00000
0.00000
0.00000
0.00000
0.00000
0.00000
0.00000
0.00000
0.00000
0.00000
0.00000
0.00000
0.00000
0.00000
0.00000
0.00000
0.00000
0.00000
0.00000
0.00000
0.00000
0.00000
0.00000
0.00000
0.00000
0.00000
0.00000
0.00000
0.00000
0.00000
0.00000
0.00000
0.00000
0.00000
0.00000
0.00000
0.00000
0.00000
0.00000
0.00000
0.00000
0.00000
0.00000
0.00000
0.00000
0.00000
0.00000
0.00000
0.00000
0.00000
0.00000
0.00000
0.00000
0.00000
0.00000
0.00000
0.00000
0.00000
0.00000
0.00000
0.00000
0.00000
0.00000
0.00000
0.00000
0.00000
0.00000
0.00000
0.00000
0.00000
0.00000
0.00000
0.00000
0.00000
0.00000
0.00000
0.00000
0.00000
0.00000
0.00000
0.00000
0.00000
0.00000
0.00000
0.00000
0.00000
0.00000
0.00000
0.00000
0.00000
0.00000
0.00000
0.00000
0.00000
0.00000
0.00000
0.00000
0.00000
0.00000
0.00000
0.00000
0.00000
0.00000
0.00000
0.00000
0.00000
0.00000
0.00000
0.00000
0.00000
0.00000
0.00000
0.00000
0.00000
0.00000
0.00000
0.00000
0.00000
0.00000
0.00000
0.00000
0.00000
0.00000
0.00000
0.00000
0.00000
0.00000
0.00000
0.00000
0.00000
0.00000
0.00000
0.00000
0.00000
0.00000
0.00000
0.00000
0.00000
0.00000
0.00000
0.00000
0.00000
0.00000
0.00000
0.00000
0.00000
0.00000
0.00000
0.00000
0.00000
0.00000
0.00000
0.00000
0.00000
0.00000
0.00000
0.00000
0.00000
0.00000
0.00000
0.00000
0.00000
0.00000
0.00000
0.00000
0.00000
0.00000
0.00000
0.00000
0.00000
0.00000
0.00000
0.00000
0.00000
0.00000
0.00000
0.00000
0.00000
0.00000
0.00000
0.00000
0.00000
0.00000
0.00000
0.00000
0.00000
0.00000
0.00000
0.00000
0.00000
0.00000
0.00000
0.00000
0.00000
0.00000
0.00000
0.00000
0.00000
0.00000
0.00000
0.00000
0.00000
0.00000
0.00000
0.00000
0.00000
0.00000
0.00000
0.00000
0.00000
0.00000
0.00000
0.00000
0.00000
0.00000
0.00000
0.00000
0.00000
0.00000
0.00000
0.00000
0.00000
0.00000
0.00000
0.00000
0.00000
0.00000
0.00000
0.00000
0.00000
0.00000
0.00000
0.00000
0.00000
0.00000
0.00000
0.00000
0.00000
0.00000
0.00000
0.00000
0.00000
0.00000
0.00000
0.00000
0.00000
0.00000
0.00000
0.00000
0.00000
0.00000
0.00000
0.00000
0.00000
0.00000
0.00000
0.00000
0.00000
0.00000
0.00000
0.00000
0.00000
0.00000
0.00000
0.00000
0.00000
0.00000
0.00000
0.00000
0.00000
0.00000
0.00000
0.00000
0.00000
0.00000
0.00000
0.00000
0.00000
0.00000
0.00000
0.00000
0.00000
121.46653
121.37870
224.18453
217.24563
158.91930
754.79710
1130.99317
1131.50190
1185.81360
1182.97223
1183.97210
1179.07587
371.92003
253.20557
234.06867
213.98937
694.24707
1188.70910
1183.86233
1179.76027
574.82843
269.06460
145.09957
172.65857
468.91840
377.32127
210.97840
43.28233
43.19670
43.17007
43.17850
43.10913
43.12380
43.06217
45.14690
43.13310
42.82358
42.74897
42.87093
42.92870
43.00997
43.02423
42.96593
43.04777
42.95620
43.04433
44.97647
43.27130
42.96970
43.04127
43.00573
43.04153
42.94197
43.13270
42.95533
42.87227
42.91010
42.83833
44.76187
43.62220
43.08537
43.02670
43.06603
42.92983
42.95227
43.00380
42.91937
42.98313
42.96707
42.81537
44.50244
43.52599
42.69603
42.66290
42.65567
42.92447
42.89377
42.93307
42.91247
42.79803
42.85467
42.97360
44.40670
43.78377
42.89107
42.81943
42.74460
42.64910
42.66577
42.49073
42.45410
42.52873
42.64957
42.63660
43.79330
43.49273
49.59133
118.16607
121.41617
120.64900
120.31493
121.69997
121.90240
136.35917
187.85407
184.03953
187.59997
185.09957
232.42640
214.95717
213.80943
222.30390
216.83203
215.60793
218.03040
223.80230
222.03023
225.04360
219.20747
174.22127
164.25123
157.63357
125.18883
78.17797
78.68133
78.46257
78.57043
76.06460
72.43027
68.58297
65.65903
63.41600
58.72773
57.12317
55.21403
45.40167
41.99997
42.02407
41.88843
41.88467
41.76883
41.74003
42.37110
43.77160
50.56663
114.48353
122.80273
336.72013
794.45797
779.59213
442.10263
520.99257
618.46963
119.50167
119.63830
121.32580
118.63833
118.65677
158.57653
158.30690
152.26497
2571.63350
4390.48303
3846.18160
3696.02863
4070.02707
3581.86513
4445.49837
2714.71920
2044.67397
1204.69487
1230.12477
1667.24640
711.19730
715.71077
711.26893
1643.59610
2866.51557
3254.57583
3284.46370
3111.76847
3044.82940
3124.82213
2543.09233
2475.43393
2532.67157
2532.37153
2211.39323
1786.28283
2251.27063
1389.29547
1644.49543
689.60740
690.63113
693.69647
593.89707
1556.05623
1457.29560
1287.34173
1597.92883
1477.12897
1230.71997
708.78793
540.36780
63.87310
60.61847
58.30347
54.12743
43.92030
43.78280
43.98667
46.87547
367.52593
755.76233
736.61360
431.01983
430.28540
625.34370
44.23537
43.99627
69.06563
63.00803
62.81500
67.46097
68.84373
67.59860
67.79573
69.45207
68.25593
67.57457
67.83517
68.71400
70.20620
70.08140
67.57860
66.47807
67.93013
61.39343
81.40660
81.40973
102.66680
126.53807
119.62250
119.35687
119.30087
120.24273
145.29887
119.92030
119.64260
119.04357
117.09847
118.35663
120.39327
117.90917
118.10217
117.99343
118.45030
118.01483
117.90817
118.60127
118.39460
118.41590
118.16027
119.80137
119.80830
117.93957
118.13470
118.40043
118.65503
118.53277
118.66773
118.59747
118.92957
119.37907
135.13567
185.38017
185.51303
183.88450
185.65733
185.89783
186.62953
190.13387
282.19450
252.15677
209.01437
932.33413
1086.11870
1212.11417
1233.87607
1246.66697
1238.91173
804.26000
363.50093
305.71443
316.53793
273.57667
1181.28863
1179.18917
1176.81970
867.13603
271.44010
212.48050
43.53970
463.35117
371.66150
337.81893
41.23397
41.45177
41.45147
41.43140
41.46630
41.99530
43.80637
42.51397
42.72483
42.16457
42.02630
41.95943
42.00017
42.03963
42.19110
42.00860
41.92937
42.03350
44.14937
41.99147
42.09780
41.98830
41.94280
41.91210
41.87300
41.95587
42.00583
42.00170
41.94010
41.79650
43.96333
41.43333
41.41583
41.43270
41.75553
41.72033
41.68010
41.72537
41.77563
41.79740
41.73630
41.69473
43.82360
41.98923
41.79350
41.78797
41.56637
41.55817
41.53373
41.60407
41.71353
41.51067
41.58953
41.60507
43.60313
42.21187
41.73577
41.64990
41.73903
41.88933
41.94933
41.78977
41.50973
41.55363
41.63857
41.89827
43.65560
42.42377
41.49907
103.83263
185.28883
183.33427
184.91587
187.96177
194.86910
195.83290
225.21840
167.19770
122.62920
120.96067
119.32623
119.33030
118.90920
119.13623
119.49643
119.07560
118.99403
118.51557
118.10243
118.03453
119.26073
119.01137
118.30340
118.57003
118.54607
118.61923
118.31337
117.84680
117.14880
117.69762
118.00863
118.04218
119.27676
119.07003
117.44595
117.61591
117.78677
88.56448
38.69997
38.96468
38.88354
39.22147
39.04310
39.09933
40.40300
40.09770
38.66470
38.79250
39.03557
39.02223
39.03467
39.09170
39.09773
39.16913
38.96773
39.16113
39.89163
40.23783
39.10697
38.85097
39.11650
39.23377
39.20667
39.36690
38.94670
38.87903
38.80970
38.81840
39.51110
40.80603
39.12893
39.13963
39.19983
39.19947
39.44373
39.46043
39.17073
39.18297
39.14447
39.24627
39.72530
41.05870
39.37800
39.42727
39.33980
91.67460
100.51550
98.62097
98.64983
98.65740
98.21797
98.22653
98.45940
93.60820
75.57310
75.92460
75.96257
76.20853
76.07200
76.17547
75.85140
75.97857
75.90557
65.58207
61.29307
63.25550
61.14877
61.05163
60.64543
60.91903
60.70060
60.77870
61.10213
60.99693
72.02300
103.82680
87.17717
90.96633
88.35180
55.83127
51.54603
50.51120
49.57037
983.12557
3286.23523
2133.45817
2805.60273
1342.11820
1144.28537
703.18133
701.93063
701.79833
697.74047
693.02663
693.72863
697.09823
1922.50587
3102.91793
2676.24523
2320.87697
1858.72770
1862.99890
1109.60600
717.15627
1737.62457
2912.40907
2899.92980
939.45850
118.73550
118.38743
117.97663
117.81357
117.78423
119.92000
118.64497
117.68600
117.49120
117.18807
117.22287
117.38720
117.51357
117.98417
118.01983
118.30043
118.03367
120.01250
118.90283
117.87353
118.03337
118.39423
118.66537
119.44720
119.72810
119.03160
119.05737
119.33660
118.45637
120.64757
120.00400
118.94730
118.72970
118.64607
118.94353
119.27217
119.21593
119.09497
118.59433
118.94127
119.46093
121.02880
121.26613
119.99400
119.54583
119.21727
104.59490
37.88440
38.17920
38.27150
38.30413
38.51343
38.49147
38.55473
38.41033
38.40267
38.35820
38.28053
38.23063
38.25287
38.78490
38.71293
38.00157
38.02980
37.97843
38.14627
38.32690
38.22223
38.19890
38.17450
38.21823
38.15383
38.16700
38.18163
38.22800
38.24483
38.26827
38.31963
38.37047
38.20797
37.93590
37.97710
37.90850
38.11903
38.17797
38.22887
38.27813
38.24050
38.38723
38.45927
38.46293
38.43013
38.37983
38.46970
38.50240
38.43050
38.28097
38.18397
38.07153
38.07647
38.11543
38.28123
38.32943
38.25647
38.27043
38.23303
38.20923
38.13140
38.25433
38.38017
38.45010
38.36297
38.26387
38.27873
38.19663
38.22690
37.97273
38.03033
38.15960
38.22103
38.31763
38.19660
38.20327
38.09883
38.11373
38.10037
38.17110
37.82120
38.08940
38.09953
38.18413
38.13337
38.17350
38.20570
38.11937
38.08213
38.14730
38.29913
38.25617
38.03343
38.06853
38.08497
38.01910
38.12193
38.09657
38.02067
37.97617
37.84820
37.80340
117.13340
186.20023
188.66977
188.47820
191.83657
192.14507
188.23647
69.00547
38.18443
38.30257
37.99960
38.10077
38.10853
38.18380
40.69270
38.66867
38.52993
38.52987
38.49173
38.55913
38.62393
38.50040
38.29147
38.24767
38.60087
38.52417
40.53813
38.69033
38.43553
38.43297
38.34970
38.50873
38.53637
38.50183
38.58710
38.40813
38.50197
38.76867
40.60810
39.24663
38.88860
38.55030
38.37977
38.59753
38.83450
38.90440
39.03423
39.12427
39.04633
38.94703
40.75230
39.45207
38.55683
38.80593
39.31357
38.78840
38.60287
38.86867
38.62697
38.62077
38.62213
38.20500
39.67717
38.97183
38.16460
38.53793
38.64097
38.51693
38.61023
38.57260
38.61630
38.68467
38.69963
38.72683
39.83030
39.75570
38.99557
39.05180
38.90877
38.82520
38.76930
38.78690
38.61443
38.62100
38.80270
38.67847
39.81477
40.36900
39.13537
39.15307
38.90290
38.82437
38.68937
38.63557
38.64073
38.73443
38.94073
38.98573
39.83603
40.30290
38.69697
38.83983
38.71400
38.86173
38.82860
38.71140
38.56180
38.54400
38.60973
38.49617
39.39487
40.32700
38.60107
38.54750
38.53253
38.42953
38.42027
38.47633
38.47304
38.42992
38.63119
38.61063
39.09007
40.28439
38.46395
38.45731
38.42949
38.43572
38.48152
38.52941
38.60216
38.52733
38.54131
38.56234
38.92738
40.55808
38.54993
38.52883
38.39325
38.35491
38.42585
38.29398
38.16728
38.20084
38.12057
38.22426
38.37071
40.62607
38.32812
38.26719
38.33464
38.21406
38.41426
38.46337
38.33453
61.92192
118.37639
118.15750
123.76879
182.26143
170.81382
173.99491
176.55011
178.30453
174.55502
175.04309
174.10271
167.61852
172.66320
171.72210
171.76248
176.17007
126.25179
62.35555
62.36832
62.44205
52.32276
51.82719
51.74056
51.66803
51.90504
51.75406
51.73425
51.83572
51.83125
51.91642
51.88180
51.80126
51.35406
50.90083
49.35955
45.88196
44.44687
44.27879
42.82674
41.05440
40.55966
40.66066
40.98796
41.30646
41.35681
41.25295
40.98036
40.82770
40.61469
40.22594
40.09036
40.10767
40.07864
40.04664
39.97658
39.97506
40.11198
40.11568
39.99427
39.57887
39.60679
39.69859
39.81015
40.07875
39.85297
39.67760
39.69724
39.76182
39.86197
39.72866
39.77864
39.78876
39.70037
39.54865
39.35259
39.38863
39.57363
39.71203
39.78712
39.70416
39.66684
39.68148
39.68253
39.66702
39.84769
39.81079
39.61450
39.64748
39.68879
39.74774
39.68045
39.66551
39.57751
39.46927
39.59312
39.48106
39.32555
39.26787
39.32067
39.58632
39.71158
39.81034
39.80678
39.60303
39.53018
39.53135
39.47749
39.42516
39.74719
39.76333
120.06441
187.94817
186.85106
190.12271
188.09318
189.25943
190.88678
188.87860
186.95462
192.92699
215.90602
167.01199
119.76019
119.69637
120.06660
120.63520
121.22120
121.16699
120.62136
120.18620
119.66537
121.00390
120.05073
118.65458
192.61656
273.94714
237.31473
918.88440
824.05951
846.16118
786.52975
827.87241
882.91556
920.72659
396.40526
252.07201
222.82466
215.33559
225.08239
194.99123
1021.29380
1112.15515
355.78199
262.86659
88.79251
279.69128
434.75784
421.89449
333.64095
422.70282
347.15865
38.74110
38.72900
38.66555
38.60668
38.58803
38.61937
39.51866
39.59952
38.29376
38.71246
38.82820
38.43866
38.37855
38.28966
38.56532
38.66669
38.65505
38.74220
39.71590
40.36269
38.95601
38.84326
38.94417
38.75648
38.75143
38.56119
38.55930
38.71143
38.58872
38.66507
39.25451
40.48664
38.54076
38.61739
38.68169
38.61815
38.40281
38.45087
38.44136
38.51785
38.70074
38.77216
39.05168
40.84008
38.57865
38.70004
39.00648
38.91540
38.72319
38.98941
39.13286
38.52709
38.55996
38.60714
38.89278
40.92708
38.92135
38.93126
39.06401
39.05335
39.17855
39.01474
39.09315
39.40971
38.98896
38.89309
39.41592
40.99349
38.67100
38.62756
38.74517
39.01669
39.11122
39.03762
39.12109
39.22123
39.30753
39.24291
39.11700
41.26067
39.14328
39.09363
38.99106
38.83904
38.82022
38.89625
38.98500
39.05988
39.17819
39.15294
39.22723
41.31664
39.48534
39.14796
39.30243
39.19089
0.00000
0.00000
0.00000
0.00000
0.00000
0.00000
0.00000
0.00000
0.00000
0.00000
0.00000
0.00000
0.00000
0.00000
0.00000
0.00000
0.00000
0.00000
0.00000
0.00000
0.00000
0.00000
0.00000
0.00000
0.00000
0.00000
0.00000
0.00000
0.00000
0.00000
0.00000
0.00000
0.00000
0.00000
0.00000
0.00000
0.00000
0.00000
0.00000
0.00000
0.00000
0.00000
0.00000
0.00000
0.00000
0.00000
0.00000
0.00000
0.00000
0.00000
0.00000
0.00000
0.00000
0.00000
0.00000
0.00000
0.00000
0.00000
0.00000
0.00000
0.00000
0.00000
0.00000
0.00000
0.00000
0.00000
0.00000
0.00000
0.00000
0.00000
0.00000
0.00000
0.00000
0.00000
0.00000
0.00000
0.00000
0.00000
0.00000
0.00000
0.00000
0.00000
0.00000
0.00000
0.00000
0.00000
0.00000
0.00000
0.00000
0.00000
0.00000
0.00000
0.00000
0.00000
0.00000
0.00000
0.00000
0.00000
0.00000
0.00000
0.00000
0.00000
0.00000
0.00000
0.00000
0.00000
0.00000
0.00000
0.00000
0.00000
0.00000
0.00000
0.00000
0.00000
0.00000
0.00000
0.00000
0.00000
0.00000
0.00000
0.00000
0.00000
0.00000
0.00000
0.00000
0.00000
0.00000
0.00000
0.00000
0.00000
0.00000
0.00000
0.00000
0.00000
0.00000
0.00000
0.00000
0.00000
0.00000
0.00000
0.00000
0.00000
0.00000
0.00000
0.00000
0.00000
0.00000
0.00000
0.00000
0.00000
0.00000
0.00000
0.00000
0.00000
0.00000
0.00000
0.00000
0.00000
0.00000
0.00000
0.00000
0.00000
0.00000
0.00000
0.00000
0.00000
0.00000
0.00000
0.00000
0.00000
0.00000
0.00000
0.00000
0.00000
0.00000
0.00000
0.00000
0.00000
0.00000
0.00000
0.00000
0.00000
0.00000
0.00000
0.00000
0.00000
0.00000
0.00000
0.00000
0.00000
0.00000
0.00000
0.00000
0.00000
0.00000
0.00000
0.00000
0.00000
0.00000
0.00000
0.00000
0.00000
0.00000
0.00000
0.00000
0.00000
0.00000
0.00000
0.00000
0.00000
0.00000
0.00000
0.00000
0.00000
0.00000
0.00000
0.00000
0.00000
0.00000
0.00000
0.00000
0.00000
0.00000
0.00000
0.00000
0.00000
0.00000
0.00000
0.00000
0.00000
0.00000
0.00000
0.00000
0.00000
0.00000
0.00000
0.00000
0.00000
0.00000
0.00000
0.00000
0.00000
0.00000
0.00000
0.00000
0.00000
0.00000
0.00000
0.00000
0.00000
0.00000
0.00000
0.00000
0.00000
0.00000
0.00000
0.00000
0.00000
0.00000
0.00000
0.00000
0.00000
0.00000
0.00000
0.00000
0.00000
0.00000
0.00000
0.00000
0.00000
0.00000
0.00000
0.00000
0.00000
0.00000
0.00000
0.00000
0.00000
0.00000
0.00000
0.00000
0.00000
0.00000
0.00000
0.00000
0.00000
0.00000
0.00000
0.00000
0.00000
0.00000
0.00000
0.00000
0.00000
0.00000
0.00000
0.00000
0.00000
0.00000
0.00000
0.00000
0.00000
0.00000
0.00000
0.00000
0.00000
0.00000
0.00000
0.00000
0.00000
0.00000
0.00000
0.00000
0.00000
0.00000
0.00000
0.00000
0.00000
0.00000
0.00000
0.00000
0.00000
0.00000
0.00000
0.00000
0.00000
0.00000
0.00000
0.00000
0.00000
0.00000
0.00000
0.00000
0.00000
0.00000
0.00000
0.00000
0.00000
0.00000
0.00000
0.00000
0.00000
0.00000
0.00000
0.00000
0.00000
0.00000
0.00000
0.00000
0.00000
0.00000
0.00000
0.00000
0.00000
0.00000
0.00000
0.00000
0.00000
0.00000
0.00000
0.00000
0.00000
0.00000
0.00000
0.00000
0.00000
0.00000
0.00000
0.00000
0.00000
0.00000
0.00000
0.00000
0.00000
0.00000
0.00000
0.00000
0.00000
0.00000
0.00000
0.00000
0.00000
0.00000
0.00000
0.00000
0.00000
0.00000
0.00000
0.00000
0.00000
0.00000
0.00000
0.00000
0.00000
0.00000
0.00000
0.00000
0.00000
0.00000
0.00000
0.00000
0.00000
0.00000
0.00000
0.00000
0.00000
0.00000
0.00000
0.00000
0.00000
0.00000
0.00000
0.00000
0.00000
0.00000
0.00000
0.00000
0.00000
0.00000
0.00000
0.00000
0.00000
0.00000
0.00000
0.00000
0.00000
0.00000
0.00000
0.00000
0.00000
0.00000
0.00000
0.00000
0.00000
0.00000
0.00000
0.00000
0.00000
0.00000
0.00000
0.00000
0.00000
0.00000
0.00000
0.00000
0.00000
0.00000
0.00000
0.00000
0.00000
0.00000
0.00000
0.00000
0.00000
0.00000
0.00000
0.00000
0.00000
0.00000
0.00000
0.00000
0.00000
0.00000
0.00000
0.00000
0.00000
0.00000
0.00000
0.00000
0.00000
0.00000
0.00000
0.00000
0.00000
0.00000
0.00000
0.00000
0.00000
0.00000
0.00000
0.00000
0.00000
0.00000
0.00000
0.00000
0.00000
0.00000
0.00000
0.00000
0.00000
0.00000
0.00000
0.00000
0.00000
0.00000
0.00000
0.00000
0.00000
0.00000
0.00000
0.00000
0.00000
0.00000
0.00000
0.00000
0.00000
0.00000
0.00000
0.00000
0.00000
0.00000
0.00000
0.00000
0.00000
0.00000
0.00000
0.00000
0.00000
0.00000
0.00000
0.00000
0.00000
0.00000
0.00000
0.00000
0.00000
0.00000
0.00000
0.00000
0.00000
0.00000
0.00000
0.00000
0.00000
0.00000
0.00000
0.00000
0.00000
0.00000
0.00000
0.00000
0.00000
0.00000
0.00000
0.00000
0.00000
0.00000
0.00000
0.00000
0.00000
0.00000
0.00000
0.00000
0.00000
0.00000
0.00000
0.00000
0.00000
0.00000
0.00000
0.00000
0.00000
0.00000
0.00000
0.00000
0.00000
0.00000
0.00000
0.00000
0.00000
0.00000
0.00000
0.00000
0.00000
0.00000
0.00000
0.00000
0.00000
0.00000
0.00000
0.00000
0.00000
0.00000
0.00000
0.00000
0.00000
0.00000
0.00000
0.00000
0.00000
0.00000
0.00000
0.00000
0.00000
0.00000
0.00000
0.00000
0.00000
0.00000
0.00000
0.00000
0.00000
0.00000
0.00000
0.00000
0.00000
0.00000
0.00000
0.00000
0.00000
0.00000
0.00000
0.00000
0.00000
0.00000
0.00000
0.00000
0.00000
0.00000
0.00000
0.00000
0.00000
0.00000
0.00000
0.00000
0.00000
0.00000
0.00000
0.00000
0.00000
0.00000
0.00000
0.00000
0.00000
0.00000
0.00000
0.00000
0.00000
0.00000
0.00000
0.00000
0.00000
0.00000
0.00000
0.00000
0.00000
0.00000
0.00000
0.00000
0.00000
0.00000
0.00000
0.00000
0.00000
0.00000
0.00000
0.00000
0.00000
0.00000
0.00000
0.00000
0.00000
0.00000
0.00000
0.00000
0.00000
0.00000
0.00000
0.00000
0.00000
0.00000
0.00000
0.00000
0.00000
0.00000
0.00000
0.00000
0.00000
0.00000
0.00000
0.00000
0.00000
0.00000
0.00000
0.00000
0.00000
0.00000
0.00000
0.00000
0.00000
0.00000
0.00000
0.00000
0.00000
0.00000
0.00000
0.00000
0.00000
0.00000
0.00000
0.00000
0.00000
0.00000
0.00000
0.00000
0.00000
0.00000
0.00000
0.00000
0.00000
0.00000
0.00000
0.00000
0.00000
0.00000
0.00000
0.00000
0.00000
0.00000
0.00000
0.00000
0.00000
0.00000
0.00000
0.00000
0.00000
0.00000
0.00000
0.00000
0.00000
0.00000
0.00000
0.00000
0.00000
0.00000
0.00000
0.00000
0.00000
0.00000
0.00000
0.00000
0.00000
0.00000
0.00000
0.00000
0.00000
0.00000
0.00000
0.00000
0.00000
0.00000
0.00000
0.00000
0.00000
0.00000
0.00000
0.00000
0.00000
0.00000
0.00000
0.00000
0.00000
0.00000
0.00000
0.00000
0.00000
0.00000
0.00000
0.00000
0.00000
0.00000
0.00000
0.00000
0.00000
0.00000
0.00000
0.00000
0.00000
0.00000
0.00000
0.00000
0.00000
38.52579
38.57888
38.50792
38.64859
38.77305
38.90577
38.89985
38.80085
38.64114
38.74662
40.64022
39.26254
38.72000
38.51587
38.56874
38.47405
38.65158
38.78418
38.88669
38.78548
38.89563
38.90587
40.44625
39.63906
38.82836
38.65779
38.62616
38.61400
38.57141
38.62740
38.72678
38.63045
38.70755
38.73598
40.29931
39.92275
38.63765
38.65856
38.82000
38.80789
38.74212
38.85248
38.84398
39.05914
39.16887
38.97508
40.12440
39.93656
38.94249
39.03898
39.09108
39.05225
38.77724
38.82588
38.94289
39.08467
39.13527
38.90145
39.97257
40.20456
39.01089
38.96661
39.01694
38.90255
38.78945
38.65862
38.79038
38.63230
38.57338
38.56683
39.42682
39.98866
38.68881
38.92284
38.96152
38.92789
38.65311
38.50093
38.38617
38.46554
38.51156
38.66437
39.40393
40.51330
38.81305
38.84572
38.79287
38.86846
38.90813
38.79927
38.76123
38.68617
38.72954
38.67399
39.17231
40.43785
38.39828
38.36366
38.54590
38.56450
38.65333
38.73767
38.38396
38.37674
38.30019
38.36955
38.73330
40.53751
38.35422
38.52057
38.85158
38.11591
38.37797
38.34265
38.49467
54.10895
122.03528
126.56081
173.10600
183.26515
176.88489
169.72959
173.50392
175.17982
177.35062
170.05746
174.29011
172.85138
168.24387
171.96557
173.26770
174.01535
217.29169
229.61192
238.12796
235.74882
226.13246
231.77567
200.51135
267.21539
202.54482
167.19456
155.86680
158.76429
166.02681
48.42504
40.97781
40.96535
41.20149
41.22454
41.02914
41.10258
41.13067
41.21268
41.28551
41.54734
41.55629
41.61647
41.59542
41.50869
41.52036
41.66125
41.77555
41.81504
41.63422
41.49263
41.58330
41.85311
41.95911
41.90107
42.00595
41.97636
41.86395
41.58288
41.56672
41.63346
41.80161
41.76457
41.90751
41.99346
41.86925
41.85535
41.83322
41.95715
41.99985
41.90117
42.06870
42.18180
42.20937
42.24043
42.10563
42.17427
42.28763
42.15493
41.95460
41.71183
41.60420
41.64800
41.88763
41.89703
41.90707
41.87810
41.94577
42.10050
42.11123
42.02783
42.02933
41.93853
41.82660
41.75877
41.51050
41.53380
41.48973
41.62947
41.69997
41.79053
41.73277
41.73283
41.80967
41.87097
41.68827
41.57937
41.55330
41.62097
41.62697
41.56447
41.52340
41.67123
41.72820
41.64757
41.71297
41.55420
41.56890
41.63837
41.63770
41.61513
41.60850
41.48000
41.63727
41.58993
41.62097
41.56180
41.52503
41.49700
41.35713
41.46890
41.50317
41.59297
41.46913
41.38320
41.76370
41.70490
41.80340
41.68857
41.50280
41.53750
41.47977
41.69033
41.63787
41.65703
41.84170
41.67880
41.62453
41.60537
45.26590
52.83200
51.66960
50.23827
47.57120
47.96333
43.89573
42.04840
42.07620
42.14200
41.99953
41.90150
42.00030
41.95980
43.03917
43.40370
87.47073
46.51760
85.70297
86.69380
68.26113
41.95557
55.24047
285.23797
769.26453
755.82337
654.21983
360.00100
709.72067
42.13210
42.08730
42.28797
42.22920
42.10193
559.84627
3167.48570
2259.64713
2194.89413
2043.30656
0.00000
0.00000
0.00000
0.00000
0.00000
0.00000
0.00000
0.00000
0.00000
0.00000
0.00000
0.00000
0.00000
0.00000
0.00000
0.00000
0.00000
0.00000
0.00000
0.00000
0.00000
0.00000
0.00000
0.00000
0.00000
0.00000
0.00000
0.00000
0.00000
0.00000
0.00000
0.00000
0.00000
0.00000
0.00000
0.00000
0.00000
0.00000
0.00000
0.00000
0.00000
0.00000
0.00000
0.00000
0.00000
0.00000
0.00000
0.00000
0.00000
0.00000
0.00000
0.00000
0.00000
0.00000
0.00000
0.00000
0.00000
0.00000
0.00000
0.00000
0.00000
0.00000
0.00000
0.00000
0.00000
0.00000
0.00000
0.00000
0.00000
0.00000
0.00000
0.00000
0.00000
0.00000
0.00000
0.00000
0.00000
0.00000
0.00000
0.00000
0.00000
0.00000
0.00000
0.00000
0.00000
0.00000
0.00000
0.00000
0.00000
0.00000
0.00000
0.00000
0.00000
0.00000
0.00000
0.00000
0.00000
0.00000
0.00000
0.00000
0.00000
0.00000
0.00000
0.00000
0.00000
0.00000
0.00000
0.00000
0.00000
0.00000
0.00000
0.00000
0.00000
0.00000
0.00000
0.00000
0.00000
0.00000
0.00000
0.00000
0.00000
0.00000
0.00000
0.00000
0.00000
0.00000
0.00000
0.00000
0.00000
0.00000
0.00000
0.00000
0.00000
0.00000
0.00000
0.00000
0.00000
0.00000
0.00000
0.00000
0.00000
0.00000
0.00000
0.00000
0.00000
0.00000
0.00000
0.00000
0.00000
0.00000
0.00000
0.00000
0.00000
0.00000
0.00000
0.00000
0.00000
0.00000
0.00000
0.00000
0.00000
0.00000
0.00000
0.00000
0.00000
0.00000
0.00000
0.00000
0.00000
0.00000
0.00000
0.00000
0.00000
0.00000
0.00000
0.00000
0.00000
0.00000
0.00000
0.00000
0.00000
0.00000
0.00000
0.00000
0.00000
0.00000
0.00000
0.00000
0.00000
0.00000
0.00000
0.00000
0.00000
0.00000
0.00000
0.00000
0.00000
0.00000
0.00000
0.00000
0.00000
0.00000
0.00000
0.00000
0.00000
0.00000
0.00000
0.00000
0.00000
0.00000
0.00000
0.00000
0.00000
0.00000
0.00000
0.00000
0.00000
0.00000
0.00000
0.00000
0.00000
0.00000
0.00000
0.00000
0.00000
0.00000
0.00000
0.00000
0.00000
0.00000
0.00000
0.00000
0.00000
0.00000
0.00000
0.00000
0.00000
0.00000
0.00000
0.00000
0.00000
0.00000
0.00000
0.00000
0.00000
0.00000
0.00000
0.00000
0.00000
0.00000
0.00000
0.00000
0.00000
0.00000
0.00000
0.00000
0.00000
0.00000
0.00000
0.00000
0.00000
0.00000
0.00000
0.00000
0.00000
0.00000
0.00000
0.00000
0.00000
0.00000
0.00000
0.00000
0.00000
0.00000
0.00000
0.00000
0.00000
0.00000
0.00000
0.00000
0.00000
0.00000
0.00000
0.00000
0.00000
0.00000
0.00000
0.00000
0.00000
0.00000
0.00000
0.00000
0.00000
0.00000
0.00000
0.00000
0.00000
0.00000
0.00000
0.00000
0.00000
0.00000
0.00000
0.00000
0.00000
0.00000
0.00000
0.00000
0.00000
0.00000
0.00000
0.00000
0.00000
0.00000
0.00000
0.00000
0.00000
0.00000
0.00000
0.00000
0.00000
0.00000
0.00000
0.00000
0.00000
0.00000
0.00000
0.00000
0.00000
0.00000
0.00000
0.00000
0.00000
0.00000
0.00000
0.00000
0.00000
0.00000
0.00000
0.00000
0.00000
0.00000
0.00000
0.00000
0.00000
0.00000
0.00000
0.00000
0.00000
0.00000
0.00000
0.00000
0.00000
0.00000
0.00000
0.00000
0.00000
0.00000
0.00000
0.00000
0.00000
0.00000
0.00000
0.00000
0.00000
0.00000
0.00000
0.00000
0.00000
0.00000
0.00000
0.00000
0.00000
0.00000
0.00000
0.00000
0.00000
0.00000
0.00000
0.00000
0.00000
0.00000
0.00000
0.00000
0.00000
0.00000
0.00000
0.00000
0.00000
0.00000
0.00000
0.00000
0.00000
0.00000
0.00000
0.00000
0.00000
0.00000
0.00000
0.00000
0.00000
0.00000
0.00000
0.00000
0.00000
0.00000
0.00000
0.00000
0.00000
0.00000
0.00000
0.00000
0.00000
0.00000
0.00000
0.00000
0.00000
0.00000
0.00000
0.00000
0.00000
0.00000
0.00000
0.00000
0.00000
0.00000
0.00000
0.00000
0.00000
0.00000
0.00000
0.00000
0.00000
0.00000
0.00000
0.00000
0.00000
0.00000
0.00000
0.00000
0.00000
0.00000
0.00000
0.00000
0.00000
0.00000
0.00000
0.00000
0.00000
0.00000
0.00000
0.00000
0.00000
0.00000
0.00000
0.00000
0.00000
0.00000
0.00000
0.00000
0.00000
0.00000
0.00000
0.00000
0.00000
0.00000
0.00000
0.00000
0.00000
0.00000
0.00000
0.00000
0.00000
0.00000
0.00000
0.00000
0.00000
0.00000
0.00000
0.00000
0.00000
0.00000
0.00000
0.00000
0.00000
0.00000
0.00000
0.00000
0.00000
0.00000
0.00000
0.00000
0.00000
0.00000
0.00000
0.00000
0.00000
0.00000
0.00000
0.00000
0.00000
0.00000
0.00000
0.00000
0.00000
0.00000
0.00000
0.00000
0.00000
0.00000
0.00000
0.00000
0.00000
0.00000
0.00000
0.00000
0.00000
0.00000
0.00000
0.00000
0.00000
0.00000
0.00000
0.00000
0.00000
0.00000
0.00000
0.00000
0.00000
0.00000
0.00000
0.00000
0.00000
0.00000
0.00000
0.00000
0.00000
0.00000
0.00000
0.00000
0.00000
0.00000
0.00000
0.00000
0.00000
0.00000
0.00000
0.00000
0.00000
0.00000
0.00000
0.00000
0.00000
0.00000
0.00000
0.00000
0.00000
0.00000
0.00000
0.00000
0.00000
0.00000
0.00000
0.00000
0.00000
0.00000
0.00000
0.00000
0.00000
0.00000
0.00000
0.00000
0.00000
0.00000
0.00000
0.00000
0.00000
0.00000
0.00000
0.00000
0.00000
0.00000
0.00000
0.00000
0.00000
0.00000
0.00000
0.00000
0.00000
0.00000
0.00000
0.00000
0.00000
0.00000
0.00000
0.00000
0.00000
0.00000
0.00000
0.00000
0.00000
0.00000
0.00000
0.00000
0.00000
0.00000
0.00000
0.00000
0.00000
0.00000
0.00000
0.00000
0.00000
0.00000
0.00000
0.00000
0.00000
0.00000
0.00000
0.00000
0.00000
0.00000
0.00000
0.00000
0.00000
0.00000
0.00000
0.00000
0.00000
0.00000
0.00000
0.00000
0.00000
0.00000
0.00000
0.00000
0.00000
0.00000
0.00000
0.00000
0.00000
0.00000
0.00000
0.00000
0.00000
0.00000
0.00000
0.00000
0.00000
0.00000
0.00000
0.00000
0.00000
0.00000
0.00000
0.00000
0.00000
0.00000
0.00000
0.00000
0.00000
0.00000
0.00000
0.00000
0.00000
0.00000
0.00000
0.00000
0.00000
0.00000
0.00000
0.00000
0.00000
0.00000
0.00000
0.00000
0.00000
0.00000
0.00000
0.00000
0.00000
0.00000
0.00000
0.00000
0.00000
0.00000
0.00000
0.00000
0.00000
0.00000
0.00000
0.00000
0.00000
0.00000
0.00000
0.00000
0.00000
0.00000
0.00000
0.00000
0.00000
0.00000
0.00000
0.00000
0.00000
0.00000
0.00000
0.00000
0.00000
0.00000
0.00000
0.00000
0.00000
0.00000
0.00000
0.00000
0.00000
0.00000
0.00000
0.00000
0.00000
0.00000
0.00000
0.00000
0.00000
0.00000
0.00000
0.00000
0.00000
0.00000
0.00000
0.00000
0.00000
0.00000
0.00000
0.00000
0.00000
0.00000
0.00000
0.00000
0.00000
0.00000
0.00000
0.00000
0.00000
0.00000
0.00000
0.00000
0.00000
0.00000
0.00000
0.00000
0.00000
0.00000
0.00000
0.00000
0.00000
0.00000
0.00000
0.00000
0.00000
0.00000
0.00000
0.00000
0.00000
0.00000
0.00000
0.00000
0.00000
0.00000
0.00000
0.00000
0.00000
0.00000
0.00000
0.00000
0.00000
0.00000
0.00000
0.00000
0.00000
0.00000
0.00000
0.00000
0.00000
0.00000
0.00000
0.00000
0.00000
0.00000
0.00000
0.00000
0.00000
0.00000
0.00000
0.00000
0.00000
0.00000
0.00000
0.00000
0.00000
0.00000
0.00000
0.00000
0.00000
0.00000
0.00000
0.00000
0.00000
0.00000
0.00000
0.00000
0.00000
0.00000
0.00000
0.00000
0.00000
0.00000
0.00000
0.00000
0.00000
0.00000
0.00000
0.00000
0.00000
0.00000
0.00000
0.00000
0.00000
0.00000
0.00000
0.00000
0.00000
0.00000
0.00000
0.00000
0.00000
0.00000
0.00000
0.00000
0.00000
0.00000
0.00000
0.00000
0.00000
0.00000
0.00000
0.00000
0.00000
0.00000
0.00000
0.00000
0.00000
0.00000
0.00000
0.00000
0.00000
0.00000
0.00000
0.00000
0.00000
0.00000
0.00000
0.00000
0.00000
0.00000
0.00000
0.00000
0.00000
0.00000
0.00000
0.00000
0.00000
0.00000
0.00000
0.00000
0.00000
0.00000
0.00000
0.00000
0.00000
0.00000
0.00000
0.00000
0.00000
0.00000
0.00000
0.00000
0.00000
0.00000
0.00000
0.00000
0.00000
0.00000
0.00000
0.00000
0.00000
0.00000
0.00000
0.00000
0.00000
0.00000
0.00000
0.00000
0.00000
0.00000
0.00000
0.00000
0.00000
0.00000
0.00000
0.00000
0.00000
0.00000
0.00000
0.00000
0.00000
0.00000
0.00000
0.00000
0.00000
0.00000
0.00000
0.00000
0.00000
0.00000
0.00000
0.00000
0.00000
0.00000
0.00000
0.00000
0.00000
0.00000
0.00000
0.00000
0.00000
0.00000
0.00000
0.00000
0.00000
0.00000
0.00000
0.00000
0.00000
0.00000
0.00000
0.00000
0.00000
0.00000
0.00000
0.00000
0.00000
0.00000
0.00000
0.00000
0.00000
0.00000
0.00000
0.00000
0.00000
0.00000
0.00000
0.00000
0.00000
0.00000
0.00000
0.00000
0.00000
0.00000
0.00000
0.00000
0.00000
0.00000
0.00000
0.00000
0.00000
0.00000
0.00000
0.00000
0.00000
0.00000
0.00000
0.00000
0.00000
0.00000
0.00000
0.00000
0.00000
0.00000
0.00000
0.00000
0.00000
0.00000
0.00000
0.00000
0.00000
0.00000
0.00000
0.00000
0.00000
0.00000
0.00000
0.00000
0.00000
0.00000
0.00000
0.00000
0.00000
0.00000
0.00000
0.00000
0.00000
0.00000
0.00000
0.00000
0.00000
0.00000
0.00000
0.00000
0.00000
0.00000
0.00000
0.00000
0.00000
0.00000
0.00000
0.00000
0.00000
0.00000
0.00000
0.00000
0.00000
0.00000
0.00000
0.00000
0.00000
0.00000
0.00000
0.00000
0.00000
0.00000
0.00000
0.00000
0.00000
0.00000
0.00000
38.41363
38.53063
38.53540
38.42447
38.52883
38.55840
38.39400
38.39593
38.49060
38.47310
38.47537
38.42243
38.29047
38.13457
38.12273
38.14340
38.11693
38.25317
38.22733
38.28797
38.32037
38.44850
38.52730
38.45390
38.34513
38.25700
38.31933
38.36930
38.35990
38.29260
38.26583
38.24093
38.07903
38.00633
38.09507
38.04497
38.04750
172.34177
188.35787
957.26190
683.10897
185.17863
184.58480
183.90413
185.62160
188.13197
186.44873
186.13637
187.22953
145.65967
117.74237
119.96390
117.33270
117.43580
116.80740
117.48543
117.78683
125.87567
119.91480
38.59320
38.54353
38.57843
38.73400
40.71010
38.66390
38.43523
38.34830
38.31717
38.57113
38.76020
38.53933
38.45303
38.49147
38.57467
38.63790
40.55187
39.04303
38.47153
38.34283
38.37803
38.40377
38.29050
38.27417
38.13320
38.12980
38.05233
38.38930
40.15160
39.10160
38.38217
38.28800
38.32213
38.36833
38.41853
38.40380
38.38403
38.76900
38.76240
38.72447
40.35827
39.68757
38.91117
38.86980
38.64267
38.59470
38.64710
38.84517
38.69877
38.66997
38.61513
38.75370
39.74313
39.62377
38.68100
38.76710
38.51963
38.91450
38.83167
38.67913
38.58703
38.66950
38.60687
38.60983
39.61840
39.43963
38.47667
38.83440
38.66593
38.64053
38.73100
38.62933
38.63333
38.69897
38.69390
38.82180
39.66253
39.91423
38.49207
38.71707
38.73840
38.90200
38.91703
38.91933
38.63627
38.91263
38.81810
39.03227
39.65667
40.37847
39.09860
38.80833
38.87793
38.60463
38.61903
38.98970
39.30573
38.64107
38.53483
38.51933
39.13153
40.40463
38.67317
38.66360
38.62850
38.62650
38.77723
38.73290
38.76557
38.74713
38.63917
38.72733
39.04483
40.64220
38.82913
38.87710
38.70537
38.67337
38.71397
38.57773
38.41187
38.35057
38.25503
38.19133
38.42200
40.49950
38.60160
38.55583
38.52663
38.34150
38.48123
38.64157
38.53107
38.68640
38.74613
38.61113
38.55753
40.74757
38.29260
38.36060
103.58393
119.07127
117.97740
117.69280
118.66630
118.87570
118.62630
118.48910
117.93587
117.80177
117.39717
116.67367
116.87470
116.95460
117.02190
117.20197
116.72273
119.09167
116.97120
117.56163
71.06660
38.39890
38.27760
38.22033
37.94183
38.30697
38.32120
38.50557
38.71483
38.54607
38.68263
39.02857
38.26333
38.40997
38.47147
38.45437
38.46237
38.54683
38.52983
38.13423
37.94730
38.02627
38.20950
38.34363
38.19130
38.43367
38.47267
38.49677
38.56893
38.53950
38.41790
38.44057
38.40160
38.36393
38.33720
38.17313
38.24293
38.29010
38.35277
38.22113
38.24727
38.35147
38.45640
38.46227
38.44703
38.37277
38.36223
38.30173
38.39513
38.34940
38.18367
38.22937
38.32020
38.53760
38.58377
38.64797
38.59667
38.58447
38.50790
38.51800
38.52900
38.49827
38.43833
38.45487
38.26363
38.09780
38.11510
38.22160
38.29433
38.29180
38.27410
38.13807
38.17303
38.38250
38.22893
38.19063
38.20013
38.20703
38.29243
38.26693
38.12727
38.13820
38.18870
38.28003
38.41150
38.41823
38.44400
38.39157
38.41230
38.35697
38.18917
38.21933
38.27430
38.34497
38.41813
38.27847
38.20870
38.24640
38.48397
38.57127
38.48450
38.48543
38.27890
38.23327
38.24397
38.51047
38.38227
38.35953
38.33953
38.02970
112.21350
184.99827
185.16207
187.65920
186.59637
185.10253
183.45093
127.86023
125.54007
126.81503
126.30377
125.87543
125.46017
124.57283
72.61653
40.59877
38.30273
38.42263
38.52740
38.59317
38.66447
38.58917
38.99370
38.88193
38.84940
38.86253
38.95750
41.30197
38.88567
38.88080
38.69750
38.80630
38.55940
38.68380
38.81307
38.69307
39.13347
38.81847
38.79693
41.08577
38.94240
38.63020
38.66437
38.59953
38.46630
38.34723
38.32307
38.49570
38.58107
38.54180
38.61113
40.53340
38.98197
38.55763
38.63613
38.62963
38.61562
38.70894
38.53120
38.34870
38.46707
38.55260
38.62763
40.33227
38.93687
38.36680
38.63503
38.72337
38.77480
38.80137
38.79137
38.60687
38.59530
38.39003
38.34787
39.95776
39.12857
38.37710
38.40703
38.47207
38.63430
38.72640
38.68970
38.56163
38.60990
38.57127
38.53857
40.03753
39.56380
38.70837
38.52330
38.63597
38.65173
38.67413
38.66730
38.54983
38.49193
38.45697
38.44170
39.76993
39.55923
38.50910
38.49203
38.46260
38.39743
38.49107
38.54190
38.65997
38.74523
38.86783
38.81223
39.88513
39.96223
38.74277
38.89367
38.86060
38.89890
38.70293
38.59450
38.73490
39.01013
38.87723
38.81307
39.75370
40.45173
38.93723
38.85890
38.82047
39.01033
38.94129
39.00010
38.92323
38.82020
38.74767
0.00000
0.00000
0.00000
0.00000
0.00000
0.00000
0.00000
0.00000
0.00000
0.00000
0.00000
0.00000
0.00000
0.00000
0.00000
0.00000
0.00000
0.00000
0.00000
0.00000
0.00000
0.00000
0.00000
0.00000
0.00000
0.00000
0.00000
0.00000
38.61289
38.54600
38.49773
38.35447
38.33873
38.33793
38.25327
38.43213
38.48493
38.65863
40.54610
38.22630
38.43527
38.48970
38.26333
38.28190
38.66027
38.56290
38.59213
111.43877
117.58477
116.71573
120.34040
118.68953
118.74513
118.61123
118.62800
118.25970
117.62037
116.28540
52.40350
38.43517
38.42953
38.67250
38.63793
38.81950
38.70053
38.56647
38.59743
38.55367
38.60713
38.49147
38.42520
38.39560
38.40607
38.67810
38.79860
38.73070
38.66233
38.59873
38.45843
38.43157
38.53140
38.49473
38.54260
38.69710
38.56023
38.40237
38.40343
38.46543
38.61777
38.61887
38.60067
38.73797
38.70567
38.75753
38.78283
38.89750
38.88897
38.69967
38.53763
38.57700
38.56627
38.48030
38.73287
38.73737
38.70870
38.57897
38.67950
38.76637
38.55973
38.55170
38.53117
38.54183
38.77637
38.61137
38.49193
38.48957
38.48907
38.37137
38.46180
38.54533
38.46527
38.55180
38.48317
38.51513
38.59927
38.63727
38.62917
38.59477
38.33337
38.23107
38.06783
38.17983
38.41153
38.74100
38.55523
38.36927
38.22238
0.00000
0.00000
0.00000
0.00000
0.00000
0.00000
0.00000
0.00000
0.00000
0.00000
0.00000
0.00000
0.00000
0.00000
0.00000
0.00000
0.00000
0.00000
0.00000
0.00000
0.00000
0.00000
0.00000
0.00000
0.00000
0.00000
0.00000
0.00000
0.00000
0.00000
0.00000
0.00000
0.00000
0.00000
0.00000
0.00000
0.00000
0.00000
0.00000
0.00000
0.00000
0.00000
0.00000
0.00000
0.00000
0.00000
0.00000
0.00000
0.00000
0.00000
0.00000
0.00000
0.00000
0.00000
0.00000
0.00000
0.00000
0.00000
0.00000
0.00000
0.00000
0.00000
0.00000
0.00000
0.00000
0.00000
0.00000
0.00000
0.00000
0.00000
0.00000
0.00000
0.00000
0.00000
0.00000
0.00000
0.00000
0.00000
0.00000
0.00000
0.00000
0.00000
0.00000
0.00000
0.00000
0.00000
0.00000
0.00000
0.00000
0.00000
0.00000
0.00000
0.00000
0.00000
0.00000
0.00000
0.00000
0.00000
0.00000
0.00000
0.00000
0.00000
0.00000
0.00000
0.00000
0.00000
0.00000
0.00000
0.00000
0.00000
0.00000
0.00000
0.00000
0.00000
0.00000
0.00000
0.00000
0.00000
0.00000
0.00000
0.00000
0.00000
0.00000
0.00000
0.00000
0.00000
0.00000
0.00000
0.00000
0.00000
0.00000
0.00000
0.00000
0.00000
0.00000
0.00000
0.00000
0.00000
0.00000
0.00000
0.00000
0.00000
0.00000
0.00000
0.00000
0.00000
0.00000
0.00000
0.00000
0.00000
0.00000
0.00000
0.00000
0.00000
0.00000
0.00000
0.00000
0.00000
0.00000
0.00000
0.00000
0.00000
0.00000
0.00000
0.00000
0.00000
0.00000
0.00000
0.00000
0.00000
0.00000
0.00000
0.00000
0.00000
0.00000
0.00000
0.00000
0.00000
0.00000
0.00000
0.00000
0.00000
0.00000
0.00000
0.00000
0.00000
0.00000
0.00000
0.00000
0.00000
0.00000
0.00000
0.00000
0.00000
0.00000
0.00000
0.00000
0.00000
0.00000
0.00000
0.00000
0.00000
0.00000
0.00000
0.00000
0.00000
0.00000
0.00000
0.00000
0.00000
0.00000
0.00000
0.00000
0.00000
0.00000
0.00000
0.00000
0.00000
0.00000
0.00000
0.00000
0.00000
0.00000
0.00000
0.00000
0.00000
0.00000
0.00000
0.00000
0.00000
0.00000
0.00000
0.00000
0.00000
0.00000
0.00000
0.00000
0.00000
0.00000
0.00000
0.00000
0.00000
0.00000
0.00000
0.00000
0.00000
0.00000
0.00000
0.00000
0.00000
0.00000
0.00000
0.00000
0.00000
0.00000
0.00000
0.00000
0.00000
0.00000
0.00000
0.00000
0.00000
0.00000
0.00000
0.00000
0.00000
0.00000
0.00000
0.00000
0.00000
0.00000
0.00000
0.00000
0.00000
0.00000
0.00000
0.00000
0.00000
0.00000
0.00000
0.00000
0.00000
0.00000
0.00000
0.00000
0.00000
0.00000
0.00000
0.00000
0.00000
0.00000
0.00000
0.00000
0.00000
0.00000
0.00000
0.00000
0.00000
0.00000
0.00000
0.00000
0.00000
0.00000
0.00000
0.00000
0.00000
0.00000
0.00000
0.00000
0.00000
0.00000
0.00000
0.00000
0.00000
0.00000
0.00000
0.00000
0.00000
0.00000
0.00000
0.00000
0.00000
0.00000
0.00000
0.00000
0.00000
0.00000
0.00000
0.00000
0.00000
0.00000
0.00000
0.00000
0.00000
0.00000
0.00000
0.00000
0.00000
0.00000
0.00000
0.00000
0.00000
0.00000
0.00000
0.00000
0.00000
0.00000
0.00000
0.00000
0.00000
0.00000
0.00000
0.00000
0.00000
0.00000
0.00000
0.00000
0.00000
0.00000
0.00000
0.00000
0.00000
0.00000
0.00000
0.00000
0.00000
0.00000
0.00000
0.00000
0.00000
0.00000
0.00000
0.00000
0.00000
0.00000
0.00000
0.00000
0.00000
0.00000
0.00000
0.00000
0.00000
0.00000
0.00000
0.00000
0.00000
0.00000
0.00000
0.00000
0.00000
0.00000
0.00000
0.00000
0.00000
0.00000
0.00000
0.00000
0.00000
0.00000
0.00000
0.00000
0.00000
0.00000
0.00000
0.00000
0.00000
0.00000
0.00000
0.00000
0.00000
0.00000
0.00000
0.00000
0.00000
0.00000
0.00000
0.00000
0.00000
0.00000
0.00000
0.00000
0.00000
0.00000
0.00000
0.00000
0.00000
0.00000
0.00000
0.00000
0.00000
0.00000
0.00000
0.00000
0.00000
0.00000
0.00000
0.00000
0.00000
0.00000
0.00000
0.00000
0.00000
0.00000
0.00000
0.00000
0.00000
0.00000
0.00000
0.00000
0.00000
0.00000
0.00000
0.00000
0.00000
0.00000
0.00000
0.00000
0.00000
0.00000
0.00000
0.00000
0.00000
0.00000
0.00000
0.00000
0.00000
0.00000
0.00000
0.00000
0.00000
0.00000
0.00000
0.00000
0.00000
0.00000
0.00000
0.00000
0.00000
0.00000
0.00000
0.00000
0.00000
0.00000
0.00000
0.00000
0.00000
0.00000
0.00000
0.00000
0.00000
0.00000
0.00000
0.00000
0.00000
0.00000
0.00000
0.00000
0.00000
0.00000
0.00000
0.00000
0.00000
0.00000
0.00000
0.00000
0.00000
0.00000
0.00000
0.00000
0.00000
0.00000
0.00000
0.00000
0.00000
0.00000
0.00000
0.00000
0.00000
0.00000
0.00000
0.00000
0.00000
0.00000
0.00000
0.00000
0.00000
0.00000
0.00000
0.00000
0.00000
0.00000
0.00000
0.00000
0.00000
0.00000
0.00000
0.00000
0.00000
0.00000
0.00000
0.00000
0.00000
0.00000
0.00000
0.00000
0.00000
0.00000
0.00000
0.00000
0.00000
0.00000
0.00000
0.00000
0.00000
0.00000
0.00000
0.00000
0.00000
0.00000
0.00000
0.00000
0.00000
0.00000
0.00000
0.00000
0.00000
0.00000
0.00000
0.00000
0.00000
0.00000
0.00000
0.00000
0.00000
0.00000
0.00000
0.00000
0.00000
0.00000
0.00000
0.00000
0.00000
0.00000
0.00000
0.00000
0.00000
0.00000
0.00000
0.00000
0.00000
0.00000
0.00000
0.00000
0.00000
0.00000
0.00000
0.00000
0.00000
0.00000
0.00000
0.00000
0.00000
0.00000
0.00000
0.00000
0.00000
0.00000
0.00000
0.00000
0.00000
0.00000
0.00000
0.00000
0.00000
0.00000
0.00000
0.00000
0.00000
0.00000
0.00000
0.00000
0.00000
0.00000
0.00000
0.00000
0.00000
0.00000
0.00000
0.00000
0.00000
0.00000
0.00000
0.00000
0.00000
0.00000
0.00000
0.00000
0.00000
0.00000
0.00000
0.00000
0.00000
0.00000
0.00000
0.00000
0.00000
0.00000
0.00000
0.00000
0.00000
0.00000
0.00000
0.00000
0.00000
0.00000
0.00000
0.00000
0.00000
0.00000
0.00000
0.00000
0.00000
0.00000
0.00000
0.00000
0.00000
0.00000
0.00000
0.00000
0.00000
0.00000
0.00000
0.00000
0.00000
0.00000
0.00000
0.00000
0.00000
0.00000
0.00000
0.00000
0.00000
0.00000
0.00000
0.00000
0.00000
0.00000
0.00000
0.00000
0.00000
0.00000
0.00000
0.00000
0.00000
0.00000
0.00000
0.00000
0.00000
0.00000
0.00000
0.00000
0.00000
0.00000
0.00000
0.00000
0.00000
0.00000
0.00000
0.00000
0.00000
0.00000
0.00000
0.00000
0.00000
0.00000
0.00000
0.00000
0.00000
0.00000
0.00000
0.00000
0.00000
0.00000
0.00000
0.00000
0.00000
0.00000
0.00000
0.00000
0.00000
0.00000
0.00000
0.00000
0.00000
0.00000
0.00000
0.00000
0.00000
0.00000
0.00000
0.00000
0.00000
0.00000
0.00000
0.00000
0.00000
0.00000
0.00000
0.00000
0.00000
0.00000
0.00000
0.00000
0.00000
0.00000
0.00000
0.00000
0.00000
0.00000
0.00000
0.00000
0.00000
0.00000
0.00000
0.00000
0.00000
0.00000
0.00000
0.00000
0.00000
0.00000
0.00000
0.00000
0.00000
0.00000
0.00000
0.00000
0.00000
0.00000
0.00000
0.00000
0.00000
0.00000
0.00000
0.00000
0.00000
0.00000
0.00000
0.00000
0.00000
0.00000
0.00000
0.00000
0.00000
0.00000
0.00000
0.00000
0.00000
0.00000
0.00000
0.00000
0.00000
0.00000
0.00000
0.00000
0.00000
0.00000
0.00000
0.00000
0.00000
0.00000
0.00000
0.00000
0.00000
0.00000
0.00000
0.00000
0.00000
0.00000
0.00000
0.00000
0.00000
0.00000
0.00000
0.00000
0.00000
0.00000
0.00000
0.00000
0.00000
0.00000
0.00000
0.00000
0.00000
0.00000
0.00000
0.00000
0.00000
0.00000
0.00000
0.00000
0.00000
0.00000
0.00000
0.00000
0.00000
0.00000
0.00000
0.00000
0.00000
0.00000
0.00000
0.00000
0.00000
0.00000
0.00000
0.00000
0.00000
0.00000
0.00000
0.00000
0.00000
0.00000
0.00000
0.00000
0.00000
0.00000
0.00000
0.00000
0.00000
0.00000
0.00000
0.00000
0.00000
0.00000
0.00000
0.00000
0.00000
0.00000
0.00000
0.00000
0.00000
0.00000
0.00000
0.00000
0.00000
0.00000
0.00000
0.00000
0.00000
0.00000
0.00000
0.00000
0.00000
0.00000
0.00000
0.00000
0.00000
0.00000
0.00000
0.00000
0.00000
0.00000
0.00000
0.00000
0.00000
0.00000
0.00000
0.00000
0.00000
0.00000
0.00000
0.00000
0.00000
0.00000
0.00000
0.00000
0.00000
0.00000
0.00000
0.00000
0.00000
0.00000
0.00000
0.00000
0.00000
0.00000
0.00000
0.00000
0.00000
0.00000
0.00000
0.00000
0.00000
0.00000
0.00000
0.00000
0.00000
0.00000
0.00000
0.00000
0.00000
0.00000
0.00000
0.00000
0.00000
0.00000
0.00000
0.00000
0.00000
0.00000
0.00000
0.00000
0.00000
0.00000
0.00000
0.00000
0.00000
0.00000
0.00000
0.00000
0.00000
0.00000
0.00000
0.00000
0.00000
0.00000
0.00000
0.00000
0.00000
0.00000
0.00000
0.00000
0.00000
0.00000
0.00000
0.00000
0.00000
0.00000
0.00000
0.00000
0.00000
0.00000
0.00000
0.00000
0.00000
0.00000
0.00000
0.00000
0.00000
0.00000
0.00000
0.00000
0.00000
0.00000
0.00000
0.00000
0.00000
0.00000
0.00000
0.00000
0.00000
0.00000
0.00000
0.00000
0.00000
0.00000
0.00000
0.00000
0.00000
0.00000
0.00000
0.00000
0.00000
0.00000
0.00000
0.00000
0.00000
0.00000
0.00000
0.00000
0.00000
0.00000
0.00000
0.00000
0.00000
0.00000
0.00000
0.00000
0.00000
0.00000
0.00000
0.00000
0.00000
0.00000
0.00000
0.00000
0.00000
0.00000
0.00000
0.00000
0.00000
0.00000
0.00000
0.00000
0.00000
0.00000
0.00000
0.00000
0.00000
0.00000
0.00000
0.00000
0.00000
0.00000
0.00000
0.00000
0.00000
0.00000
0.00000
0.00000
0.00000
0.00000
0.00000
0.00000
0.00000
0.00000
0.00000
0.00000
0.00000
0.00000
0.00000
0.00000
0.00000
0.00000
0.00000
0.00000
0.00000
0.00000
0.00000
0.00000
0.00000
0.00000
0.00000
0.00000
0.00000
0.00000
0.00000
0.00000
0.00000
0.00000
0.00000
0.00000
0.00000
0.00000
0.00000
0.00000
0.00000
0.00000
0.00000
0.00000
0.00000
0.00000
0.00000
0.00000
0.00000
0.00000
0.00000
0.00000
0.00000
0.00000
0.00000
0.00000
0.00000
0.00000
0.00000
0.00000
0.00000
0.00000
0.00000
0.00000
0.00000
0.00000
0.00000
0.00000
0.00000
0.00000
0.00000
0.00000
0.00000
0.00000
0.00000
0.00000
0.00000
0.00000
0.00000
0.00000
0.00000
0.00000
0.00000
0.00000
0.00000
0.00000
0.00000
0.00000
0.00000
0.00000
0.00000
0.00000
0.00000
0.00000
0.00000
0.00000
0.00000
0.00000
0.00000
0.00000
0.00000
0.00000
0.00000
0.00000
0.00000
0.00000
0.00000
0.00000
0.00000
0.00000
0.00000
0.00000
0.00000
0.00000
0.00000
0.00000
0.00000
0.00000
0.00000
0.00000
0.00000
0.00000
0.00000
0.00000
0.00000
0.00000
0.00000
0.00000
0.00000
0.00000
0.00000
0.00000
0.00000
0.00000
0.00000
0.00000
0.00000
0.00000
0.00000
0.00000
0.00000
0.00000
0.00000
0.00000
0.00000
0.00000
0.00000
0.00000
0.00000
0.00000
0.00000
0.00000
0.00000
0.00000
0.00000
0.00000
0.00000
0.00000
0.00000
0.00000
0.00000
0.00000
0.00000
0.00000
0.00000
0.00000
0.00000
0.00000
0.00000
0.00000
0.00000
0.00000
0.00000
0.00000
0.00000
0.00000
0.00000
0.00000
0.00000
0.00000
0.00000
0.00000
0.00000
0.00000
0.00000
0.00000
0.00000
0.00000
0.00000
0.00000
0.00000
0.00000
0.00000
0.00000
0.00000
0.00000
0.00000
0.00000
0.00000
0.00000
0.00000
0.00000
0.00000
0.00000
0.00000
0.00000
0.00000
0.00000
0.00000
0.00000
0.00000
0.00000
0.00000
0.00000
0.00000
0.00000
0.00000
0.00000
0.00000
0.00000
0.00000
0.00000
0.00000
0.00000
0.00000
0.00000
0.00000
0.00000
0.00000
0.00000
0.00000
0.00000
0.00000
0.00000
0.00000
0.00000
0.00000
0.00000
0.00000
0.00000
0.00000
0.00000
0.00000
0.00000
0.00000
0.00000
0.00000
0.00000
0.00000
0.00000
0.00000
0.00000
0.00000
0.00000
0.00000
0.00000
0.00000
0.00000
0.00000
0.00000
0.00000
0.00000
0.00000
0.00000
0.00000
0.00000
0.00000
0.00000
0.00000
0.00000
0.00000
0.00000
0.00000
0.00000
0.00000
0.00000
0.00000
0.00000
0.00000
0.00000
0.00000
0.00000
0.00000
0.00000
0.00000
0.00000
0.00000
0.00000
0.00000
0.00000
0.00000
0.00000
0.00000
0.00000
0.00000
0.00000
0.00000
0.00000
0.00000
0.00000
0.00000
0.00000
0.00000
0.00000
0.00000
0.00000
0.00000
0.00000
0.00000
0.00000
0.00000
0.00000
0.00000
0.00000
0.00000
0.00000
0.00000
0.00000
0.00000
0.00000
0.00000
0.00000
0.00000
0.00000
0.00000
0.00000
0.00000
0.00000
0.00000
0.00000
0.00000
0.00000
0.00000
0.00000
0.00000
0.00000
0.00000
0.00000
0.00000
0.00000
0.00000
0.00000
0.00000
0.00000
0.00000
0.00000
0.00000
0.00000
0.00000
0.00000
0.00000
0.00000
0.00000
0.00000
0.00000
0.00000
0.00000
0.00000
0.00000
0.00000
0.00000
0.00000
0.00000
0.00000
0.00000
0.00000
0.00000
0.00000
0.00000
0.00000
0.00000
0.00000
0.00000
0.00000
0.00000
0.00000
0.00000
0.00000
0.00000
0.00000
0.00000
0.00000
0.00000
0.00000
0.00000
0.00000
0.00000
0.00000
0.00000
0.00000
0.00000
0.00000
0.00000
0.00000
0.00000
0.00000
0.00000
0.00000
0.00000
0.00000
0.00000
0.00000
0.00000
0.00000
0.00000
0.00000
0.00000
0.00000
0.00000
0.00000
0.00000
0.00000
0.00000
0.00000
0.00000
0.00000
0.00000
0.00000
0.00000
0.00000
0.00000
0.00000
0.00000
0.00000
0.00000
0.00000
0.00000
0.00000
0.00000
0.00000
0.00000
0.00000
0.00000
0.00000
0.00000
0.00000
0.00000
0.00000
0.00000
0.00000
0.00000
0.00000
0.00000
0.00000
0.00000
0.00000
0.00000
0.00000
0.00000
0.00000
0.00000
0.00000
0.00000
0.00000
0.00000
0.00000
0.00000
0.00000
0.00000
0.00000
0.00000
0.00000
0.00000
0.00000
0.00000
0.00000
0.00000
0.00000
0.00000
0.00000
0.00000
0.00000
0.00000
0.00000
0.00000
0.00000
0.00000
0.00000
0.00000
0.00000
0.00000
0.00000
0.00000
0.00000
0.00000
0.00000
0.00000
0.00000
0.00000
0.00000
0.00000
0.00000
0.00000
0.00000
0.00000
0.00000
0.00000
0.00000
0.00000
0.00000
0.00000
0.00000
0.00000
0.00000
0.00000
0.00000
0.00000
0.00000
0.00000
0.00000
0.00000
0.00000
0.00000
0.00000
0.00000
0.00000
0.00000
0.00000
0.00000
0.00000
0.00000
0.00000
0.00000
0.00000
0.00000
0.00000
0.00000
0.00000
0.00000
0.00000
0.00000
0.00000
0.00000
0.00000
0.00000
0.00000
0.00000
0.00000
0.00000
0.00000
0.00000
0.00000
0.00000
0.00000
0.00000
0.00000
0.00000
0.00000
0.00000
0.00000
0.00000
0.00000
0.00000
0.00000
0.00000
0.00000
0.00000
0.00000
0.00000
0.00000
0.00000
0.00000
0.00000
0.00000
0.00000
0.00000
0.00000
0.00000
0.00000
0.00000
0.00000
0.00000
0.00000
0.00000
0.00000
0.00000
0.00000
0.00000
0.00000
0.00000
0.00000
0.00000
0.00000
0.00000
0.00000
0.00000
0.00000
0.00000
0.00000
0.00000
0.00000
0.00000
0.00000
0.00000
0.00000
0.00000
0.00000
0.00000
0.00000
0.00000
0.00000
0.00000
0.00000
0.00000
0.00000
0.00000
0.00000
0.00000
0.00000
0.00000
0.00000
0.00000
0.00000
0.00000
0.00000
0.00000
0.00000
0.00000
0.00000
0.00000
0.00000
0.00000
0.00000
0.00000
0.00000
0.00000
0.00000
0.00000
0.00000
0.00000
0.00000
0.00000
0.00000
0.00000
0.00000
0.00000
0.00000
0.00000
0.00000
0.00000
0.00000
0.00000
0.00000
0.00000
0.00000
0.00000
0.00000
0.00000
0.00000
0.00000
0.00000
0.00000
0.00000
0.00000
0.00000
0.00000
0.00000
0.00000
0.00000
0.00000
0.00000
0.00000
0.00000
0.00000
0.00000
0.00000
0.00000
0.00000
0.00000
0.00000
0.00000
0.00000
0.00000
0.00000
0.00000
0.00000
0.00000
0.00000
0.00000
0.00000
0.00000
0.00000
0.00000
0.00000
0.00000
0.00000
0.00000
0.00000
0.00000
0.00000
0.00000
0.00000
0.00000
0.00000
0.00000
0.00000
0.00000
0.00000
0.00000
0.00000
0.00000
0.00000
0.00000
0.00000
0.00000
0.00000
0.00000
0.00000
0.00000
0.00000
0.00000
0.00000
0.00000
0.00000
0.00000
0.00000
0.00000
0.00000
0.00000
0.00000
0.00000
0.00000
0.00000
0.00000
0.00000
0.00000
0.00000
0.00000
0.00000
0.00000
0.00000
0.00000
0.00000
0.00000
0.00000
0.00000
0.00000
0.00000
0.00000
0.00000
0.00000
0.00000
0.00000
0.00000
0.00000
0.00000
0.00000
0.00000
0.00000
0.00000
0.00000
0.00000
0.00000
0.00000
0.00000
0.00000
0.00000
0.00000
0.00000
0.00000
0.00000
0.00000
0.00000
0.00000
0.00000
0.00000
0.00000
0.00000
0.00000
0.00000
0.00000
0.00000
0.00000
0.00000
0.00000
0.00000
0.00000
0.00000
0.00000
0.00000
0.00000
0.00000
0.00000
0.00000
0.00000
0.00000
0.00000
0.00000
0.00000
0.00000
0.00000
0.00000
0.00000
0.00000
0.00000
0.00000
0.00000
0.00000
0.00000
0.00000
0.00000
0.00000
0.00000
0.00000
0.00000
0.00000
0.00000
0.00000
0.00000
0.00000
0.00000
0.00000
0.00000
0.00000
0.00000
0.00000
0.00000
0.00000
0.00000
0.00000
0.00000
0.00000
0.00000
0.00000
0.00000
0.00000
0.00000
0.00000
0.00000
0.00000
0.00000
0.00000
0.00000
0.00000
0.00000
0.00000
0.00000
0.00000
0.00000
0.00000
0.00000
0.00000
0.00000
0.00000
0.00000
0.00000
0.00000
0.00000
0.00000
0.00000
0.00000
0.00000
0.00000
0.00000
0.00000
0.00000
0.00000
0.00000
0.00000
0.00000
0.00000
0.00000
0.00000
0.00000
0.00000
0.00000
0.00000
0.00000
0.00000
0.00000
0.00000
0.00000
0.00000
0.00000
0.00000
0.00000
0.00000
0.00000
0.00000
0.00000
0.00000
0.00000
0.00000
0.00000
0.00000
0.00000
0.00000
0.00000
0.00000
0.00000
0.00000
0.00000
0.00000
0.00000
0.00000
0.00000
0.00000
0.00000
0.00000
0.00000
0.00000
0.00000
0.00000
0.00000
0.00000
0.00000
0.00000
0.00000
0.00000
0.00000
0.00000
0.00000
0.00000
0.00000
0.00000
0.00000
0.00000
0.00000
0.00000
0.00000
0.00000
0.00000
0.00000
0.00000
0.00000
0.00000
0.00000
0.00000
0.00000
0.00000
0.00000
0.00000
0.00000
0.00000
0.00000
0.00000
0.00000
0.00000
0.00000
0.00000
0.00000
0.00000
0.00000
0.00000
0.00000
0.00000
0.00000
0.00000
0.00000
0.00000
0.00000
0.00000
0.00000
0.00000
0.00000
0.00000
0.00000
0.00000
0.00000
0.00000
0.00000
0.00000
0.00000
0.00000
0.00000
0.00000
0.00000
0.00000
0.00000
0.00000
0.00000
0.00000
0.00000
0.00000
0.00000
0.00000
0.00000
0.00000
0.00000
0.00000
0.00000
0.00000
0.00000
0.00000
0.00000
0.00000
0.00000
0.00000
0.00000
0.00000
0.00000
0.00000
0.00000
0.00000
0.00000
0.00000
0.00000
0.00000
0.00000
0.00000
0.00000
0.00000
0.00000
0.00000
0.00000
0.00000
0.00000
0.00000
0.00000
0.00000
0.00000
0.00000
0.00000
0.00000
0.00000
0.00000
0.00000
0.00000
0.00000
0.00000
0.00000
0.00000
0.00000
0.00000
0.00000
0.00000
0.00000
0.00000
0.00000
0.00000
0.00000
0.00000
0.00000
0.00000
0.00000
0.00000
0.00000
0.00000
0.00000
0.00000
0.00000
0.00000
0.00000
0.00000
0.00000
0.00000
0.00000
0.00000
0.00000
0.00000
0.00000
0.00000
0.00000
0.00000
0.00000
0.00000
0.00000
0.00000
0.00000
0.00000
0.00000
0.00000
0.00000
0.00000
0.00000
0.00000
0.00000
0.00000
0.00000
0.00000
0.00000
0.00000
0.00000
0.00000
0.00000
0.00000
0.00000
0.00000
0.00000
0.00000
0.00000
0.00000
0.00000
0.00000
0.00000
0.00000
0.00000
0.00000
0.00000
0.00000
0.00000
0.00000
0.00000
0.00000
0.00000
0.00000
0.00000
0.00000
0.00000
0.00000
0.00000
0.00000
0.00000
0.00000
0.00000
0.00000
0.00000
0.00000
0.00000
0.00000
0.00000
0.00000
0.00000
0.00000
0.00000
0.00000
0.00000
0.00000
0.00000
0.00000
0.00000
0.00000
0.00000
0.00000
0.00000
0.00000
0.00000
0.00000
0.00000
0.00000
0.00000
0.00000
0.00000
0.00000
0.00000
0.00000
0.00000
0.00000
0.00000
0.00000
0.00000
0.00000
0.00000
0.00000
0.00000
0.00000
0.00000
0.00000
0.00000
0.00000
0.00000
0.00000
0.00000
0.00000
0.00000
0.00000
0.00000
0.00000
0.00000
0.00000
0.00000
0.00000
0.00000
0.00000
0.00000
0.00000
0.00000
0.00000
0.00000
0.00000
0.00000
0.00000
0.00000
0.00000
0.00000
0.00000
0.00000
0.00000
0.00000
0.00000
0.00000
0.00000
0.00000
0.00000
0.00000
0.00000
0.00000
0.00000
0.00000
0.00000
0.00000
0.00000
0.00000
0.00000
0.00000
0.00000
0.00000
0.00000
0.00000
0.00000
0.00000
0.00000
0.00000
0.00000
0.00000
0.00000
0.00000
0.00000
0.00000
0.00000
0.00000
0.00000
0.00000
0.00000
0.00000
0.00000
0.00000
0.00000
0.00000
0.00000
0.00000
0.00000
0.00000
0.00000
0.00000
0.00000
0.00000
0.00000
0.00000
0.00000
0.00000
0.00000
0.00000
0.00000
0.00000
0.00000
0.00000
0.00000
0.00000
0.00000
0.00000
0.00000
0.00000
0.00000
0.00000
0.00000
0.00000
0.00000
0.00000
0.00000
0.00000
0.00000
0.00000
0.00000
0.00000
0.00000
0.00000
0.00000
0.00000
0.00000
0.00000
0.00000
0.00000
0.00000
0.00000
0.00000
0.00000
0.00000
0.00000
0.00000
0.00000
0.00000
0.00000
0.00000
0.00000
0.00000
0.00000
0.00000
0.00000
0.00000
0.00000
0.00000
0.00000
0.00000
0.00000
0.00000
0.00000
0.00000
0.00000
0.00000
0.00000
0.00000
0.00000
0.00000
0.00000
0.00000
0.00000
0.00000
0.00000
0.00000
0.00000
0.00000
0.00000
0.00000
0.00000
0.00000
0.00000
0.00000
0.00000
0.00000
0.00000
0.00000
0.00000
0.00000
0.00000
0.00000
0.00000
0.00000
0.00000
0.00000
0.00000
0.00000
0.00000
0.00000
0.00000
0.00000
0.00000
0.00000
0.00000
0.00000
0.00000
0.00000
0.00000
0.00000
0.00000
0.00000
0.00000
0.00000
0.00000
0.00000
0.00000
0.00000
0.00000
0.00000
0.00000
0.00000
0.00000
0.00000
0.00000
0.00000
0.00000
0.00000
0.00000
0.00000
0.00000
0.00000
0.00000
0.00000
0.00000
0.00000
0.00000
0.00000
0.00000
0.00000
0.00000
0.00000
0.00000
0.00000
0.00000
0.00000
0.00000
0.00000
0.00000
0.00000
0.00000
0.00000
0.00000
0.00000
0.00000
0.00000
0.00000
0.00000
0.00000
0.00000
0.00000
0.00000
0.00000
0.00000
0.00000
0.00000
0.00000
0.00000
0.00000
0.00000
0.00000
0.00000
0.00000
0.00000
0.00000
0.00000
0.00000
0.00000
0.00000
0.00000
0.00000
0.00000
0.00000
0.00000
0.00000
0.00000
0.00000
0.00000
0.00000
0.00000
0.00000
0.00000
0.00000
0.00000
0.00000
0.00000
0.00000
0.00000
0.00000
0.00000
0.00000
0.00000
0.00000
0.00000
0.00000
0.00000
0.00000
0.00000
0.00000
0.00000
0.00000
0.00000
0.00000
0.00000
0.00000
0.00000
0.00000
0.00000
0.00000
0.00000
0.00000
0.00000
0.00000
0.00000
0.00000
0.00000
0.00000
0.00000
0.00000
0.00000
0.00000
0.00000
0.00000
0.00000
0.00000
0.00000
0.00000
0.00000
0.00000
0.00000
0.00000
0.00000
0.00000
0.00000
0.00000
0.00000
0.00000
0.00000
0.00000
0.00000
0.00000
0.00000
0.00000
0.00000
0.00000
0.00000
0.00000
0.00000
0.00000
0.00000
0.00000
0.00000
0.00000
0.00000
0.00000
0.00000
0.00000
0.00000
0.00000
0.00000
0.00000
0.00000
0.00000
0.00000
0.00000
0.00000
0.00000
0.00000
0.00000
0.00000
0.00000
0.00000
0.00000
0.00000
0.00000
0.00000
0.00000
0.00000
0.00000
0.00000
0.00000
0.00000
0.00000
0.00000
0.00000
0.00000
0.00000
0.00000
0.00000
0.00000
0.00000
0.00000
0.00000
0.00000
0.00000
0.00000
0.00000
0.00000
0.00000
0.00000
0.00000
0.00000
0.00000
0.00000
0.00000
0.00000
0.00000
0.00000
0.00000
0.00000
0.00000
0.00000
0.00000
0.00000
0.00000
0.00000
0.00000
0.00000
0.00000
0.00000
0.00000
0.00000
0.00000
0.00000
0.00000
0.00000
0.00000
0.00000
0.00000
0.00000
0.00000
0.00000
0.00000
0.00000
0.00000
0.00000
0.00000
0.00000
0.00000
0.00000
0.00000
0.00000
0.00000
0.00000
0.00000
0.00000
0.00000
0.00000
0.00000
0.00000
0.00000
0.00000
0.00000
0.00000
0.00000
0.00000
0.00000
0.00000
0.00000
0.00000
0.00000
0.00000
0.00000
0.00000
0.00000
0.00000
0.00000
0.00000
0.00000
0.00000
0.00000
0.00000
0.00000
0.00000
0.00000
0.00000
0.00000
0.00000
0.00000
0.00000
0.00000
0.00000
0.00000
0.00000
0.00000
0.00000
0.00000
0.00000
0.00000
0.00000
0.00000
0.00000
0.00000
0.00000
0.00000
0.00000
0.00000
0.00000
0.00000
0.00000
0.00000
0.00000
0.00000
0.00000
0.00000
0.00000
0.00000
0.00000
0.00000
0.00000
0.00000
0.00000
0.00000
0.00000
0.00000
0.00000
0.00000
0.00000
0.00000
0.00000
0.00000
0.00000
0.00000
0.00000
0.00000
0.00000
0.00000
0.00000
0.00000
0.00000
1015.72909
868.15377
2938.25357
2841.66317
3092.50493
3189.29240
3148.00780
3048.29683
1704.36660
1652.97603
700.42433
701.91777
698.08107
697.74467
696.23693
695.56920
694.45967
688.85610
102.68310
72.18353
75.72553
2695.02777
2887.36483
2870.55803
2586.53660
2704.71890
2757.97540
2571.17540
1156.85430
705.42573
765.30350
2127.81850
1942.21343
2175.10143
1044.70667
750.57200
721.42293
365.86673
118.59423
143.77027
154.54967
153.43163
153.38773
325.29230
333.69430
292.05657
1039.76780
1184.78197
1298.54977
1290.76480
1238.36547
1229.99827
804.66150
347.40893
302.51863
344.78037
334.56787
1231.01980
1223.52433
1206.22250
1159.07080
338.51593
329.52513
131.78007
406.53377
427.23543
495.46660
137.53913
118.33593
118.20870
120.15957
118.55350
117.96627
117.84253
117.62320
117.78133
119.19290
119.52270
118.06870
118.36123
117.39247
117.39470
118.12220
117.60500
117.19856
117.21003
117.34887
117.33294
118.93636
119.54943
117.54789
117.45871
117.72140
117.64197
117.81817
117.94787
117.63583
117.48517
100.34913
40.66193
41.36160
42.36483
40.86353
40.78543
40.83673
40.91010
41.02417
40.99233
40.89820
40.86630
40.87300
40.80153
41.34067
42.76740
40.98433
40.92667
40.98933
40.99007
41.01487
40.96103
40.90060
40.79233
40.74670
40.77647
41.18517
42.93460
41.03513
41.07247
40.99647
40.81600
40.72123
40.73550
40.80360
40.82120
40.75660
40.55473
40.63293
42.67123
40.53327
40.56920
40.74980
40.73860
40.73307
40.68567
40.57587
40.73720
40.68973
40.60060
40.61543
42.82503
40.61007
40.60260
40.65417
40.61253
40.52483
40.62790
40.55297
40.63917
40.67617
40.75647
40.80540
42.83960
40.74747
40.48733
40.58420
40.58230
40.32010
40.33747
40.22167
40.06810
40.34787
40.36423
40.35940
42.33363
40.75683
40.33263
40.37653
40.42067
89.58583
188.41020
190.17270
193.93187
194.66070
195.98107
191.34083
194.77413
148.61317
126.47370
127.07457
126.58920
127.23523
126.83317
126.87987
122.13873
118.31670
118.61150
118.92920
120.23550
119.15253
118.21433
117.98373
117.93297
118.08920
118.64247
119.12587
118.66390
118.38827
118.57350
0.00000
0.00000
0.00000
0.00000
0.00000
0.00000
0.00000
0.00000
0.00000
0.00000
0.00000
0.00000
0.00000
149.28057
146.54847
144.54843
144.27237
156.11020
158.50437
156.06770
145.79653
140.25353
139.86080
139.55467
139.44483
140.71450
141.39610
140.11133
140.17117
140.22693
140.05013
139.70107
139.71697
140.21597
140.27933
140.15237
140.72750
181.42740
200.85460
194.90320
215.33970
215.17097
202.00777
187.82677
94.80313
79.82480
79.97840
80.00753
80.10443
77.14483
122.30893
147.88347
143.72653
141.56290
139.90377
138.07137
136.92580
127.92783
125.83637
124.77180
123.44373
120.41023
121.93790
120.60723
119.37053
119.48523
119.55343
119.34727
119.27420
119.25723
119.22160
118.99017
119.34633
120.70733
122.36573
120.12913
145.15573
156.24303
157.63080
139.51867
122.08683
169.47150
190.33073
183.83147
178.99007
179.63233
186.34730
180.42047
184.53547
195.52233
183.05600
184.21300
183.83717
182.44220
183.43107
183.03003
183.23653
182.73707
191.43253
183.30307
181.96027
151.32903
183.34340
192.66037
189.33163
189.89157
188.20917
863.39523
2232.82050
743.99930
1097.49353
768.04743
1847.23993
1857.71790
1643.67643
1839.76700
1810.69083
909.63207
120.58960
120.92813
120.97040
158.86580
189.01823
188.86383
179.85720
178.60867
196.78973
191.03843
195.14700
189.18963
195.97367
195.48070
195.72520
192.69700
128.99590
123.49240
121.05287
120.57900
119.93487
119.46917
119.52887
119.72923
119.24893
119.39163
119.25397
119.06773
120.66310
119.65293
118.39153
118.76953
117.95553
118.92197
118.47237
117.87983
117.39103
117.92743
118.09627
155.21083
217.24767
152.68347
442.36797
1051.99667
1105.17263
1156.23820
1151.03097
1148.51193
1143.35747
765.28787
263.51660
223.65933
264.10590
212.03670
1157.53120
1151.04997
1149.91953
1144.15003
425.51513
271.07127
108.86823
244.08753
387.54343
416.10957
145.41410
41.91800
40.66863
40.59893
40.50493
40.72073
40.86633
40.83240
40.79457
40.76867
40.77843
40.79507
41.71363
42.27230
40.78100
40.82217
40.76053
40.76370
40.73297
40.68157
40.65463
40.72810
40.71487
40.70823
41.60123
42.62487
40.78743
40.78500
40.80857
40.81770
40.84830
40.85110
40.90697
40.97783
41.04613
41.07340
41.56173
42.82423
40.86673
40.70693
40.75503
40.83377
40.81607
40.85957
40.76750
40.84313
40.88817
40.82960
41.13480
42.94317
40.98950
41.02117
41.00373
40.97707
40.92730
40.80407
40.79873
40.50347
40.64047
40.71417
40.76977
42.99460
40.78497
40.75557
40.70853
40.62043
40.59313
40.58447
40.60730
40.41480
40.46073
40.40607
40.54030
42.91810
40.64027
70.08507
183.16773
185.48143
186.28527
904.92113
186.88367
189.23623
184.64587
184.91303
188.14790
187.23413
182.98107
190.18283
190.01030
476.79570
854.12180
561.05863
473.94423
489.85367
338.42983
89.82740
38.21937
40.04023
38.74197
38.31020
38.32100
38.32447
38.21540
38.19123
38.29843
38.36100
38.25380
38.22520
38.05417
39.86280
38.77183
38.14123
38.13983
38.23013
38.43753
38.58533
38.58533
38.51843
38.50367
38.52393
38.40387
39.90013
39.31870
38.31110
38.56147
38.58287
38.71453
38.59187
38.45447
38.73943
38.45833
38.99523
38.51580
39.75290
39.32777
38.83253
38.30533
38.46820
38.28003
38.52633
39.01227
38.61413
38.35053
38.36650
38.26233
39.42870
39.40817
38.14667
38.21953
38.22733
38.14407
38.07490
38.09047
37.96727
37.94380
38.04680
38.05180
38.92403
39.25203
38.02977
38.13500
38.14973
38.25470
38.13507
38.13850
38.16843
38.19590
38.07764
0.00000
0.00000
0.00000
0.00000
0.00000
0.00000
0.00000
0.00000
0.00000
0.00000
0.00000
0.00000
0.00000
0.00000
0.00000
0.00000
