0.00000
2.00000
7.00000
7.00000
8.00000
11.00000
12.00000
14.00000
16.00000
18.00000
19.00000
21.00000
24.00000
26.00000
26.00000
30.00000
34.00000
41.00000
45.00000
45.00000
48.00000
49.00000
50.00000
58.00000
62.00000
63.00000
64.00000
66.00000
67.00000
70.00000
70.00000
74.00000
74.00000
77.00000
80.00000
80.00000
81.00000
81.00000
83.00000
84.00000
85.00000
85.00000
86.00000
92.00000
92.00000
93.00000
93.00000
94.00000
95.00000
96.00000
96.00000
101.00000
104.00000
106.00000
108.00000
110.00000
116.00000
116.00000
116.00000
117.00000
119.00000
124.00000
125.00000
125.00000
125.00000
127.00000
130.00000
132.00000
132.00000
134.00000
138.00000
138.00000
140.00000
148.00000
152.00000
152.00000
153.00000
153.00000
153.00000
159.00000
164.00000
166.00000
168.00000
170.00000
171.00000
172.00000
172.00000
176.00000
180.00000
181.00000
184.00000
185.00000
186.00000
186.00000
187.00000
189.00000
191.00000
191.00000
191.00000
199.00000
